IntronPotTab 1 1024 -13.61665 0.97655 18.39903 79903 6 16  339.44
    0.03116
   -0.04918
   -0.10479
    0.00433
   -0.01544
    0.02043
   -0.03664
    0.01911
   -0.04698
    0.00998
   -0.03849
    0.04435
   -0.03446
   -0.00492
   -0.07508
    0.04292
    0.00339
    0.00116
   -0.04976
    0.01912
   -0.02124
    0.05385
   -0.02069
    0.00690
   -0.01402
    0.01886
   -0.02117
    0.02169
    0.04872
   -0.05216
   -0.04408
    0.01645
    0.01695
   -0.01412
   -0.03714
    0.00348
   -0.03803
    0.03626
   -0.00570
    0.01225
   -0.06330
    0.05425
    0.03831
    0.01823
   -0.00661
   -0.02641
   -0.05301
    0.03449
    0.00176
   -0.01927
   -0.00439
    0.00786
   -0.01567
   -0.01459
    0.02284
    0.00966
   -0.01296
    0.01320
   -0.06339
    0.03860
   -0.01702
   -0.02860
   -0.05953
    0.03426
    0.04925
   -0.05982
   -0.07714
   -0.00908
    0.01466
   -0.00074
   -0.03523
    0.00145
   -0.03458
   -0.02629
   -0.06048
    0.06330
    0.02833
   -0.07717
   -0.04301
    0.03067
    0.04033
    0.00433
   -0.07042
   -0.02363
   -0.01876
    0.06487
   -0.04622
   -0.00466
    0.01928
   -0.00683
   -0.02547
   -0.00098
    0.08004
   -0.04393
   -0.05786
    0.00028
    0.05537
   -0.04013
   -0.03274
   -0.03314
    0.00805
   -0.01841
    0.03018
   -0.02097
   -0.04435
    0.01511
    0.02465
    0.02733
    0.03701
   -0.03491
   -0.02869
    0.01970
    0.03009
   -0.00717
    0.00994
   -0.03146
    0.00944
   -0.02001
   -0.02778
    0.02108
    0.02067
   -0.04346
   -0.09563
    0.04962
    0.02379
   -0.07505
   -0.05559
    0.04287
    0.06247
   -0.05861
   -0.11696
   -0.01402
   -0.01794
    0.05830
   -0.06535
    0.02826
    0.00097
   -0.00578
   -0.02817
    0.02204
    0.02769
   -0.03335
   -0.10476
    0.05102
    0.01642
   -0.00487
   -0.03561
    0.00801
   -0.05555
    0.03249
   -0.05336
    0.08239
   -0.02414
    0.08061
   -0.03267
   -0.00846
    0.06373
   -0.03377
   -0.06238
    0.02686
    0.03515
   -0.03704
   -0.04938
   -0.00384
   -0.01435
    0.01330
   -0.04024
    0.03369
   -0.04387
   -0.00904
    0.04599
    0.02234
   -0.02647
    0.01714
   -0.03822
    0.03619
    0.01315
   -0.00209
    0.00692
   -0.01950
   -0.00591
   -0.00744
   -0.02729
    0.02775
   -0.02364
    0.00693
   -0.02170
    0.03813
    0.01505
   -0.07117
   -0.07354
    0.04700
    0.01443
   -0.01994
   -0.03910
    0.00314
    0.00589
   -0.00288
   -0.02821
    0.00857
   -0.01167
   -0.02158
    0.01680
    0.01337
    0.03424
   -0.04815
   -0.05129
    0.01712
    0.01780
   -0.01101
   -0.01836
   -0.00739
   -0.03046
    0.06442
   -0.02400
    0.01507
    0.03504
   -0.01652
   -0.00358
   -0.04978
    0.07975
   -0.02510
   -0.03333
   -0.01981
    0.02147
   -0.00674
   -0.01096
   -0.02141
   -0.00890
    0.01322
    0.04595
   -0.02508
   -0.05393
    0.03673
    0.04162
    0.01430
    0.01738
   -0.03496
   -0.02846
    0.01816
    0.03432
   -0.03188
    0.01423
   -0.02790
    0.00866
   -0.00971
    0.00029
   -0.00356
    0.01519
    0.01036
   -0.03740
   -0.00216
   -0.00278
   -0.03872
   -0.04850
    0.02828
    0.04452
   -0.05400
   -0.11691
   -0.01798
   -0.00550
    0.02252
   -0.05411
    0.01756
   -0.00848
    0.01679
   -0.05353
    0.02277
    0.00231
   -0.08830
   -0.11760
    0.05884
   -0.00515
    0.04360
   -0.04480
    0.00000
   -0.02394
    0.06929
   -0.04111
    0.01738
   -0.01569
    0.05561
   -0.00956
   -0.00952
    0.04932
   -0.02519
   -0.04217
    0.00868
    0.03263
   -0.01671
   -0.03841
   -0.02910
   -0.01888
    0.03000
    0.02261
   -0.00956
   -0.06301
    0.09954
    0.04371
   -0.04167
    0.05334
   -0.05028
   -0.06450
    0.01500
    0.03038
   -0.04634
    0.01627
   -0.01786
    0.00814
   -0.01920
   -0.04201
    0.02572
    0.00999
   -0.00095
   -0.04311
    0.01526
    0.01376
   -0.08101
   -0.09665
    0.04998
    0.06582
   -0.09551
   -0.08051
   -0.02964
   -0.00472
   -0.00300
   -0.01429
    0.01745
    0.02681
   -0.04109
   -0.02618
    0.00910
    0.04406
   -0.07574
   -0.00862
    0.02007
    0.04119
    0.01036
   -0.05093
   -0.03537
   -0.02333
    0.02104
   -0.00920
    0.00907
   -0.02446
    0.05677
   -0.01338
   -0.01814
    0.07821
   -0.02028
   -0.03513
   -0.02014
    0.04713
   -0.05196
   -0.06906
    0.00137
   -0.00194
   -0.00075
    0.01470
   -0.00725
    0.00247
    0.04347
   -0.03236
   -0.03824
    0.05297
   -0.06803
   -0.01280
    0.00776
    0.04216
   -0.04542
    0.03941
   -0.04193
    0.03640
   -0.04471
   -0.03126
    0.01961
    0.02834
    0.00826
   -0.07155
    0.00511
    0.04429
   -0.07258
   -0.05231
    0.05015
    0.07796
   -0.10474
   -0.16414
   -0.03163
    0.04190
    0.04093
   -0.08918
   -0.01407
    0.02652
   -0.04816
   -0.02422
    0.00983
    0.01820
   -0.11749
   -0.14756
    0.08249
    0.01696
    0.01923
   -0.04097
   -0.00656
   -0.00612
    0.05043
   -0.06036
    0.02692
   -0.02154
    0.06520
   -0.03046
   -0.02344
    0.06788
   -0.02216
   -0.03182
   -0.00339
    0.07723
   -0.06083
   -0.08293
   -0.07871
    0.06107
    0.01570
   -0.07642
   -0.06875
   -0.00321
   -0.01656
    0.03124
   -0.01013
    0.01548
   -0.00866
   -0.06563
    0.03543
    0.04666
   -0.06277
    0.02828
   -0.04138
    0.02473
   -0.01292
   -0.04104
    0.00842
   -0.00829
    0.00388
   -0.02282
    0.02579
    0.04150
   -0.06551
   -0.07627
    0.04329
    0.03092
   -0.04897
   -0.00285
   -0.02644
    0.02730
   -0.00722
   -0.03729
   -0.01749
   -0.00174
   -0.03589
    0.04005
   -0.00520
    0.02892
   -0.04311
   -0.03402
    0.01442
    0.03285
   -0.04002
    0.00303
   -0.02447
   -0.03367
    0.06836
   -0.02420
    0.01889
   -0.00206
    0.01189
    0.00969
   -0.01204
    0.06309
   -0.00581
   -0.03339
   -0.01578
    0.02565
   -0.02320
   -0.00944
   -0.03812
   -0.02828
    0.02905
    0.03619
   -0.00988
   -0.03812
    0.03775
    0.03637
    0.01124
    0.06431
   -0.04052
   -0.03536
   -0.01522
    0.05465
   -0.11117
    0.08738
   -0.03628
    0.00393
   -0.01384
   -0.04669
    0.02170
    0.02621
   -0.00618
   -0.03672
   -0.00574
    0.04464
   -0.05452
   -0.05926
    0.02552
    0.03923
   -0.07062
   -0.11590
   -0.00435
   -0.00487
    0.02406
   -0.04663
    0.01521
   -0.03260
    0.00377
   -0.02138
    0.05435
   -0.01463
   -0.11744
   -0.10364
    0.07794
    0.00935
    0.02695
   -0.04769
   -0.00554
   -0.03636
    0.04707
   -0.00328
    0.01467
   -0.04520
    0.07684
   -0.03708
    0.02881
    0.06190
   -0.06495
   -0.04719
    0.01665
    0.01417
    0.00565
   -0.02334
   -0.01061
   -0.03697
    0.01982
    0.04477
    0.01253
   -0.05930
    0.07500
    0.04848
   -0.00480
    0.01418
   -0.06287
   -0.01762
    0.02223
    0.02113
   -0.04702
   -0.00828
    0.00067
    0.01088
   -0.05373
   -0.05872
    0.04946
   -0.01989
    0.00787
   -0.03357
    0.04674
   -0.00446
   -0.13948
   -0.12715
    0.07188
    0.05078
   -0.07406
   -0.08645
   -0.00667
   -0.00627
   -0.00338
    0.00857
    0.00581
   -0.00453
   -0.02761
    0.03363
    0.00462
    0.02796
   -0.09123
    0.01310
    0.02040
    0.03622
   -0.01849
   -0.03076
   -0.02858
    0.00360
    0.03349
   -0.03140
   -0.01056
    0.01281
   -0.02842
    0.05013
   -0.07007
    0.07924
   -0.06083
   -0.03019
   -0.03816
    0.06293
   -0.03341
   -0.05482
   -0.04183
   -0.01590
   -0.01559
    0.02204
    0.01181
   -0.02477
    0.00660
    0.04629
   -0.01763
    0.02981
   -0.01473
   -0.00274
   -0.00762
    0.05920
   -0.04162
   -0.00565
   -0.04392
    0.02271
   -0.02646
   -0.03417
    0.01447
    0.04932
   -0.00744
   -0.09065
   -0.00024
    0.10597
   -0.09871
   -0.04831
    0.02922
    0.06282
   -0.09454
   -0.11745
   -0.01391
   -0.01305
    0.03026
   -0.03450
    0.02174
   -0.01025
   -0.01133
   -0.03385
    0.05435
    0.00943
   -0.09393
   -0.08877
    0.07574
    0.04794
   -0.02107
   -0.05202
   -0.05235
   -0.03172
   -0.01319
   -0.00914
    0.05353
   -0.04653
    0.09049
   -0.02142
   -0.00493
    0.05136
   -0.05610
   -0.04423
    0.03870
    0.02411
    0.02058
   -0.04357
   -0.02560
   -0.03435
    0.02420
    0.02941
   -0.00285
   -0.04506
    0.01431
   -0.00211
    0.04408
   -0.00738
    0.01629
   -0.04998
    0.02714
   -0.02841
    0.01829
    0.03465
   -0.01067
   -0.01342
   -0.01039
   -0.01476
    0.02872
   -0.04813
    0.02328
   -0.03030
    0.06436
    0.01584
   -0.05985
   -0.07594
    0.04285
    0.04051
   -0.01407
   -0.14245
    0.01336
   -0.02982
    0.02863
   -0.05288
    0.03317
   -0.03515
   -0.01264
    0.01898
    0.02884
    0.03046
   -0.06366
   -0.05247
    0.02923
    0.02815
   -0.01975
   -0.01494
   -0.01774
   -0.04247
    0.07445
   -0.00892
    0.00236
   -0.01356
    0.01068
    0.01730
   -0.00388
    0.05653
   -0.00048
   -0.03008
   -0.01934
    0.04162
   -0.01468
   -0.05379
   -0.01835
   -0.02012
    0.03320
    0.05947
   -0.03270
   -0.06116
    0.03122
    0.04497
    0.01777
    0.01455
   -0.01640
    0.00691
   -0.00462
    0.03579
   -0.02721
   -0.00888
   -0.01793
    0.00789
   -0.02154
   -0.01246
    0.01157
    0.01574
    0.00437
   -0.05834
    0.01704
    0.00887
   -0.05191
   -0.03473
    0.02792
    0.03194
   -0.05553
   -0.05963
   -0.01383
   -0.01204
    0.01273
   -0.02165
    0.01333
   -0.00251
    0.03758
   -0.03499
   -0.00901
   -0.00384
   -0.03691
   -0.06619
    0.03304
    0.01649
   -0.01196
   -0.00938
   -0.00959
   -0.03658
    0.05345
    0.01193
   -0.00017
   -0.01351
    0.03493
   -0.00337
   -0.00383
    0.02784
   -0.04036
    0.00993
   -0.00265
    0.01838
   -0.01741
   -0.03495
   -0.00037
   -0.02491
    0.02028
    0.01963
    0.00341
   -0.05360
    0.08323
   -0.00848
   -0.03764
   -0.00697
   -0.01610
   -0.03512
    0.02384
    0.01014
   -0.03388
    0.00059
    0.00365
   -0.00278
   -0.03901
   -0.01112
    0.03295
    0.00769
   -0.00302
   -0.05445
    0.02480
    0.01644
   -0.05147
   -0.04992
    0.02743
    0.05093
   -0.06962
   -0.08254
   -0.01819
    0.00081
   -0.00717
   -0.00938
    0.00805
   -0.00424
   -0.00598
   -0.04227
    0.03197
    0.04027
   -0.08920
   -0.01457
    0.02821
    0.06211
   -0.01369
   -0.08634
   -0.02521
   -0.03271
    0.03928
    0.01345
    0.00167
   -0.01005
    0.00841
    0.03714
   -0.03061
    0.09974
   -0.03188
   -0.04236
   -0.01430
    0.03732
   -0.05837
   -0.06774
    0.01310
   -0.00501
   -0.01433
    0.02732
   -0.00005
   -0.04845
    0.06297
   -0.02702
    0.00399
    0.02405
   -0.05685
   -0.00536
    0.02463
    0.04204
   -0.05648
    0.01541
   -0.02209
    0.01577
   -0.06205
   -0.01518
    0.03203
    0.03362
   -0.01118
   -0.05622
   -0.00121
    0.06973
   -0.07029
   -0.02763
    0.03526
    0.05296
   -0.07368
   -0.11440
   -0.01869
   -0.01203
    0.04040
   -0.03000
    0.01280
    0.01177
   -0.00927
   -0.00616
   -0.00584
    0.01814
   -0.05162
   -0.08770
    0.05657
    0.02802
   -0.00051
   -0.07375
    0.00524
   -0.06295
   -0.01351
    0.06890
    0.00153
   -0.03439
    0.05852
   -0.01540
    0.00496
    0.08812
   -0.04569
   -0.04559
    0.02056
    0.04678
   -0.04210
   -0.04665
   -0.04121
   -0.02113
    0.07775
    0.00569
   -0.03077
   -0.04087
    0.03524
    0.02512
    0.00675
   -0.00011
   -0.00648
   -0.03600
    0.02994
    0.00170
   -0.07625
    0.06247
   -0.01532
   -0.00461
   -0.02016
    0.02135
    0.00149
   -0.00808
    0.00630
   -0.06509
    0.04252
    0.02065
   -0.05548
   -0.06172
    0.04303
    0.02613
   -0.02907
   -0.02114
   -0.02852
   -0.02180
    0.00340
    0.01224
    0.01669
   -0.01896
    0.01468
    0.03274
   -0.00819
    0.01867
   -0.02936
   -0.02282
    0.01008
    0.04328
   -0.00179
   -0.07566
   -0.01867
   -0.03541
    0.03741
    0.03518
   -0.00306
    0.01032
    0.00778
    0.01281
   -0.03546
    0.06698
   -0.03004
   -0.00891
   -0.01953
    0.03491
   -0.02242
   -0.02347
   -0.04393
   -0.03633
    0.08184
    0.00269
   -0.04410
   -0.02502
    0.02842
    0.01860
   -0.00055
    0.02653
   -0.01387
   -0.01824
   -0.00011
    0.03775
   -0.03644
    0.00739
   -0.03900
   -0.00933
   -0.00075
    0.02333
   -0.00055
    0.01562
    0.01161
   -0.01857
   -0.01741
   -0.00026
   -0.02293
   -0.01834
    0.01688
