IntronPotTab 1 1024 -69.19485 3.75907 51.13829 51780 6 16  470.71
    0.03993
   -0.03789
   -0.06381
    0.01055
    0.03024
   -0.08214
   -0.06787
    0.03541
   -0.02740
    0.01575
   -0.06271
    0.07089
   -0.05710
   -0.05941
    0.04402
    0.05906
   -0.04228
   -0.04216
    0.00826
    0.07030
    0.00214
   -0.02740
   -0.19563
    0.10572
    0.00353
    0.02154
   -0.07560
    0.05464
   -0.03347
   -0.15226
    0.14375
    0.02666
    0.01562
   -0.01990
   -0.03241
    0.01355
    0.01009
   -0.02691
   -0.09462
    0.03322
   -0.03312
    0.02560
    0.00736
    0.01576
    0.01578
   -0.07628
   -0.05735
    0.06643
   -0.04497
   -0.00353
   -0.00201
    0.04466
    0.00209
   -0.01838
   -0.09064
    0.03674
   -0.02723
   -0.01598
   -0.06160
    0.08730
   -0.05392
   -0.06055
    0.04015
    0.04431
    0.00643
   -0.04514
   -0.08791
    0.11258
    0.03162
   -0.06090
   -0.11922
    0.06400
   -0.04980
    0.00168
   -0.09565
    0.11966
   -0.02972
   -0.09988
    0.00602
    0.09638
   -0.03432
   -0.03918
    0.02542
    0.04797
    0.03192
   -0.02066
   -0.15190
    0.05234
   -0.09997
    0.08769
   -0.00801
    0.04478
   -0.07277
   -0.09451
    0.09955
    0.05138
    0.01651
   -0.01695
   -0.05931
    0.06443
   -0.00021
   -0.01705
   -0.02562
    0.04108
    0.02488
    0.00581
    0.00808
   -0.03464
    0.02034
   -0.07027
   -0.01822
    0.07316
    0.00922
   -0.03460
   -0.00761
    0.02065
    0.01334
   -0.06689
   -0.08416
    0.08023
    0.02831
   -0.02807
   -0.10825
    0.07236
   -0.00852
   -0.03986
   -0.02045
    0.04987
    0.02542
   -0.02283
   -0.09214
    0.07273
    0.02108
   -0.05494
   -0.08110
    0.06068
   -0.03477
    0.00183
   -0.03378
    0.08312
   -0.03064
   -0.08058
    0.01559
    0.06499
   -0.03339
   -0.05280
    0.04437
    0.03658
    0.03624
   -0.02298
   -0.10083
    0.03083
   -0.00248
    0.00501
   -0.01214
    0.01037
    0.01669
   -0.11820
    0.08944
    0.00319
    0.02439
   -0.01961
   -0.06676
    0.05909
    0.02045
   -0.01268
   -0.05515
    0.02243
    0.03347
   -0.00613
   -0.04337
    0.00960
   -0.06236
   -0.03070
   -0.03702
    0.10410
   -0.00079
   -0.02410
   -0.02747
    0.04299
    0.03952
   -0.03764
   -0.09979
    0.03234
   -0.00843
   -0.01409
   -0.05427
    0.06851
    0.02625
   -0.05830
   -0.00405
    0.02147
   -0.07082
    0.02898
   -0.01290
    0.07529
    0.01750
   -0.10491
   -0.12258
    0.08170
   -0.05075
    0.04430
   -0.06510
    0.06638
   -0.01292
   -0.04583
   -0.02050
    0.05360
   -0.09322
   -0.01344
    0.06964
    0.05685
    0.00280
   -0.02470
   -0.11923
    0.05575
    0.03934
    0.08711
   -0.21464
    0.12896
   -0.04734
   -0.09422
    0.15643
   -0.00953
    0.00928
   -0.04210
   -0.06294
    0.05120
   -0.03718
   -0.01120
   -0.06250
    0.06533
   -0.03049
    0.01946
   -0.00084
    0.01892
    0.00003
   -0.09108
   -0.02971
    0.07230
   -0.03417
    0.00672
   -0.03994
    0.04975
    0.00918
   -0.05250
   -0.07424
    0.04737
   -0.04979
    0.00653
   -0.06476
    0.08773
   -0.04777
    0.00164
    0.01478
    0.01765
    0.00469
   -0.04346
   -0.08522
    0.08333
   -0.01937
   -0.03649
   -0.12593
    0.09357
   -0.07903
    0.02037
   -0.02760
    0.09367
   -0.00167
   -0.08612
   -0.01832
    0.07212
   -0.04129
   -0.02435
    0.02242
    0.04361
    0.00268
    0.02204
   -0.11815
    0.05320
   -0.03138
    0.05789
   -0.03497
    0.01212
   -0.03791
   -0.08693
    0.11507
   -0.00490
    0.01310
   -0.04799
   -0.05988
    0.06312
    0.00818
   -0.00873
   -0.11543
    0.05257
   -0.01514
    0.05774
   -0.04091
    0.00512
    0.03055
   -0.07242
   -0.05902
    0.06287
   -0.00839
   -0.02489
   -0.03808
    0.04010
   -0.02284
    0.00579
   -0.16613
    0.09946
   -0.03793
    0.00703
   -0.06762
    0.08098
   -0.03199
   -0.04735
   -0.02275
    0.05606
   -0.00845
   -0.00794
   -0.07535
    0.09717
    0.02142
   -0.01887
   -0.11820
    0.06441
   -0.06891
    0.00453
   -0.07342
    0.13450
   -0.04431
   -0.09203
    0.00470
    0.11253
   -0.03569
   -0.02421
   -0.02446
    0.07784
   -0.02789
    0.08333
   -0.15114
    0.01965
   -0.14369
    0.06762
   -0.02256
    0.09671
   -0.07457
   -0.02517
    0.00650
    0.06619
    0.03004
   -0.00744
    0.00962
   -0.02475
   -0.02299
   -0.01649
   -0.00927
    0.05887
   -0.06983
    0.05024
   -0.01267
    0.00871
    0.01291
   -0.05826
    0.00633
    0.04946
   -0.00118
    0.03678
   -0.04822
    0.02190
    0.01813
   -0.00330
   -0.11767
    0.05565
   -0.03165
   -0.01092
   -0.09048
    0.11604
    0.01913
   -0.05789
   -0.05093
    0.07610
    0.01817
   -0.03060
   -0.09298
    0.11075
    0.01018
   -0.03691
   -0.04207
    0.09385
   -0.03899
   -0.02008
   -0.01634
    0.09640
   -0.06662
   -0.00271
   -0.08033
    0.14887
   -0.06418
   -0.05128
    0.02620
    0.09375
   -0.00188
   -0.01696
   -0.04193
    0.07693
   -0.02601
    0.02143
   -0.02789
    0.02836
   -0.01666
   -0.05990
    0.04412
    0.02009
    0.00690
   -0.03499
   -0.02401
    0.05138
   -0.04173
   -0.01266
   -0.00322
    0.06979
   -0.03552
    0.01000
    0.02085
    0.00401
    0.00504
   -0.06351
    0.00756
    0.03748
   -0.00242
   -0.03209
   -0.04067
    0.07450
   -0.01173
   -0.02353
   -0.04806
    0.09431
   -0.01937
    0.00872
   -0.05249
    0.06304
   -0.00245
   -0.06155
   -0.05516
    0.09627
    0.00587
    0.00944
   -0.13441
    0.06995
   -0.00193
   -0.04138
   -0.18845
    0.08809
   -0.08655
    0.03428
   -0.05873
    0.10864
   -0.00299
   -0.14919
   -0.01265
    0.11653
   -0.06544
    0.00648
   -0.01423
    0.06992
   -0.02088
    0.04332
   -0.07300
    0.02089
   -0.06823
    0.07176
   -0.09225
    0.08501
   -0.09566
   -0.03458
    0.08880
    0.03160
    0.07299
   -0.05769
   -0.15259
    0.06079
    0.01484
   -0.07229
   -0.12361
    0.07670
   -0.01896
   -0.01005
   -0.03714
    0.05313
    0.03465
   -0.12606
   -0.02039
    0.06711
   -0.01806
    0.02108
   -0.10804
    0.08052
    0.01338
   -0.01910
   -0.12467
    0.04426
   -0.06694
   -0.00876
   -0.05398
    0.10444
   -0.00955
   -0.05124
   -0.03968
    0.06161
   -0.00207
   -0.00731
   -0.09936
    0.07771
    0.03180
   -0.05602
   -0.15825
    0.05962
   -0.07519
    0.00527
   -0.02693
    0.12066
   -0.02200
   -0.07507
    0.02373
    0.04824
   -0.02874
   -0.05695
   -0.00947
    0.07572
    0.01331
   -0.03651
   -0.14441
    0.09057
    0.01154
   -0.03070
   -0.02018
    0.04143
   -0.02025
   -0.11192
    0.11900
    0.00204
    0.01248
   -0.01955
   -0.03560
    0.03100
   -0.00093
   -0.04511
   -0.06168
    0.05584
   -0.02478
   -0.03048
    0.04181
    0.02365
    0.01564
   -0.05468
   -0.00733
    0.02134
   -0.04898
    0.05972
   -0.10697
    0.08871
   -0.01862
   -0.02414
   -0.07139
    0.06981
   -0.07715
    0.02485
   -0.04452
    0.11352
   -0.03943
   -0.04795
    0.00774
    0.04611
    0.00652
   -0.01627
   -0.11731
    0.12540
    0.07987
   -0.11488
   -0.08384
    0.07753
   -0.04458
   -0.00567
   -0.09192
    0.13849
   -0.02499
   -0.10200
    0.01260
    0.09350
   -0.03378
   -0.03703
   -0.01825
    0.07386
    0.00036
   -0.00526
   -0.11268
    0.07374
   -0.16602
    0.05648
    0.02695
    0.08352
   -0.00628
   -0.12198
    0.09223
    0.03877
    0.01120
   -0.02184
   -0.06611
    0.09204
   -0.00876
   -0.03976
   -0.01383
    0.07708
   -0.00729
   -0.00660
   -0.02780
    0.04615
   -0.01751
   -0.12019
    0.04804
    0.10782
   -0.02250
   -0.02988
   -0.02762
    0.07344
   -0.01308
   -0.00267
   -0.11566
    0.08874
   -0.01691
   -0.01893
   -0.08795
    0.12414
    0.02270
   -0.07562
   -0.02539
    0.07471
    0.02365
   -0.02809
   -0.08088
    0.07823
    0.03806
   -0.03915
   -0.11167
    0.07742
   -0.04768
    0.01830
   -0.00197
    0.04231
   -0.00273
   -0.09059
   -0.01744
    0.09237
   -0.03978
   -0.03085
   -0.01266
    0.07553
    0.02438
   -0.03603
   -0.10768
    0.08379
   -0.00426
   -0.00824
   -0.01839
    0.04278
   -0.02487
   -0.11869
    0.09695
    0.02165
    0.00500
   -0.06332
   -0.02313
    0.06594
    0.02130
   -0.03483
   -0.08285
    0.07388
   -0.02863
   -0.05214
    0.07450
   -0.01098
   -0.04490
   -0.08540
    0.00549
    0.07630
   -0.03890
   -0.02788
    0.02692
    0.03186
    0.04433
   -0.01456
   -0.10977
    0.04645
   -0.02835
   -0.06515
    0.01057
    0.08438
    0.00459
   -0.03579
   -0.00504
    0.02305
   -0.02110
    0.03710
   -0.11389
    0.06660
    0.04092
   -0.08721
   -0.18199
    0.08921
   -0.08132
    0.00401
   -0.01993
    0.08534
   -0.00979
   -0.02201
   -0.05537
    0.06512
   -0.02622
   -0.01666
   -0.00563
    0.03728
    0.02101
   -0.04069
   -0.12225
    0.05854
   -0.04801
    0.07764
   -0.11934
    0.09685
   -0.06900
   -0.07570
    0.10013
    0.03243
    0.01667
   -0.02442
   -0.09268
    0.06023
   -0.04138
   -0.00515
   -0.08446
    0.07678
   -0.03552
    0.00663
   -0.00457
    0.03239
   -0.00499
   -0.09983
   -0.00256
    0.06771
   -0.00118
    0.02844
   -0.07905
    0.04308
    0.05427
   -0.05996
   -0.15608
    0.05343
   -0.04792
    0.01593
   -0.04478
    0.06460
   -0.01719
    0.00299
   -0.04364
    0.04370
   -0.02330
   -0.00010
   -0.04181
    0.04827
    0.01306
   -0.07986
   -0.14322
    0.06730
   -0.00701
   -0.00486
   -0.03655
    0.03448
   -0.01440
   -0.07149
    0.03111
    0.02866
   -0.06353
   -0.06836
    0.04188
    0.07657
   -0.00115
   -0.05929
   -0.14136
    0.08571
   -0.01915
   -0.02554
   -0.03826
    0.06416
   -0.02644
   -0.13938
    0.15498
    0.00722
    0.00889
   -0.05618
   -0.07530
    0.07348
   -0.01842
   -0.06750
   -0.08485
    0.07816
   -0.00553
    0.03646
   -0.03079
    0.00181
    0.01537
   -0.08474
   -0.03597
    0.04911
   -0.04341
    0.00909
   -0.04145
    0.03831
    0.01164
   -0.00473
   -0.16342
    0.03527
   -0.06263
    0.01446
   -0.07381
    0.09297
   -0.01429
   -0.02372
    0.05320
   -0.00753
    0.01350
   -0.02419
   -0.12566
    0.11698
    0.03874
   -0.08452
   -0.11638
    0.07670
   -0.04006
   -0.03786
   -0.14574
    0.17327
   -0.03558
   -0.14700
    0.03666
    0.13171
   -0.05870
   -0.05067
    0.00767
    0.08182
   -0.02460
    0.00465
   -0.20265
    0.10152
   -0.08203
    0.05626
   -0.11072
    0.12257
   -0.04010
   -0.08424
    0.08237
    0.03762
   -0.00047
   -0.07937
   -0.07779
    0.12870
   -0.00162
   -0.03682
   -0.04124
    0.07135
    0.05486
   -0.05931
   -0.03176
    0.04333
   -0.01815
   -0.08153
   -0.00760
    0.11289
   -0.00190
   -0.03296
   -0.04684
    0.06095
    0.02395
   -0.07125
   -0.12310
    0.07660
    0.01137
   -0.03079
   -0.13654
    0.11038
    0.06668
   -0.09548
   -0.05585
    0.08416
    0.00522
    0.03265
   -0.13223
    0.08492
    0.00393
   -0.02462
   -0.17322
    0.10037
   -0.00572
   -0.03954
   -0.02553
    0.06476
    0.00970
   -0.08907
   -0.05222
    0.10344
   -0.03605
   -0.07685
    0.02530
    0.06140
    0.03673
   -0.03282
   -0.21283
    0.10429
    0.02734
   -0.02264
   -0.03822
    0.03489
   -0.01947
   -0.13618
    0.08332
    0.04133
   -0.00821
   -0.02024
   -0.07195
    0.08753
    0.03566
   -0.05125
   -0.12331
    0.07019
   -0.01614
   -0.03422
   -0.00110
    0.04836
   -0.02131
   -0.06034
   -0.04242
    0.08844
   -0.01569
   -0.00449
   -0.04981
    0.05230
    0.00496
   -0.01409
   -0.14987
    0.07129
   -0.01346
    0.01986
   -0.07291
    0.04968
    0.02088
   -0.02122
   -0.07246
    0.05213
   -0.05746
    0.05227
   -0.05392
    0.05994
    0.00265
   -0.09667
   -0.16872
    0.09803
   -0.07161
   -0.00815
   -0.04376
    0.09716
   -0.03123
   -0.09564
    0.03762
    0.04623
   -0.08252
   -0.04188
    0.09568
    0.03361
   -0.05389
   -0.00223
   -0.11516
    0.08041
   -0.03684
    0.02600
   -0.12216
    0.10636
   -0.07468
   -0.08235
    0.13610
    0.01237
    0.02749
    0.00543
   -0.07879
    0.02291
   -0.03002
   -0.03444
   -0.13413
    0.08283
   -0.05340
    0.00655
   -0.01320
    0.05391
   -0.02831
   -0.08479
   -0.00353
    0.06076
   -0.03679
    0.03426
    0.00766
    0.00453
   -0.00386
   -0.02071
   -0.13240
    0.04593
   -0.04879
    0.00066
   -0.08079
    0.10198
   -0.07207
   -0.02239
   -0.01342
    0.05804
