IntronPotTab 1 1024 -122.51505 9.87040 145.75826 315422 6 16 9172.38
    0.00905
   -0.02402
   -0.00907
    0.00265
   -0.01481
    0.01393
    0.02001
    0.00714
   -0.02706
   -0.00303
    0.00665
    0.03324
   -0.01141
   -0.01549
    0.00929
    0.01322
   -0.02532
   -0.01204
    0.01534
    0.02294
   -0.03010
    0.00938
    0.02554
    0.02036
   -0.02330
   -0.00851
   -0.00438
    0.02425
   -0.03961
    0.01400
    0.00143
    0.01676
   -0.01989
   -0.00487
    0.01734
    0.01972
   -0.01372
    0.00041
    0.07011
    0.00544
   -0.01686
    0.00044
    0.01325
    0.01291
   -0.00870
   -0.02524
    0.02568
   -0.00252
   -0.01965
    0.00629
    0.02799
    0.00386
   -0.02604
    0.01470
    0.03998
    0.01040
   -0.00925
   -0.00746
    0.00233
    0.01241
   -0.01833
   -0.01743
    0.01285
    0.01529
   -0.00631
   -0.00395
    0.02157
   -0.00400
   -0.02010
    0.02278
    0.03462
    0.00910
   -0.03053
   -0.01878
    0.03135
    0.02180
   -0.02270
   -0.01228
    0.00993
    0.01662
   -0.05324
    0.01286
    0.02135
    0.01573
   -0.01893
    0.00546
    0.05314
    0.00689
   -0.03640
    0.00138
   -0.01393
    0.03165
   -0.05156
    0.01670
    0.00910
    0.00637
   -0.03177
   -0.02751
    0.02291
    0.02185
   -0.05176
    0.03524
    0.02114
   -0.01508
   -0.01540
   -0.03035
    0.03505
   -0.00457
   -0.02409
   -0.01621
    0.01559
    0.00891
   -0.00792
    0.00141
    0.02289
   -0.00738
   -0.02675
    0.01827
    0.03146
    0.00401
   -0.02478
    0.01163
   -0.00791
    0.01956
   -0.01610
   -0.02157
    0.01888
    0.00984
   -0.02083
    0.00083
    0.01325
    0.02157
   -0.02558
    0.01765
    0.06303
    0.00554
   -0.01815
    0.00200
    0.01019
    0.01818
   -0.02560
   -0.00603
    0.01434
    0.01191
   -0.03473
    0.00590
    0.02103
    0.01190
   -0.02153
   -0.00844
    0.02654
    0.02063
    0.00264
   -0.01581
   -0.00739
    0.01704
   -0.02148
   -0.00816
    0.01750
    0.00275
   -0.02394
   -0.00863
    0.02134
    0.01317
   -0.02186
   -0.00977
    0.05072
    0.01594
   -0.01698
    0.00283
    0.00814
    0.01453
   -0.03262
   -0.01035
    0.02013
    0.00847
   -0.03025
   -0.00752
    0.04190
   -0.00572
   -0.02223
    0.00293
    0.04015
    0.01448
   -0.01605
    0.01769
    0.00390
    0.00159
   -0.01666
   -0.01359
    0.02005
    0.00648
   -0.02088
    0.00297
    0.01775
    0.01828
   -0.01714
    0.00975
    0.01878
    0.01616
   -0.02233
   -0.00572
    0.01409
    0.01975
   -0.01339
   -0.01712
    0.00981
    0.01450
   -0.05058
    0.01232
    0.02651
    0.01277
   -0.02405
    0.00528
    0.06715
    0.01071
   -0.03438
    0.00895
   -0.00018
    0.01785
   -0.04361
    0.00385
    0.01140
    0.01510
   -0.01644
   -0.01352
    0.01774
    0.01311
   -0.02736
    0.02289
    0.04554
    0.00370
   -0.02147
   -0.00381
    0.01497
    0.01330
   -0.01611
   -0.01427
    0.00646
    0.01466
   -0.02284
    0.01812
    0.01861
   -0.00027
   -0.01945
   -0.00749
    0.02646
    0.01862
   -0.01271
    0.00101
    0.00660
    0.00614
   -0.01497
   -0.02037
    0.00641
    0.01464
   -0.01171
   -0.00673
    0.02157
    0.00127
   -0.01476
    0.02507
    0.00037
    0.00040
   -0.02640
    0.01005
    0.00164
    0.02326
   -0.01748
    0.00000
   -0.00265
    0.01775
   -0.03714
    0.00249
    0.02083
    0.00701
   -0.01690
    0.00426
    0.03634
    0.00868
   -0.02754
    0.02773
   -0.01108
   -0.00288
   -0.04441
   -0.01045
    0.01694
    0.01085
   -0.02912
   -0.00515
    0.02255
    0.01455
   -0.03393
    0.02062
    0.02207
    0.00872
   -0.02524
    0.02246
    0.00194
    0.00440
   -0.02338
   -0.01241
    0.01543
    0.00566
   -0.02261
   -0.00309
    0.03364
   -0.00034
   -0.03159
    0.01181
    0.01622
    0.01661
   -0.01991
    0.00578
    0.00098
    0.01239
   -0.02738
   -0.01822
    0.02211
    0.01181
   -0.00562
   -0.00032
    0.03012
   -0.03276
   -0.03376
    0.02831
    0.02596
   -0.00299
   -0.03368
    0.00426
    0.01846
    0.00132
   -0.02527
   -0.00470
    0.01599
    0.00392
   -0.02563
   -0.01004
    0.02822
   -0.01562
   -0.02070
    0.01548
    0.03035
    0.00654
   -0.01081
   -0.00428
    0.01173
   -0.00545
   -0.04025
   -0.00177
    0.01866
    0.00222
   -0.03812
   -0.01547
    0.02613
   -0.02595
   -0.03448
    0.01656
    0.02004
   -0.01189
   -0.02697
    0.00363
    0.01115
   -0.01157
   -0.02124
   -0.01285
    0.01858
    0.00147
   -0.01676
   -0.00587
    0.02981
   -0.00654
   -0.01457
    0.01729
    0.03363
   -0.01331
   -0.02300
   -0.00365
    0.01274
    0.00832
   -0.01829
   -0.01224
    0.01575
    0.00745
   -0.01857
    0.04281
    0.00349
   -0.01990
   -0.01647
    0.01870
    0.00024
    0.00440
   -0.01434
   -0.01005
    0.00778
    0.02023
   -0.04605
    0.03257
   -0.02163
    0.01261
   -0.03724
    0.00769
    0.01718
   -0.00247
   -0.02439
    0.00662
   -0.02058
    0.01470
   -0.00420
   -0.00401
   -0.00372
    0.02243
   -0.04270
    0.00537
    0.00661
    0.00632
   -0.03915
   -0.02242
    0.02908
    0.00040
   -0.05572
    0.01354
    0.00385
    0.01711
   -0.02459
   -0.00212
    0.02063
    0.00546
   -0.03002
   -0.00450
    0.01082
    0.00314
   -0.01608
   -0.00864
    0.03721
   -0.01030
   -0.01915
    0.00523
    0.01623
    0.00563
   -0.00599
    0.00057
   -0.00021
    0.00711
   -0.01830
   -0.01495
    0.01782
    0.00668
   -0.01794
   -0.01144
    0.00561
    0.02396
   -0.02476
    0.00653
   -0.00793
    0.01943
   -0.02265
   -0.00337
    0.01332
    0.01829
   -0.00941
   -0.01300
    0.00276
    0.01149
   -0.03303
    0.00399
    0.02788
   -0.00704
   -0.03737
    0.01523
    0.03386
    0.01230
   -0.01368
   -0.00703
    0.01074
    0.00157
   -0.02501
   -0.01654
    0.01925
    0.00859
   -0.02940
    0.00463
    0.02500
   -0.00381
   -0.01868
    0.01930
    0.03942
   -0.00485
   -0.02408
   -0.00155
    0.01833
   -0.00040
   -0.01598
    0.00144
    0.00853
    0.00403
   -0.01130
   -0.00610
    0.02905
   -0.00581
   -0.02132
    0.00951
    0.03398
    0.00608
   -0.00894
   -0.01184
    0.01260
    0.00593
   -0.01744
   -0.01597
    0.00779
    0.01423
   -0.01783
    0.00846
    0.00908
    0.01150
   -0.02681
    0.01704
    0.01591
    0.01549
   -0.02528
    0.00042
    0.01131
    0.02185
   -0.01929
   -0.00698
    0.00107
    0.01963
   -0.04186
   -0.01746
    0.03866
    0.00602
   -0.01917
    0.00021
    0.03150
    0.01555
   -0.04739
   -0.02356
    0.03238
    0.00552
   -0.01562
   -0.00166
    0.00686
    0.00515
   -0.02993
    0.02411
    0.00570
    0.01283
   -0.02219
    0.01823
    0.03192
   -0.00237
   -0.01830
    0.00532
    0.00851
    0.00624
   -0.00734
   -0.00631
    0.01306
   -0.00353
   -0.01289
    0.00092
    0.02771
   -0.00569
   -0.02013
    0.00859
    0.03192
    0.00887
   -0.01742
   -0.01341
    0.01758
    0.00788
    0.00172
   -0.01811
    0.01403
    0.00149
   -0.02290
    0.02270
    0.02079
   -0.00529
   -0.02410
    0.00959
    0.03731
    0.01023
   -0.02972
   -0.01464
    0.00955
    0.03303
   -0.02080
   -0.00832
    0.01682
    0.00243
   -0.04424
    0.01919
    0.02188
   -0.00557
   -0.00818
   -0.00333
    0.04277
   -0.00023
   -0.01658
   -0.02041
    0.01200
    0.02946
   -0.04825
    0.01542
    0.00502
   -0.00357
   -0.03684
   -0.01482
    0.00313
    0.02789
   -0.02366
    0.01071
    0.02026
   -0.01073
   -0.01763
   -0.01296
    0.01921
    0.00126
   -0.02714
   -0.00983
    0.01070
   -0.00197
    0.00097
   -0.00667
    0.02270
   -0.01315
    0.00246
   -0.01487
    0.02680
    0.00488
   -0.02738
   -0.01859
    0.02347
    0.00980
   -0.01031
   -0.01806
    0.01505
    0.00767
   -0.01636
   -0.00448
    0.01335
    0.01167
   -0.02150
    0.01126
    0.03430
    0.01131
   -0.02522
   -0.00428
    0.00637
    0.02557
   -0.03692
   -0.00677
   -0.00302
    0.02858
   -0.04525
    0.00412
    0.01857
    0.01295
   -0.02007
    0.00227
    0.03433
    0.01111
   -0.03404
    0.00218
   -0.00036
    0.01953
   -0.02797
   -0.00245
    0.01623
   -0.00591
   -0.02747
    0.00064
    0.01042
    0.01842
   -0.02079
    0.00181
    0.03919
    0.00889
   -0.01872
    0.00963
    0.00207
    0.01305
   -0.03661
   -0.00616
    0.00696
    0.01796
   -0.02128
   -0.01160
    0.03137
    0.00042
   -0.01719
   -0.00737
    0.03949
    0.01478
   -0.01903
   -0.00232
    0.00599
    0.01526
   -0.02104
   -0.00069
    0.00861
    0.00481
   -0.01658
   -0.00552
    0.00241
    0.01919
   -0.01678
    0.00440
    0.02275
    0.01449
   -0.01036
    0.01051
   -0.00493
    0.00835
   -0.01980
   -0.01508
    0.00579
    0.01730
   -0.05531
    0.00861
    0.02704
    0.00945
   -0.02597
    0.00581
    0.04097
    0.01189
   -0.04011
    0.01283
   -0.00001
    0.01755
   -0.04784
    0.00633
    0.00815
    0.01038
   -0.02449
   -0.00382
    0.01116
    0.01641
   -0.01815
    0.00633
    0.04371
    0.00590
   -0.01874
    0.00539
    0.00160
    0.01046
   -0.01762
   -0.01291
    0.01051
    0.00623
   -0.01486
   -0.00215
    0.02791
   -0.00309
   -0.00389
   -0.00461
    0.03707
    0.00264
   -0.01924
    0.00206
    0.01353
    0.00318
   -0.01834
   -0.00963
    0.00601
    0.01129
   -0.00656
   -0.00804
    0.01010
    0.00666
   -0.01900
    0.01213
    0.01893
    0.01298
   -0.01693
   -0.00568
    0.01394
    0.01249
   -0.02432
    0.00032
    0.00558
    0.01563
   -0.03168
   -0.03025
    0.04749
   -0.00019
   -0.02015
    0.00115
    0.03840
    0.01543
   -0.02408
   -0.01070
    0.00270
    0.01734
   -0.02444
   -0.00784
    0.00761
    0.01562
   -0.01886
   -0.01955
    0.03361
    0.00302
   -0.02656
    0.00031
    0.03493
    0.01965
   -0.00869
   -0.00232
    0.01303
    0.00146
    0.00132
   -0.01228
    0.00950
   -0.00097
   -0.01289
   -0.01713
    0.03675
    0.00088
   -0.01634
    0.00044
    0.02693
    0.01125
   -0.01403
   -0.01341
    0.00748
    0.01286
   -0.01941
   -0.02053
    0.01217
    0.01231
   -0.00557
   -0.02180
    0.04957
   -0.03358
   -0.03593
    0.01515
    0.02882
    0.01639
   -0.02753
    0.00993
    0.00442
    0.01594
   -0.01650
   -0.01159
    0.00553
    0.01265
   -0.03763
   -0.00061
    0.02499
    0.00439
   -0.00390
   -0.00158
    0.05616
   -0.00527
   -0.03204
    0.02144
   -0.00974
    0.00399
   -0.03390
   -0.01019
    0.02873
   -0.00457
   -0.00168
   -0.02862
    0.01882
   -0.01007
   -0.04317
    0.01291
    0.02449
    0.00821
   -0.03461
    0.01907
    0.00350
   -0.01037
   -0.01295
   -0.01781
    0.01280
    0.00463
   -0.00501
   -0.00548
    0.02942
   -0.01358
   -0.01561
    0.00330
    0.07220
   -0.00006
   -0.02680
   -0.00584
    0.00336
    0.02143
   -0.00907
   -0.02091
    0.02343
    0.00348
   -0.01402
    0.01033
    0.00884
    0.00512
   -0.02688
    0.02626
    0.01697
    0.00672
   -0.01730
    0.01760
    0.00461
    0.00238
   -0.02497
    0.01751
   -0.00159
    0.00821
   -0.03257
   -0.00487
    0.02668
    0.00231
   -0.02483
    0.00609
    0.03211
    0.01153
   -0.02423
    0.01076
   -0.00799
    0.01625
   -0.03209
   -0.01267
    0.01602
    0.01012
   -0.02468
   -0.00775
    0.03000
   -0.00103
   -0.02499
    0.01357
    0.04046
    0.00331
   -0.00482
    0.00528
    0.00645
   -0.00455
   -0.02278
    0.01057
    0.00782
    0.00000
   -0.01584
   -0.01463
    0.02615
    0.00505
   -0.01246
   -0.00322
    0.05477
    0.00615
   -0.01927
    0.00070
    0.00256
    0.01184
   -0.01626
   -0.02101
    0.01943
    0.00650
   -0.01109
   -0.00262
    0.01423
    0.00824
   -0.00720
   -0.00142
    0.01916
    0.00785
   -0.01840
   -0.00064
    0.00395
    0.01695
   -0.01470
   -0.01564
    0.00543
    0.01247
   -0.03541
    0.00205
    0.02617
    0.00957
   -0.02435
    0.00911
    0.04194
    0.01069
   -0.02315
    0.00689
    0.00004
    0.01681
   -0.03130
   -0.00495
    0.01243
    0.01162
   -0.01365
   -0.01274
    0.02643
   -0.00338
   -0.02185
    0.01500
    0.03849
    0.00567
   -0.02027
    0.00851
    0.01123
    0.00129
   -0.00510
   -0.00966
    0.00560
    0.00454
   -0.00920
   -0.01699
    0.02872
    0.00118
   -0.01215
   -0.00150
    0.04734
    0.00677
   -0.00787
   -0.01500
    0.00435
    0.01133
   -0.02251
   -0.02848
    0.00133
    0.02092
