IntronPotTab 1 1024 -20.94856 2.49821 14.20690 12863 6 16  456.52
   -0.02013
   -0.01629
    0.01016
    0.02823
   -0.03405
   -0.06183
   -0.06358
    0.08431
   -0.03627
   -0.02748
   -0.00600
    0.07380
   -0.07048
   -0.05755
    0.06505
    0.04236
   -0.04103
   -0.04852
   -0.01550
    0.08060
   -0.02477
   -0.04328
   -0.12872
    0.09270
   -0.02633
   -0.04052
   -0.02753
    0.07597
   -0.04221
   -0.10421
    0.05618
    0.04622
   -0.00870
   -0.05172
   -0.02715
    0.05566
   -0.01268
   -0.07070
   -0.07041
    0.06155
   -0.01309
   -0.03578
    0.00933
    0.03445
   -0.05133
   -0.08704
    0.00173
    0.06371
   -0.06422
   -0.00375
    0.03961
    0.05453
   -0.04704
   -0.04701
   -0.07675
    0.09456
   -0.03817
    0.00293
   -0.02636
    0.06356
   -0.08653
   -0.02138
    0.06120
    0.03801
   -0.02564
   -0.04036
   -0.00808
    0.05918
    0.00652
   -0.09484
   -0.05425
    0.06223
   -0.03577
   -0.03869
   -0.03827
    0.08485
   -0.05814
   -0.08428
    0.05408
    0.04655
   -0.03715
   -0.07608
   -0.01321
    0.08456
   -0.03878
    0.01649
   -0.14056
    0.06997
   -0.03265
   -0.04469
   -0.05534
    0.10726
   -0.03884
   -0.08832
    0.02706
    0.05216
   -0.01094
   -0.09346
    0.02794
    0.04242
    0.00364
   -0.11184
   -0.08773
    0.10476
   -0.00709
   -0.03587
   -0.04306
    0.05287
   -0.01404
   -0.09810
   -0.01253
    0.06577
   -0.02913
   -0.05966
    0.03718
    0.03872
   -0.02731
   -0.07861
   -0.03589
    0.07623
   -0.00426
   -0.06207
   -0.02477
    0.05891
   -0.07045
   -0.04621
    0.03320
    0.04357
   -0.01703
   -0.01059
   -0.05789
    0.07426
   -0.00271
   -0.07383
   -0.10393
    0.07099
   -0.02804
   -0.03432
   -0.00649
    0.07414
   -0.03704
   -0.04696
    0.02016
    0.03375
   -0.03889
   -0.06429
   -0.02483
    0.08506
   -0.01528
   -0.03787
   -0.15430
    0.07880
   -0.01976
   -0.04733
   -0.05661
    0.09483
   -0.02519
   -0.09064
    0.02726
    0.04218
    0.00138
   -0.02519
   -0.07779
    0.06556
   -0.00740
   -0.06468
   -0.14195
    0.07728
   -0.01670
   -0.05679
    0.02457
    0.03409
   -0.09649
   -0.04721
   -0.00679
    0.08313
   -0.03607
   -0.03251
    0.01217
    0.04787
   -0.01414
   -0.04269
   -0.14014
    0.07830
   -0.03082
   -0.00470
   -0.01991
    0.05658
   -0.04146
   -0.04269
    0.00265
    0.04253
   -0.04563
    0.02914
    0.00812
    0.03728
   -0.03676
   -0.06702
   -0.02437
    0.07920
   -0.04036
   -0.02920
    0.00219
    0.06080
   -0.05611
   -0.02021
    0.07815
    0.02090
   -0.05853
   -0.03901
    0.01720
    0.07403
   -0.03732
   -0.03125
   -0.10266
    0.07748
   -0.02495
   -0.06550
   -0.05336
    0.10448
   -0.04250
   -0.09474
    0.08193
    0.03115
   -0.02761
   -0.03025
   -0.01675
    0.05274
   -0.02915
   -0.07971
   -0.04588
    0.07799
   -0.01494
   -0.05631
   -0.02370
    0.06433
   -0.06041
   -0.06354
    0.01714
    0.05540
   -0.06700
   -0.00208
    0.04388
    0.04422
   -0.04748
   -0.04127
   -0.07725
    0.07706
   -0.03758
   -0.00493
   -0.01855
    0.05725
   -0.07086
    0.00559
    0.06682
    0.00733
   -0.02881
   -0.02476
   -0.02909
    0.05900
   -0.04510
   -0.05702
   -0.11534
    0.09388
   -0.04842
   -0.04009
   -0.02824
    0.08859
   -0.05645
   -0.07986
    0.02371
    0.05595
   -0.06595
    0.01983
   -0.02581
    0.07058
   -0.04126
   -0.01635
   -0.13941
    0.09564
   -0.01049
   -0.04400
   -0.03830
    0.05625
   -0.05276
   -0.06570
    0.03987
    0.04082
   -0.00877
   -0.05053
   -0.03725
    0.05853
   -0.02408
   -0.04566
   -0.08389
    0.06492
    0.00265
   -0.01256
    0.00872
   -0.00040
   -0.02538
   -0.10161
   -0.01549
    0.06042
   -0.04524
   -0.06432
   -0.00018
    0.06414
   -0.05203
   -0.05123
   -0.10035
    0.10252
   -0.04221
   -0.00825
   -0.05394
    0.07691
   -0.06493
   -0.06067
    0.02664
    0.04471
   -0.01842
   -0.05767
   -0.00528
    0.05954
   -0.01687
   -0.05951
   -0.05574
    0.07414
   -0.03414
   -0.05383
   -0.05606
    0.09967
   -0.03891
   -0.07964
    0.02834
    0.04788
   -0.02336
   -0.04149
   -0.02947
    0.05891
   -0.10753
    0.11038
   -0.15746
    0.05495
   -0.06743
   -0.00132
   -0.04934
    0.10269
   -0.07818
   -0.03759
    0.00797
    0.05949
    0.00651
   -0.06129
   -0.00324
    0.02849
    0.02210
   -0.09346
   -0.04064
    0.07451
    0.01034
   -0.00937
    0.01083
   -0.00898
   -0.03191
   -0.06498
   -0.01119
    0.05935
   -0.03521
   -0.06877
    0.02468
    0.06093
   -0.01542
   -0.07751
   -0.09760
    0.08015
   -0.03380
   -0.05335
   -0.02745
    0.08669
   -0.06975
   -0.09799
    0.00495
    0.07871
   -0.03142
   -0.03530
   -0.01698
    0.07002
   -0.01129
   -0.06645
   -0.05001
    0.07171
   -0.03010
   -0.07033
   -0.04701
    0.10469
    0.00221
   -0.07196
   -0.00552
    0.03543
   -0.04266
    0.02936
   -0.09734
    0.08732
   -0.03492
   -0.04150
   -0.11770
    0.12357
   -0.07083
    0.04562
    0.00691
    0.02901
   -0.00647
   -0.09754
   -0.01749
    0.06441
    0.01913
   -0.06846
   -0.08049
    0.06962
    0.01925
   -0.06534
   -0.04935
    0.05042
    0.00655
   -0.09383
    0.00984
    0.04711
    0.01920
   -0.12526
    0.00360
    0.04038
   -0.02115
   -0.06663
   -0.02355
    0.06790
   -0.05018
   -0.07595
   -0.07639
    0.12328
   -0.07315
   -0.04761
   -0.02625
    0.11219
   -0.02911
   -0.05169
   -0.04586
    0.05511
   -0.05232
   -0.00674
   -0.03066
    0.06995
   -0.03245
   -0.07103
   -0.08002
    0.08093
   -0.03559
   -0.05108
   -0.01116
    0.07286
   -0.05390
   -0.05526
    0.03755
    0.04019
   -0.04313
   -0.02287
   -0.04097
    0.07472
   -0.05689
    0.03101
   -0.10782
    0.06348
   -0.02217
   -0.05159
   -0.08038
    0.09744
   -0.07147
    0.01109
    0.03345
    0.01521
   -0.01291
   -0.04779
   -0.06304
    0.06423
   -0.02583
   -0.06625
   -0.12660
    0.07985
   -0.02001
   -0.04221
   -0.02221
    0.05510
   -0.04184
   -0.06983
   -0.01346
    0.05877
   -0.04430
   -0.04216
   -0.00029
    0.05893
   -0.04476
   -0.03914
   -0.08901
    0.06707
   -0.04102
   -0.02467
   -0.04651
    0.08193
   -0.04828
   -0.03120
   -0.01311
    0.04264
   -0.04188
   -0.01861
   -0.01938
    0.07217
   -0.03789
   -0.09312
   -0.11336
    0.10265
   -0.07662
   -0.02979
   -0.02726
    0.13494
   -0.05565
   -0.07146
    0.00847
    0.05852
   -0.04606
   -0.03170
   -0.02445
    0.07728
   -0.01520
   -0.04927
   -0.14868
    0.09283
   -0.06157
   -0.05115
   -0.00867
    0.11450
   -0.01042
   -0.11410
    0.03440
    0.03868
    0.00237
   -0.06100
   -0.04295
    0.06001
   -0.00758
   -0.07036
   -0.16307
    0.07085
   -0.03183
   -0.03074
    0.02149
    0.05036
   -0.03074
   -0.08954
    0.00316
    0.04915
   -0.04063
   -0.04033
   -0.00664
    0.05690
   -0.03886
   -0.08136
   -0.11520
    0.11234
   -0.05622
    0.00508
   -0.02990
    0.08919
   -0.04240
   -0.05245
    0.02302
    0.03320
   -0.02725
   -0.06191
   -0.03466
    0.08401
   -0.00099
   -0.08059
   -0.11401
    0.08837
   -0.03450
   -0.05789
   -0.07641
    0.12598
   -0.02807
   -0.10105
    0.03080
    0.04685
   -0.01852
   -0.09623
   -0.00694
    0.07157
   -0.05239
    0.02994
   -0.11938
    0.08012
    0.01196
   -0.07750
   -0.07993
    0.10692
   -0.03260
   -0.11853
    0.03391
    0.06161
   -0.00064
   -0.11050
   -0.01228
    0.07657
    0.02615
   -0.02899
   -0.12670
    0.05915
    0.00801
   -0.08403
    0.01309
    0.04761
    0.01295
   -0.12909
   -0.03724
    0.09234
   -0.01891
   -0.07324
   -0.00756
    0.06062
    0.01420
   -0.09304
   -0.14471
    0.07939
   -0.00547
   -0.09102
   -0.03916
    0.10325
   -0.00700
   -0.09760
    0.01459
    0.04690
    0.00058
   -0.04560
   -0.06599
    0.07197
   -0.00425
   -0.07955
   -0.10894
    0.08335
   -0.02129
   -0.03032
   -0.03787
    0.08476
   -0.02565
   -0.10141
   -0.00122
    0.05801
   -0.04650
   -0.05163
   -0.03037
    0.08983
   -0.00544
   -0.06669
   -0.14995
    0.08854
   -0.04074
   -0.01510
   -0.05890
    0.11162
   -0.01845
   -0.10675
    0.01057
    0.05047
    0.03042
   -0.08528
   -0.07000
    0.04635
    0.01519
   -0.08313
   -0.14815
    0.07545
   -0.02119
   -0.07990
    0.05114
    0.03012
   -0.07310
   -0.07549
   -0.00178
    0.06800
   -0.03786
   -0.05980
    0.03343
    0.04671
    0.01636
   -0.09663
   -0.15608
    0.08528
   -0.03022
   -0.00477
   -0.04097
    0.07811
   -0.02173
   -0.08734
   -0.00144
    0.04949
   -0.03167
    0.00322
   -0.08694
    0.06862
   -0.02570
   -0.09064
   -0.14402
    0.10178
   -0.03024
   -0.03809
   -0.03541
    0.07653
   -0.05182
   -0.03159
    0.00453
    0.04602
   -0.03133
   -0.08901
   -0.00798
    0.07703
   -0.03157
   -0.04763
   -0.17156
    0.09535
   -0.01861
   -0.12313
   -0.02366
    0.10969
   -0.04023
   -0.06524
    0.02937
    0.04210
   -0.00223
   -0.07505
   -0.05209
    0.06011
   -0.02157
   -0.08206
   -0.10517
    0.07991
   -0.01204
   -0.06110
    0.01276
    0.04311
   -0.04812
   -0.06338
    0.02476
    0.03835
   -0.04181
   -0.01982
   -0.02591
    0.06071
   -0.02651
   -0.06323
   -0.14811
    0.08469
   -0.02900
   -0.01961
   -0.03240
    0.06586
   -0.05063
   -0.02078
    0.01763
    0.02791
   -0.04720
    0.01644
    0.01862
    0.03991
   -0.05293
   -0.03649
   -0.07457
    0.08019
   -0.03179
    0.00452
   -0.03714
    0.05435
   -0.08591
   -0.01392
    0.07667
    0.02735
   -0.05891
   -0.04171
   -0.01088
    0.08066
   -0.01483
   -0.04796
   -0.08647
    0.05748
   -0.05339
    0.00141
   -0.01848
    0.06146
   -0.07895
   -0.07862
    0.07618
    0.04171
   -0.02405
   -0.03723
   -0.04052
    0.07042
   -0.03267
   -0.08732
   -0.06318
    0.07901
    0.00304
   -0.04839
   -0.01304
    0.03442
   -0.06125
   -0.06696
   -0.01430
    0.06405
   -0.06553
   -0.00436
    0.02351
    0.03871
   -0.05002
   -0.05027
   -0.07423
    0.08516
   -0.04931
    0.02111
   -0.03734
    0.05845
   -0.07462
   -0.00139
    0.06818
    0.01660
   -0.04277
   -0.04313
   -0.01193
    0.07528
   -0.03466
   -0.06588
   -0.11106
    0.09502
   -0.04375
   -0.05852
   -0.08372
    0.11986
   -0.05338
   -0.11253
    0.04900
    0.06007
   -0.03830
   -0.07063
   -0.02295
    0.07770
   -0.06835
    0.01357
   -0.17227
    0.08505
   -0.03159
   -0.03033
   -0.12805
    0.12948
   -0.02573
   -0.11255
    0.03834
    0.05364
   -0.04296
   -0.07073
    0.01730
    0.06484
    0.01789
   -0.11737
   -0.14536
    0.10596
    0.00565
   -0.04703
   -0.06779
    0.05737
   -0.04165
   -0.11678
    0.01011
    0.07256
   -0.04837
   -0.04541
    0.00950
    0.06117
   -0.05188
   -0.10485
   -0.10027
    0.08987
   -0.03360
   -0.05828
   -0.04610
    0.09038
   -0.02705
   -0.10507
    0.02487
    0.05109
   -0.02578
   -0.00554
   -0.04879
    0.06306
   -0.00930
   -0.05257
   -0.12055
    0.06730
   -0.01893
   -0.01152
   -0.03230
    0.05231
   -0.03032
   -0.05101
   -0.01528
    0.04654
   -0.03992
   -0.03549
   -0.09013
    0.09499
   -0.03439
   -0.06025
   -0.14072
    0.09060
   -0.03595
   -0.01354
   -0.03014
    0.05982
   -0.02089
   -0.10812
    0.00198
    0.05203
    0.00656
   -0.05755
   -0.07466
    0.06519
   -0.00578
   -0.07405
   -0.18003
    0.08306
   -0.00484
   -0.11230
    0.00096
    0.06300
   -0.03772
   -0.07642
   -0.03828
    0.07114
   -0.04061
   -0.03520
    0.00257
    0.05110
   -0.01497
   -0.05704
   -0.14122
    0.07642
   -0.04261
    0.00795
   -0.02972
    0.05457
   -0.03150
   -0.04033
   -0.02165
    0.04380
   -0.06593
    0.03485
    0.02210
    0.04184
   -0.05589
   -0.06036
   -0.04982
    0.08745
   -0.05130
   -0.01483
   -0.02476
    0.07297
   -0.07278
   -0.00440
    0.08350
    0.00866
   -0.05873
   -0.02934
    0.00908
    0.06703
   -0.06005
    0.02644
   -0.15075
    0.06548
   -0.06587
   -0.01312
   -0.06895
    0.11876
   -0.06415
   -0.06334
    0.07101
    0.02835
   -0.02693
   -0.03856
   -0.02040
    0.05223
   -0.03732
   -0.09461
   -0.11516
    0.09288
   -0.03179
   -0.04283
   -0.01943
    0.06580
   -0.06551
   -0.07178
    0.00899
    0.05621
   -0.06722
    0.01544
    0.02643
    0.03904
   -0.05752
   -0.01420
   -0.11694
    0.06472
   -0.04794
   -0.00918
   -0.02467
    0.06826
   -0.08252
   -0.00595
    0.04002
    0.02616
