15 20 14 1 36 -4.4416 2.1985 4.2967 12356
 -0.10114  -0.07135  -0.02330   0.11743  -0.07633  -0.03786  -0.07019   0.12002  -0.04765  -0.12488  -0.22536   0.13733  -0.05199  -0.00024  -0.11418   0.11711  -0.08248  -0.06313  -0.00273   0.07176 
 -0.08594  -0.05154  -0.04349   0.10855  -0.09780  -0.05096  -0.06284   0.13754  -0.05798  -0.10526  -0.20970   0.13639  -0.07658  -0.02239  -0.06191   0.12473  -0.08905  -0.06470  -0.00477   0.07616 
 -0.09901  -0.05773  -0.03635   0.11630  -0.09452  -0.07519  -0.03935   0.13361  -0.04820  -0.15363  -0.21648   0.14564  -0.07646  -0.01411  -0.08270   0.13016  -0.08901  -0.08488   0.01240   0.07538 
 -0.09755  -0.07682  -0.02352   0.11711  -0.07048  -0.05869  -0.05565   0.11643  -0.06333  -0.12607  -0.17183   0.14227  -0.04162  -0.01819  -0.13168   0.12470  -0.08712  -0.08626   0.01616   0.07333 
 -0.08645  -0.07012  -0.02910   0.11003  -0.07434  -0.06651  -0.06497   0.12513  -0.05933  -0.07332  -0.17034   0.12084  -0.07265  -0.05276  -0.08307   0.14525  -0.09687  -0.05410   0.00982   0.07015 
 -0.09426  -0.05677  -0.02865   0.11027  -0.08446  -0.05544  -0.03729   0.11963  -0.06519  -0.13454  -0.13390   0.14110  -0.06232  -0.01804  -0.07406   0.11685  -0.08028  -0.07147   0.01885   0.06422 
 -0.09125  -0.06449  -0.01431   0.10566  -0.08705  -0.02112  -0.08008   0.12648  -0.04002  -0.14687  -0.16397   0.13100  -0.06913  -0.02989  -0.09379   0.13688  -0.08616  -0.05738  -0.00055   0.07068 
 -0.09021  -0.05415  -0.04002   0.11093  -0.08561  -0.04354  -0.05507   0.12355  -0.05035  -0.10873  -0.22892   0.13435  -0.05708  -0.01808  -0.10182   0.12507  -0.08171  -0.06876   0.00849   0.06852 
 -0.08852  -0.05725  -0.03430   0.10888  -0.07068  -0.05366  -0.06114   0.11709  -0.05300  -0.12278  -0.11223   0.12537  -0.03661  -0.03817  -0.14893   0.13670  -0.07697  -0.07803   0.02274   0.06302 
 -0.07891  -0.06938  -0.02843   0.10466  -0.07515  -0.01688  -0.08417   0.11728  -0.04014  -0.14713  -0.24142   0.14068  -0.05277  -0.05753  -0.09202   0.13566  -0.08674  -0.05473   0.01176   0.06482 
 -0.08350  -0.05773  -0.03841   0.10731  -0.08050  -0.04404  -0.06091   0.12187  -0.06572  -0.11913  -0.12576   0.13533  -0.09236  -0.02878  -0.08623   0.15042  -0.10712  -0.05193   0.01972   0.06976 
 -0.10328  -0.05391  -0.02175   0.11232  -0.07920  -0.04319  -0.08026   0.12736  -0.04775  -0.11203  -0.17454   0.12680  -0.02791  -0.03124  -0.12302   0.11556  -0.10116  -0.07577   0.03558   0.06786 
 -0.08762  -0.06206  -0.02575   0.10682  -0.08450  -0.04198  -0.05506   0.12222  -0.08512  -0.10081  -0.12861   0.14278  -0.08150  -0.00739  -0.04978   0.11520  -0.08418  -0.05089   0.01003   0.06304 
 -0.09875  -0.04568  -0.01889   0.10557  -0.07296  -0.03189  -0.10727   0.12796  -0.05175  -0.08907  -0.17884   0.12224  -0.06981  -0.01913  -0.11141   0.13972  -0.07635  -0.06173   0.03507   0.05160 
 -0.08452  -0.04755  -0.03249   0.10225  -0.06329  -0.02884  -0.07674   0.10892  -0.05982  -0.15367  -0.17308   0.14850  -0.02485  -0.05074  -0.10936   0.11627  -0.08551  -0.08776   0.02015   0.07132 
 -0.07727  -0.07458  -0.03339   0.10715  -0.04644  -0.02141  -0.05428   0.08321  -0.08700  -0.09757  -0.19963   0.15218  -0.05607  -0.02988  -0.09125   0.12534  -0.08490  -0.07572   0.04788   0.05442 
 -0.08196  -0.05582  -0.00848   0.09432  -0.07210  -0.04352  -0.10733   0.13083  -0.06763  -0.17298  -0.22725   0.16557  -0.06535  -0.03571  -0.09557   0.13738  -0.07522  -0.08523   0.01167   0.06933 
 -0.08427  -0.07632  -0.04629   0.11678  -0.07933  -0.00772  -0.13189   0.13282  -0.06694  -0.16879  -0.17233   0.15756  -0.04851  -0.03558  -0.10442   0.12753  -0.06362  -0.08766   0.03430   0.05419 
 -0.08273  -0.06889  -0.03339   0.10880  -0.08816  -0.00080  -0.08492   0.12235  -0.07986  -0.16528  -0.23716   0.17230  -0.04632  -0.01960  -0.09266   0.11271  -0.08812  -0.07338   0.03509   0.06124 
 -0.09452  -0.05725  -0.02530   0.10937  -0.06111  -0.02486  -0.10354   0.11503  -0.09707  -0.11179  -0.23487   0.16700  -0.01954  -0.07599  -0.12095   0.12770  -0.08362  -0.08663   0.03612   0.06290 
 -0.08247  -0.07086  -0.03407   0.10954  -0.07434  -0.01716  -0.15043   0.13739  -0.11582  -0.13879  -0.23519   0.18590   0.00336  -0.04106  -0.17568   0.11211  -0.07231  -0.09625   0.02989   0.06329 
 -0.08133  -0.07135  -0.05550   0.11646  -0.06610  -0.00314  -0.15479   0.12774  -0.11190  -0.14172  -0.16911   0.17721   0.00653  -0.04722  -0.20498   0.12248  -0.05322  -0.07317   0.01805   0.05152 
 -0.07225  -0.06013  -0.06224   0.10912  -0.05625   0.01662  -0.17696   0.11928  -0.09740  -0.13942  -0.21849   0.17374  -0.00362  -0.06538  -0.12099   0.10829  -0.07798  -0.07827   0.01707   0.06610 
 -0.07601  -0.05989  -0.06151   0.11126  -0.05996   0.00710  -0.18785   0.12851  -0.13025  -0.11855  -0.25091   0.18951   0.01047  -0.03696  -0.19324   0.10963  -0.05374  -0.07414   0.00258   0.05897 
 -0.07187  -0.05296  -0.08386   0.11354  -0.06034   0.03586  -0.24170   0.13217  -0.12266  -0.17406  -0.29779   0.20468  -0.00864  -0.11045  -0.18242   0.15478  -0.05820  -0.08615   0.02261   0.05631 
 -0.07639  -0.06963  -0.08437   0.12216  -0.05434   0.05107  -0.22703   0.11818  -0.10516  -0.12005  -0.27079   0.17792   0.01707  -0.09780  -0.19777   0.13181  -0.06537  -0.07609   0.00403   0.06488 
 -0.07100  -0.05154  -0.09002   0.11444  -0.06346   0.03582  -0.25827   0.13837  -0.13000  -0.20291  -0.17298   0.20326  -0.01330  -0.05295  -0.16284   0.12840  -0.06054  -0.08878   0.00923   0.06428 
 -0.08031  -0.06619  -0.08616   0.12407  -0.06558   0.04010  -0.24763   0.13613  -0.13450  -0.15205  -0.20365   0.19628   0.00644  -0.05681  -0.15368   0.10804  -0.07973  -0.10191   0.04067   0.06369 
 -0.08632  -0.06424  -0.06151   0.11928  -0.08050   0.05031  -0.24966   0.14424  -0.10059  -0.16101  -0.25135   0.18499  -0.04891  -0.09575  -0.08770   0.14656  -0.10692  -0.11383   0.01523   0.09064 
 -0.10395  -0.07309  -0.07056   0.13560  -0.09564   0.02962  -0.26578   0.16544  -0.09919  -0.19285  -0.15144   0.18138  -0.04225  -0.06467  -0.13410   0.14731  -0.14454  -0.08021   0.02335   0.09280 
 -0.12344  -0.06449  -0.06491   0.14205  -0.08186   0.00708  -0.27970   0.16585  -0.10447  -0.20534  -0.20103   0.19318  -0.06669  -0.08435  -0.14656   0.17811  -0.17340  -0.11062   0.03781   0.10611 
 -0.13540  -0.08901  -0.06030   0.15430  -0.10154  -0.00572  -0.27251   0.18151  -0.17273  -0.08471  -0.10896   0.18449  -0.12549  -0.10020  -0.08743   0.20048  -0.16324  -0.11212   0.01958   0.11037 
 -0.16203  -0.07808  -0.05122   0.16150  -0.12103  -0.00535  -0.27220   0.19347  -0.17254  -0.09096  -0.09487   0.18443  -0.16291  -0.03337  -0.08337   0.19529  -0.21507  -0.10883   0.03688   0.11979 
 -0.19568  -0.06595  -0.03567   0.16836  -0.11075   0.03390  -0.38910   0.19484  -0.13031  -0.10154  -0.19529   0.17860  -0.13433  -0.08152  -0.05780   0.18739  -0.23088  -0.07213   0.01775   0.12206 
 -0.18877  -0.04989  -0.05958   0.16786  -0.11321  -0.00536  -0.39600   0.20863  -0.18503  -0.07494  -0.24222   0.20249  -0.14064  -0.06654  -0.06087   0.18676  -0.23708  -0.05899   0.02226   0.11830 
 -0.20202  -0.04498  -0.06345   0.17322  -0.11514  -0.01679  -0.46722   0.22156  -0.17574  -0.09700  -0.13851   0.19361  -0.16401  -0.05967  -0.08428   0.20641  -0.25268  -0.07600   0.02694   0.12588 
 -0.21224  -0.05773  -0.06248   0.18095  -0.11535  -0.01297  -0.55462   0.22949  -0.19993  -0.12230  -0.22534   0.22115  -0.17659  -0.09640  -0.05106   0.21311  -0.23267  -0.08226   0.00553   0.13004 
 -0.21379  -0.06987  -0.07955   0.18978  -0.13975  -0.00884  -0.64182   0.24840  -0.16796  -0.17524  -0.19565   0.21761  -0.18941  -0.09922  -0.08789   0.23397  -0.25087  -0.08475   0.01531   0.13225 
 -0.22606  -0.07858  -0.08031   0.19709  -0.14656  -0.02298  -0.64783   0.25560  -0.17204  -0.17399  -0.24187   0.22365  -0.21462  -0.09173  -0.06594   0.23527  -0.27557  -0.09742   0.06225   0.12363 
 -0.24441  -0.08644  -0.04094   0.19500  -0.08671   0.01140  -0.72288   0.21895  -0.20278  -0.08259  -0.17057   0.20530  -0.17521  -0.03553  -0.04732   0.18831  -0.24626  -0.03211   0.08190   0.08643 
 -0.21604  -0.02365  -0.01933   0.15857  -0.09713   0.01951  -0.78743   0.22668  -0.17085  -0.07403  -0.20877   0.19218  -0.13018  -0.05049  -0.12988   0.20040  -0.23509  -0.02455   0.05792   0.09161 
 -0.19139  -0.01968  -0.07403   0.16368  -0.07203  -0.08000  -0.84472   0.23873  -0.16186  -0.12084  -0.26788   0.20764  -0.16504  -0.06582  -0.09965   0.21477  -0.21772  -0.09652   0.05824   0.10827 
 -0.18133  -0.08440  -0.07854   0.18004  -0.09492  -0.02251  -0.86162   0.23985  -0.14479  -0.14797  -0.14013   0.19318  -0.12759  -0.03718   0.01048   0.13214  -0.26900  -0.07841   0.08391   0.10684 
 -0.20068  -0.06497  -0.02619   0.16722  -0.18114  -0.08380  -0.61233   0.28186  -0.20191  -0.12471  -0.21810   0.22193  -0.23820  -0.10598  -0.07254   0.25200  -0.27054  -0.11509   0.02036   0.14350 
 -0.25435  -0.10101  -0.07904   0.21265  -0.26451  -0.23838  -0.88034   0.34782  -0.30950  -0.20981  -0.40537   0.29139  -0.14531  -0.24787  -0.27308   0.29933  -0.47040  -0.28491  -0.07855   0.24060 
 -0.36312  -0.25052  -0.18660   0.29303   0.08007  -0.10188  -0.12523  -0.00908   0.02700  -0.29744   0.22371   0.01817  -0.00204  -0.18028   0.24868  -0.17082  -0.23335  -0.34053   0.44010  -0.18030 
 -0.14385  -0.27117   0.38871  -0.10351  -0.68795   0.67586  -1.25091  -0.07768  -0.64932   0.48875  -1.21997  -0.05596  -0.83647   0.60968  -1.70058  -0.16841  -0.86665   0.59011  -1.30700  -0.12417 
 -0.77544   0.61940  -1.39023  -0.14207   0.41638  -4.09191  -4.09191  -4.09191   0.42698  -4.09191  -4.09191  -4.09191   0.46769  -4.09191  -4.09191  -4.09191   0.59017  -4.09191  -4.09191  -4.09191 
  0.47802  -4.09191  -4.09191  -4.09191  -4.09191  -1.16224   0.76715  -4.09191  -4.09191  -4.09191  -4.09191  -4.09191  -4.09191  -4.09191  -4.09191  -4.09191  -4.09191  -4.09191  -4.09191  -4.09191 
 -4.09191  -1.24736   0.77238  -4.09191  -4.09191  -4.09191  -4.09191  -4.09191   0.21614  -0.16413  -0.24375  -0.23334  -0.14565  -0.24346   0.41655  -0.32288  -4.09191  -4.09191  -4.09191  -4.09191 
 -0.12909  -0.19488   0.48864  -0.40598  -0.18465  -0.09354   0.00259   0.17948  -0.16530  -0.01307  -0.11592   0.15599  -0.12810  -0.06285  -0.08582   0.18788  -0.23666  -0.11328   0.19310   0.04514 
 -0.14275  -0.05171   0.01209   0.12144  -0.00947  -0.02851  -0.00713   0.02689   0.00837  -0.12666   0.05375   0.03869  -0.01516  -0.05996   0.08769  -0.01419  -0.05698  -0.07466   0.15917  -0.02882 
 -0.04164  -0.06400   0.11174   0.00557  -0.07601   0.09961   0.06895  -0.00436  -0.00972  -0.02797   0.07792   0.00393  -0.03210   0.00579   0.15600  -0.11659  -0.13557   0.02667   0.27425  -0.14324 
 -0.07183   0.03551   0.18558  -0.07504  -0.01729   0.00514   0.04130  -0.00504  -0.08265   0.02833   0.08793   0.03852   0.01096   0.03057   0.05269  -0.08398  -0.16337   0.01539   0.17301  -0.02059 
 -0.04623   0.02911   0.09589  -0.02606  -0.07617   0.01162   0.13827  -0.00785   0.01215  -0.10327   0.07069   0.01985  -0.02033  -0.06128   0.12690  -0.04594  -0.13541  -0.01623   0.22097  -0.06034 
 -0.05679  -0.03075   0.16082  -0.03077  -0.06314   0.02127   0.23470  -0.12307   0.01834  -0.00632   0.08359  -0.04389  -0.01188  -0.01176   0.16055  -0.13917  -0.14834   0.01616   0.30279  -0.16627 
 -0.05283   0.01172   0.23708  -0.13344  -0.03892   0.00240   0.13128  -0.04065  -0.00604  -0.01891   0.11857  -0.01921   0.03039   0.02579   0.05133  -0.10997  -0.14429   0.04852   0.16796  -0.04349 
 -0.02047   0.02594   0.11954  -0.06772  -0.07630  -0.03019   0.16979  -0.01425   0.01036  -0.09250   0.05313   0.02208  -0.00086   0.00248   0.07265  -0.06260  -0.11000  -0.01051   0.22221  -0.07953 
 -0.04219  -0.02413   0.15437  -0.04330  -0.05424   0.02316   0.20289  -0.09944  -0.00164  -0.03154   0.14049  -0.02518  -0.02870   0.04384   0.13635  -0.13185  -0.15800   0.04573   0.28173  -0.15100 
 -0.05798   0.03105   0.21535  -0.11651  -0.04399   0.03330   0.13464  -0.05303  -0.03193   0.04357   0.11634  -0.02960   0.03698   0.02367   0.05032  -0.11844  -0.18121   0.05281   0.17033  -0.02920 
 -0.03296   0.04642   0.12018  -0.06760  -0.08538   0.02346   0.18932  -0.04697   0.03682  -0.12165   0.01272   0.01643  -0.03267   0.03457   0.12677  -0.10429  -0.16918   0.01656   0.23642  -0.07388 
 -0.05617   0.00194   0.17299  -0.05902  -0.06386   0.02340   0.21178  -0.09637   0.00609   0.04240   0.11442  -0.07422  -0.01224   0.03300   0.12470  -0.13187  -0.17140   0.05465   0.29745  -0.17036 
 -0.05457   0.04588   0.21552  -0.13154  -0.03194   0.04275   0.13440  -0.07396  -0.01789  -0.03508   0.08974   0.01266   0.01197   0.04937   0.08115  -0.13488  -0.13765   0.06930   0.15611  -0.04953 
 -0.02568   0.04494   0.11989  -0.07442  -0.09517   0.00909   0.18727  -0.02714   0.02516  -0.08413  -0.01529   0.02010   0.00489  -0.02141   0.07638  -0.05622  -0.11637   0.01726   0.20766  -0.07657 
 -0.04305  -0.00965   0.14805  -0.04523  -0.08289   0.05282   0.21867  -0.09709   0.02431  -0.02722   0.11522  -0.05021  -0.00022   0.02225   0.13675  -0.15810  -0.15210   0.03716   0.27948  -0.14599 
 -0.05274   0.03073   0.21607  -0.12313  -0.04742   0.03698   0.14237  -0.05732  -0.01067   0.01841   0.03455  -0.00914   0.01145   0.03329   0.06874  -0.10395  -0.17125   0.05664   0.17153  -0.03704 
 -0.03552   0.04554   0.12073  -0.06469  -0.09339   0.03078   0.20821  -0.06024   0.01542  -0.06007  -0.00296   0.01630  -0.00010  -0.04713   0.11477  -0.07052  -0.14448   0.00106   0.23168  -0.07443 
 -0.05226  -0.00943   0.17391  -0.05726  -0.08679   0.06578   0.22537  -0.10817   0.03269  -0.00510   0.07471  -0.06057  -0.00926   0.03910   0.13851  -0.16242  -0.15526   0.03967   0.28756  -0.15641 
 -0.05310   0.04403   0.21773  -0.13438  -0.07395   0.04836   0.15723  -0.04437  -0.03758   0.00511   0.08820   0.01072   0.01669   0.02331   0.07576  -0.11099  -0.16490   0.07147   0.15739  -0.03753 
 -0.04563   0.04667   0.12579  -0.05871  -0.09533   0.01115   0.21874  -0.05830   0.01720  -0.08125  -0.01049   0.02639  -0.01130   0.03138   0.09215  -0.09238  -0.15046   0.01938   0.22185  -0.07137 
 -0.05694   0.00679   0.16823  -0.05702  -0.07532   0.06370   0.22372  -0.12013   0.00733   0.00404   0.14067  -0.05883  -0.00613   0.03431   0.12093  -0.13839  -0.15820   0.05581   0.28233  -0.15892 
 -0.05418   0.04893   0.21401  -0.13266  -0.03772   0.04317   0.13091  -0.06343  -0.01933   0.00766   0.07283  -0.00478   0.03002   0.02443   0.04364  -0.10011  -0.17827   0.08446   0.18655  -0.06244 
 -0.02778   0.04987   0.11560  -0.07200  -0.07763   0.01520   0.19156  -0.05373   0.01883  -0.06115   0.00318   0.01143  -0.00300  -0.02249   0.09003  -0.05791  -0.15209   0.02312   0.21050  -0.06182 
 -0.04728  -0.00198   0.15444  -0.05031  -0.06630   0.06744   0.20718  -0.11564   0.02737  -0.01803   0.04668  -0.03553   0.00552   0.03665   0.13309  -0.17891  -0.12859   0.07082   0.27259  -0.17807 
 -0.03967   0.05062   0.20321  -0.13975  -0.06049   0.01830   0.15498  -0.04225  -0.01840   0.01782   0.09182  -0.01847   0.03848   0.03406   0.05047  -0.13146  -0.13480   0.05490   0.17797  -0.06057 
 -0.02561   0.03987   0.12378  -0.07422  -0.09810   0.01934   0.20334  -0.04407   0.03078  -0.06650   0.00697  -0.00078  -0.01981   0.00258   0.09929  -0.06337  -0.13358   0.01134   0.22565  -0.08036 
 -0.05211   0.00058   0.16741  -0.05759  -0.08882   0.03399   0.24172  -0.10484   0.02958  -0.00221   0.08822  -0.06327  -0.00315   0.03446   0.10744  -0.12618  -0.13647   0.03421   0.28092  -0.15650 
 -0.04890   0.03369   0.21276  -0.12620  -0.05788   0.00690   0.17042  -0.05327   0.00478  -0.00472   0.09684  -0.03275  -0.00428   0.07658   0.05644  -0.10841  -0.13973   0.08773   0.15784  -0.06099 
 -0.03533   0.05552   0.12697  -0.07645  -0.10441   0.06284   0.18258  -0.04118   0.01659  -0.08775   0.01383   0.02390  -0.02786   0.02792   0.10241  -0.07669  -0.14345   0.02902   0.21092  -0.07027 
 -0.06026   0.02050   0.15407  -0.05012  -0.07380   0.07459   0.23596  -0.14541   0.02056   0.01437   0.07961  -0.05930  -0.01640   0.04500   0.12695  -0.14027  -0.17253   0.06478   0.28674  -0.16213 
 -0.05663   0.05920   0.21575  -0.13968  -0.06814   0.07833   0.15139  -0.06360  -0.02070   0.00114   0.06614   0.00270   0.01837   0.05832   0.06912  -0.14145  -0.18838   0.09704   0.16436  -0.04677 
 -0.04193   0.07042   0.12016  -0.07419  -0.10049   0.01083   0.20320  -0.03704   0.01249  -0.06886  -0.01524   0.02683  -0.01084   0.00115   0.08751  -0.06240  -0.12632   0.00991   0.19989  -0.05956 
 -0.05231  -0.00212   0.14962  -0.04141  -0.07727   0.03901   0.21229  -0.08871   0.00974  -0.00053   0.10224  -0.04356  -0.02012   0.04227   0.15403  -0.16996  -0.13804   0.05007   0.27672  -0.16103 
 -0.05699   0.04181   0.21588  -0.12603  -0.06302   0.05465   0.13952  -0.04557  -0.00537  -0.02479   0.08002  -0.00326   0.02219   0.05639   0.05788  -0.13322  -0.12213   0.08065   0.13939  -0.05202 
 -0.02816   0.05515   0.10933  -0.07031  -0.07682   0.05711   0.15114  -0.04068   0.01314  -0.05886   0.04496   0.00513   0.00142   0.01706   0.07685  -0.08231  -0.15858   0.03842   0.21778  -0.07371 
 -0.04851   0.02370   0.14346  -0.05526  -0.08033   0.03679   0.22587  -0.09870   0.02597  -0.01692   0.06514  -0.04053  -0.00850   0.04625   0.11717  -0.14177  -0.12920   0.06209   0.26704  -0.16334 
 -0.04674   0.04277   0.20117  -0.12292  -0.05545   0.06844   0.12249  -0.04853  -0.01625  -0.02171   0.10310  -0.00080  -0.00309   0.03343   0.08861  -0.10288  -0.15860   0.06292   0.14493  -0.02652 
 -0.04193   0.04675   0.11679  -0.05574  -0.09667   0.00752   0.20191  -0.03827   0.00491  -0.05580   0.01457   0.02108  -0.01280   0.02773   0.06524  -0.05904  -0.15202   0.03693   0.21856  -0.07726 
 -0.06160   0.01465   0.15760  -0.04822  -0.06872   0.03216   0.21767  -0.10174   0.01345   0.01337   0.03640  -0.03474  -0.02038   0.02699   0.11897  -0.10595  -0.15491   0.07870   0.27159  -0.16402 
 -0.05507   0.04882   0.20024  -0.11664  -0.06313   0.06038   0.14882  -0.05668  -0.03735   0.03645   0.08691  -0.00856   0.00521   0.06414   0.05690  -0.11126  -0.15015   0.08343   0.15338  -0.04909 
 -0.04603   0.07114   0.11663  -0.06758  -0.10257   0.06036   0.17740  -0.03706   0.02141  -0.11138  -0.00780   0.03452  -0.02949   0.03191   0.10584  -0.08172  -0.14554   0.03635   0.19580  -0.05946 
 -0.05941   0.01869   0.14452  -0.04235  -0.10100   0.04848   0.20755  -0.06082   0.01723  -0.01399   0.06823  -0.03229  -0.01046   0.03489   0.11669  -0.12627  -0.15167   0.04857   0.29055  -0.16945 
 -0.06185   0.03971   0.20669  -0.10909  -0.05707   0.05484   0.14951  -0.06156  -0.03708   0.00287   0.15508  -0.01215  -0.00240   0.04210   0.07266  -0.09450  -0.12825   0.07521   0.16701  -0.06729 
 -0.04380   0.05497   0.13336  -0.07206  -0.07913   0.02970   0.16583  -0.03599  -0.00281  -0.06187   0.03766   0.02601  -0.03475   0.02153   0.10770  -0.06759  -0.11875   0.00778   0.19353  -0.05721 
 -0.05459   0.00913   0.14587  -0.04258  -0.07203   0.04523   0.22861  -0.11832   0.01527  -0.01926   0.08538  -0.03250  -0.00730   0.04092   0.12223  -0.14495  -0.12640   0.03270   0.26796  -0.14557 
 -0.04792   0.03431   0.20748  -0.12208  -0.05148   0.04247   0.13405  -0.04820  -0.01957  -0.01225   0.09279   0.00080   0.00560   0.06359   0.05489  -0.10919  -0.13418   0.09019   0.13326  -0.04649 
 -0.03522   0.05865   0.10703  -0.06327  -0.07865   0.01874   0.17301  -0.03724  -0.00302  -0.06236   0.00266   0.03559  -0.03116  -0.00044   0.08257  -0.02951  -0.15459   0.05149   0.19732  -0.06451 
 -0.06112   0.01323   0.14103  -0.03494  -0.10453   0.07915   0.20703  -0.07473  -0.00949   0.05438   0.06207  -0.04391  -0.01847   0.01700   0.12306  -0.10470  -0.13222   0.07056   0.26663  -0.16707 
 -0.06861   0.06304   0.19917  -0.11086  -0.07804   0.07240   0.15269  -0.04937  -0.02867   0.04825   0.05347  -0.01488  -0.00741   0.05904   0.06203  -0.09177  -0.15593   0.08162   0.15731  -0.04804 
