9 20 3 1 47 -3.8036 2.1454 3.9504 12327
 -0.07474   0.09363   0.09746  -0.04082  -0.10255   0.04636   0.16163  -0.01604  -0.04724  -0.02849   0.02133   0.05645  -0.02867   0.04730   0.05757  -0.04695  -0.19771   0.09286   0.14118  -0.02238 
 -0.08958   0.05392   0.10876  -0.01026  -0.09483   0.08125   0.18207  -0.06221  -0.04166   0.01032   0.17137  -0.01856  -0.03524   0.06940   0.09981  -0.10224  -0.20127   0.08783   0.26251  -0.13045 
 -0.09403   0.07476   0.19272  -0.08669  -0.08160   0.09193   0.11525  -0.02641  -0.04275  -0.00332   0.12473   0.00853  -0.00150   0.08518   0.03441  -0.09913  -0.21146   0.15062   0.13590  -0.04946 
 -0.06849   0.09885   0.09730  -0.05023  -0.11465   0.05145   0.17978  -0.02187  -0.05297  -0.04287   0.04726   0.06172  -0.05910   0.08086   0.07014  -0.05022  -0.21253   0.09676   0.15059  -0.02496 
 -0.10333   0.06073   0.12232  -0.01211  -0.07562   0.08469   0.19278  -0.09882  -0.00239  -0.01696   0.14023  -0.03293  -0.03899   0.07199   0.10918  -0.11052  -0.18038   0.09938   0.23132  -0.11505 
 -0.07474   0.07582   0.18066  -0.09557  -0.06897   0.08483   0.10771  -0.03062  -0.05277  -0.00082   0.12953   0.01514  -0.00156   0.08274   0.01865  -0.08151  -0.20339   0.15683   0.08507  -0.02242 
 -0.06454   0.09734   0.07484  -0.03769  -0.11776   0.06398   0.17920  -0.02498  -0.04295  -0.04044   0.04204   0.05318  -0.03665   0.06260   0.03501  -0.02985  -0.20659   0.11058   0.14864  -0.03455 
 -0.09746   0.06419   0.11462  -0.01374  -0.11396   0.09381   0.21308  -0.07981  -0.03690   0.03158   0.09992  -0.01023  -0.04424   0.08398   0.13510  -0.14949  -0.19046   0.08086   0.25773  -0.12582 
 -0.09786   0.08352   0.19889  -0.09544  -0.07735   0.10037   0.10393  -0.02758  -0.08683   0.00544   0.16744   0.02870   0.00294   0.09533   0.02446  -0.10716  -0.20682   0.16467   0.11286  -0.04488 
 -0.07373   0.10944   0.08794  -0.04632  -0.11620   0.03873   0.18743  -0.02044  -0.05455  -0.02220   0.04000   0.05500  -0.02875   0.05521   0.06487  -0.06067  -0.19795   0.10435   0.16419  -0.04665 
 -0.09469   0.05872   0.12658  -0.02102  -0.08343   0.07444   0.18464  -0.07392  -0.03888   0.02157   0.12879  -0.01199  -0.01225   0.07130   0.09929  -0.13947  -0.18186   0.10474   0.25065  -0.14043 
 -0.07802   0.08213   0.18260  -0.09875  -0.05243   0.07900   0.11961  -0.05618  -0.09866   0.06083   0.13756   0.01587  -0.01134   0.09648   0.04390  -0.10547  -0.19776   0.17373   0.09455  -0.04310 
 -0.07098   0.11753   0.08845  -0.05525  -0.10922   0.07196   0.16749  -0.02789  -0.05772  -0.00356   0.02185   0.05286  -0.03798   0.08821   0.04845  -0.06336  -0.20076   0.13693   0.14567  -0.05234 
 -0.09455   0.08800   0.10662  -0.02572  -0.08859   0.07592   0.20681  -0.09155  -0.03960   0.00776   0.20542  -0.03405  -0.05231   0.10185   0.13286  -0.15507  -0.17651   0.08858   0.24933  -0.12976 
 -0.08750   0.08126   0.19995  -0.10532  -0.06790   0.08848   0.11051  -0.03611  -0.05502   0.00770   0.13843   0.00919  -0.00954   0.11330   0.00927  -0.09290  -0.20277   0.14571   0.10900  -0.03082 
 -0.06540   0.10599   0.08065  -0.04679  -0.11480   0.06715   0.18198  -0.03218  -0.06776   0.00309   0.05972   0.04806  -0.03239   0.06087   0.06466  -0.06069  -0.17286   0.10266   0.14266  -0.04107 
 -0.09403   0.07067   0.11961  -0.02404  -0.10937   0.11304   0.21061  -0.09577  -0.03970   0.03181   0.13903  -0.02171  -0.00717   0.06743   0.10627  -0.15281  -0.17754   0.09797   0.24155  -0.12712 
 -0.08312   0.08955   0.18714  -0.10357  -0.07546   0.08716   0.11668  -0.03149  -0.08612  -0.00231   0.13852   0.04248  -0.00927   0.10593   0.02403  -0.09918  -0.22600   0.17121   0.09133  -0.02656 
 -0.07865   0.10862   0.08048  -0.03619  -0.12431   0.06242   0.18409  -0.02193  -0.05028  -0.01285   0.04577   0.04499  -0.08136   0.12659   0.08117  -0.08008  -0.21908   0.13245   0.14055  -0.03703 
 -0.11380   0.09261   0.12136  -0.02292  -0.10350   0.10075   0.17756  -0.06039  -0.03134   0.02054   0.10539  -0.01087  -0.03600   0.09334   0.09754  -0.12405  -0.17735   0.13281   0.23907  -0.15239 
 -0.08621   0.10335   0.16940  -0.09439  -0.06370   0.06997   0.12208  -0.03923  -0.06821   0.02653   0.13158   0.01271  -0.00699   0.08090   0.03522  -0.08714  -0.22046   0.18767   0.09695  -0.04479 
 -0.07098   0.10944   0.08483  -0.04679  -0.12110   0.06265   0.14645   0.00558  -0.06003  -0.03266   0.08109   0.05372  -0.04551   0.08197   0.06274  -0.06120  -0.24163   0.11602   0.16552  -0.03569 
 -0.10942   0.07174   0.11784  -0.01080  -0.07838   0.07526   0.18173  -0.07773  -0.02738  -0.01761   0.15216  -0.00904  -0.02046   0.08360   0.08612  -0.12365  -0.15370   0.10657   0.22968  -0.13490 
 -0.07173   0.07916   0.17210  -0.09320  -0.08447   0.10308   0.13763  -0.04781  -0.07685   0.04915   0.07028   0.02625  -0.01011   0.09497   0.04424  -0.10608  -0.20168   0.17743   0.08328  -0.03656 
 -0.07776   0.12073   0.08362  -0.04786  -0.09910   0.04193   0.14795  -0.00632  -0.05945  -0.01825   0.02872   0.06009  -0.04770   0.07231   0.07510  -0.06145  -0.20005   0.15002   0.14866  -0.06437 
 -0.09508   0.08004   0.10777  -0.02091  -0.11454   0.10592   0.19855  -0.07202  -0.04232   0.03068   0.10442  -0.00560  -0.02752   0.08000   0.09685  -0.12146  -0.17415   0.11220   0.23672  -0.13457 
 -0.09036   0.09532   0.17577  -0.08980  -0.06544   0.10494   0.09334  -0.03599  -0.06962   0.02826   0.08760   0.02738   0.00333   0.12413   0.01951  -0.13637  -0.20508   0.17097   0.09958  -0.04108 
 -0.06713   0.12406   0.06860  -0.05035  -0.10233   0.07420   0.14418  -0.01696  -0.06966   0.01356   0.01363   0.05593  -0.03898   0.09974   0.07747  -0.10347  -0.21468   0.10999   0.12208  -0.01189 
 -0.09905   0.08542   0.09544  -0.01287  -0.07906   0.06820   0.20005  -0.09127  -0.03752   0.00181   0.12716  -0.00059  -0.02665   0.11023   0.07343  -0.12948  -0.19398   0.12943   0.24183  -0.14261 
 -0.08350   0.09465   0.17591  -0.09637  -0.07230   0.08295   0.11416  -0.03066  -0.10308   0.07406   0.08674   0.02759  -0.00842   0.11371  -0.01646  -0.07249  -0.19206   0.17907   0.08759  -0.04511 
 -0.07739   0.12799   0.06153  -0.03907  -0.11901   0.06827   0.12742   0.01476  -0.06282   0.01421   0.00799   0.05117  -0.06241   0.07096   0.06760  -0.03498  -0.19096   0.12986   0.13494  -0.04408 
 -0.10508   0.08542   0.09188  -0.00573  -0.10365   0.12114   0.17474  -0.07116  -0.05393   0.04446   0.13567  -0.01416  -0.03376   0.09516   0.10206  -0.13518  -0.19063   0.14928   0.23701  -0.15613 
 -0.09746   0.11849   0.17422  -0.09982  -0.05676   0.07641   0.07287  -0.01493  -0.06808   0.03863   0.09409   0.01766  -0.00047   0.12057   0.01631  -0.12233  -0.19021   0.18759   0.09957  -0.06083 
 -0.06160   0.12437   0.05988  -0.05023  -0.10990   0.07840   0.14282  -0.01061  -0.07147  -0.01203   0.05547   0.06013  -0.03725   0.10692   0.03153  -0.06725  -0.20802   0.14501   0.13466  -0.04618 
 -0.10052   0.09346   0.09426  -0.01605  -0.10509   0.11286   0.17071  -0.06009  -0.01496  -0.00279   0.12339  -0.02061   0.00214   0.06946   0.06666  -0.12250  -0.19214   0.13870   0.24334  -0.15350 
 -0.07701   0.09718   0.16554  -0.09544  -0.04203   0.08634   0.06929  -0.03538  -0.07413   0.05255   0.07330   0.02080   0.01439   0.10577   0.00190  -0.11570  -0.16206   0.18069   0.09124  -0.06401 
 -0.04992   0.12184   0.05210  -0.05489  -0.09999   0.08625   0.13527  -0.01907  -0.07697   0.02112   0.03905   0.05149  -0.02947   0.10539   0.02891  -0.07382  -0.19595   0.13606   0.12231  -0.03671 
 -0.09416   0.09801   0.08535  -0.01858  -0.06442   0.08818   0.13575  -0.06055  -0.01024   0.02239   0.06449  -0.02148  -0.03764   0.13140   0.05310  -0.11524  -0.19767   0.16917   0.22679  -0.15797 
 -0.07360   0.12120   0.13976  -0.09544  -0.07669   0.13933   0.07720  -0.03350  -0.06930  -0.00240   0.11372   0.03634   0.00619   0.12609  -0.01142  -0.11321  -0.20107   0.16886   0.08724  -0.03320 
 -0.06899   0.12311   0.05266  -0.03769  -0.11839   0.11441   0.09259   0.01342  -0.06183   0.00833  -0.02090   0.06017  -0.04435   0.10169   0.03617  -0.05691  -0.16586   0.13345   0.11933  -0.04748 
 -0.09614   0.10186   0.06643  -0.00777  -0.06724   0.08149   0.12737  -0.04606  -0.02289   0.01775   0.07176  -0.00686  -0.03624   0.11247   0.07202  -0.11574  -0.14426   0.13320   0.22358  -0.15609 
 -0.06861   0.10152   0.14143  -0.08630  -0.06596   0.09925   0.04468   0.00043  -0.07954   0.05266   0.05122   0.03188  -0.01862   0.10569  -0.01152  -0.05410  -0.16234   0.16490   0.05694  -0.02988 
 -0.06973   0.11913   0.02731  -0.01925  -0.11089   0.07529   0.08254   0.03355  -0.07884  -0.00516  -0.00959   0.07825  -0.03696   0.11177  -0.00744  -0.03941  -0.15071   0.08900   0.09761  -0.01279 
 -0.09640   0.07670   0.04892   0.01778  -0.08005   0.05722   0.11223  -0.00678  -0.06828   0.03646   0.08901   0.02080  -0.02104   0.09017   0.04250  -0.08296  -0.15148   0.12265   0.18410  -0.10127 
 -0.08672   0.09210   0.12136  -0.04585  -0.03159   0.05256  -0.00503   0.01532  -0.06376  -0.00573   0.04216   0.05398   0.05692   0.06347  -0.04743  -0.10065  -0.15311   0.11191   0.03936   0.00902 
 -0.03913   0.07121  -0.00003  -0.00156  -0.03968   0.10352   0.04210  -0.03027  -0.00895  -0.04591  -0.01372   0.03762   0.01912   0.13417  -0.02361  -0.13384  -0.08892   0.13251   0.05577  -0.04717 
 -0.03394   0.09448   0.02294  -0.03366   0.00188   0.29450   0.04247  -0.29513   0.09586   0.17113  -0.05370  -0.32793   0.08949   0.23552  -0.03883  -0.54585  -0.05783   0.33810   0.12862  -0.41264 
  0.03271   0.27661   0.04132  -0.37405   0.23921  -0.18138  -0.35565  -0.26124   0.28581  -0.45877  -0.37810  -0.29513   0.32344  -0.25439  -0.48166  -0.38392   0.06091   0.01963   0.04430  -0.08321 
  0.28485  -0.22908  -0.31996  -0.26626  -0.68181  -0.97195   0.69707  -0.69375  -0.26277  -0.55991   0.66438  -0.01412  -0.25940  -0.59380   0.49100  -0.26650  -0.65223  -0.63633   0.60479  -0.42054 
 -0.53681  -0.81249   0.66141  -0.47872  -0.70513  -1.91106   0.73518  -2.08533  -0.35111  -4.09089   0.96541  -2.02561  -1.78989  -3.18927   0.69821  -3.32970  -0.79529  -2.36032   0.70540  -2.11072 
 -1.21260  -2.69526   0.76711  -2.64268  -1.50160  -4.09089  -4.09089   0.50390   0.42698  -4.09089  -4.09089  -4.09089  -3.09080  -1.06935  -4.09089   0.55633   0.19224   0.06645  -4.09089   0.01861 
 -2.64244  -1.02879  -4.09089   0.47101   0.11536   0.55992  -4.09089  -4.09089   0.34780  -0.62902  -0.28277  -0.66395  -4.09089  -4.09089  -4.09089  -4.09089   0.40164  -0.51150  -0.11903  -0.38966 
  0.29140  -0.50075  -0.07256  -0.33178   0.12235  -0.05432  -0.45170   0.00127   0.08684  -0.28688  -0.23515   0.06158   0.30110  -0.19465  -0.37890  -0.37221   0.11805  -0.15630  -0.13934   0.02562 
  0.18003  -0.14513  -0.35055  -0.04192  -0.38696  -0.32350   0.53150  -0.18620  -0.14438  -0.23869   0.42616   0.04908  -0.28291  -0.32601   0.40156  -0.07102  -0.21996  -0.23036   0.43515  -0.21877 
 -0.28803  -0.30093   0.48485  -0.15266  -0.14553  -0.00200  -0.05013   0.15051  -0.12794  -0.03875  -0.27635   0.16440  -0.30280  -0.04223  -0.43288   0.33225  -0.12931  -0.00882  -0.09028   0.10513 
 -0.21742  -0.00734  -0.20992   0.20284  -0.05532   0.00810  -0.22172   0.13301  -0.07913  -0.05062  -0.33113   0.14396  -0.05028   0.04809  -0.25658   0.14030  -0.00480  -0.03380  -0.07471   0.04866 
 -0.06634  -0.01121  -0.13412   0.10999  -0.13176   0.11060  -0.18094   0.14029  -0.16331   0.01916  -0.22731   0.15553  -0.06026   0.09804  -0.25062   0.11656  -0.14296   0.09057  -0.18748   0.09913 
 -0.14472   0.08565  -0.19545   0.13224  -0.12390   0.12297  -0.20587   0.13614  -0.19395   0.00423  -0.28167   0.18248  -0.07967   0.12888  -0.25882   0.11388  -0.15901   0.14756  -0.19384   0.07961 
 -0.16379   0.11861  -0.22030   0.13232  -0.10999   0.06513  -0.14656   0.13408  -0.17649  -0.07012  -0.25619   0.19833  -0.07635   0.10653  -0.24003   0.12066  -0.14270   0.10736  -0.14190   0.07885 
 -0.15098   0.07033  -0.17698   0.13784  -0.10949   0.06094  -0.13691   0.13250  -0.14327  -0.10254  -0.22430   0.18892  -0.10758   0.10512  -0.18039   0.12512  -0.12355   0.06272  -0.08173   0.07214 
 -0.14015   0.04374  -0.12502   0.12981  -0.08312   0.04630  -0.16511   0.12665  -0.12339  -0.09216  -0.23977   0.17660  -0.05413   0.00829  -0.18659   0.14221  -0.11352   0.02039  -0.10771   0.09363 
 -0.11565   0.00968  -0.14577   0.13544  -0.08114   0.05404  -0.17224   0.12420  -0.16931  -0.05928  -0.25639   0.19139  -0.09243   0.07258  -0.25734   0.15849  -0.13454   0.08382  -0.13873   0.08550 
 -0.13636   0.05576  -0.17099   0.13490  -0.11463   0.11379  -0.13249   0.11320  -0.18782  -0.01973  -0.28227   0.18877  -0.11595   0.12749  -0.26554   0.14367  -0.15686   0.12121  -0.14390   0.07832 
 -0.16317   0.10010  -0.17131   0.12926  -0.12114   0.10334  -0.15494   0.12903  -0.17437   0.02360  -0.36368   0.17205  -0.09916   0.10342  -0.17888   0.11945  -0.16671   0.13298  -0.13254   0.07279 
 -0.16395   0.10921  -0.17319   0.12577  -0.11088   0.10500  -0.18664   0.12980  -0.18750  -0.01422  -0.33571   0.19112  -0.08252   0.06524  -0.22993   0.14751  -0.17556   0.10272  -0.11784   0.08642 
 -0.16426   0.08235  -0.17825   0.13962  -0.09370   0.04984  -0.18633   0.13892  -0.16064  -0.01993  -0.35461   0.18170  -0.12707   0.07605  -0.13993   0.14178  -0.15425   0.08224  -0.09966   0.08199 
 -0.15355   0.06274  -0.15232   0.13622  -0.10541   0.05002  -0.15553   0.13898  -0.16105  -0.03258  -0.30945   0.18286  -0.08804   0.09228  -0.26441   0.14587  -0.16652   0.06977  -0.11358   0.09640 
 -0.15521   0.05650  -0.16324   0.14246  -0.11392   0.02025  -0.11950   0.14488  -0.14711  -0.06332  -0.30321   0.18589  -0.11539   0.06389  -0.19897   0.16147  -0.13137   0.03489  -0.11239   0.09676 
 -0.14695   0.02426  -0.14430   0.14626  -0.10405   0.03152  -0.13251   0.13801  -0.14876  -0.07033  -0.25474   0.18462  -0.10476   0.04210  -0.17388   0.15777  -0.16175   0.05235  -0.10785   0.10008 
 -0.15430   0.03118  -0.13412   0.14467  -0.11278   0.04487  -0.14970   0.14432  -0.13019  -0.10137  -0.23839   0.18309  -0.12159   0.04041  -0.15424   0.16303  -0.15845   0.03636  -0.07489   0.09470 
 -0.15415   0.02086  -0.11638   0.14376  -0.09586   0.01177  -0.16658   0.14836  -0.12917  -0.06810  -0.25134   0.17306  -0.12613   0.08397  -0.18451   0.15246  -0.14534   0.03111  -0.07206   0.09080 
 -0.14487   0.02466  -0.12222   0.13916  -0.12221   0.03444  -0.15038   0.15443  -0.12438  -0.07190  -0.25514   0.17205  -0.08696   0.01426  -0.18507   0.16324  -0.15938   0.05433  -0.08752   0.09200 
 -0.14993   0.02862  -0.12898   0.14207  -0.09958  -0.02348  -0.10517   0.14449  -0.14348  -0.05630  -0.25514   0.17715  -0.09034   0.00330  -0.15325   0.16005  -0.12730   0.01168  -0.10101   0.10040 
 -0.13690  -0.00198  -0.12162   0.14478  -0.10381  -0.01627  -0.11591   0.14851  -0.13853  -0.08980  -0.20520   0.18044  -0.10283   0.01225  -0.17502   0.17172  -0.13974  -0.00384  -0.09361   0.10845 
 -0.14350  -0.01334  -0.11607   0.15067  -0.11093  -0.01188  -0.08743   0.14326  -0.12252  -0.09982  -0.20531   0.17487  -0.08610   0.01675  -0.17847   0.15923  -0.11986  -0.01695  -0.08327   0.10194 
 -0.13400  -0.01925  -0.10223   0.14394  -0.08877  -0.03480  -0.12560   0.14628  -0.12204  -0.07384  -0.21924   0.16763  -0.12222   0.01135  -0.15054   0.17643  -0.13850  -0.03791  -0.06322   0.10960 
 -0.13792  -0.03040  -0.09745   0.14842  -0.09991  -0.03546  -0.16984   0.16623  -0.10469  -0.08140  -0.21216   0.15921  -0.10869   0.00934  -0.17670   0.17747  -0.12070  -0.01243  -0.08489   0.10125 
 -0.13069  -0.01969  -0.12134   0.14766  -0.10858   0.00410  -0.12325   0.14761  -0.10328  -0.09761  -0.23534   0.16628  -0.10728   0.01197  -0.20796   0.18499  -0.14059  -0.01805  -0.06928   0.10588 
 -0.13953  -0.01749  -0.10842   0.14796  -0.10360  -0.05263  -0.12236   0.16071  -0.08008  -0.09842  -0.15697   0.14256  -0.13190   0.00195  -0.10626   0.17073  -0.14662  -0.02066  -0.05843   0.10542 
 -0.13924  -0.03108  -0.08316   0.14516  -0.10584  -0.03185  -0.10579   0.15151  -0.10633  -0.05810  -0.17234   0.14714  -0.09689  -0.02187  -0.15470   0.17646  -0.12330  -0.01970  -0.07391   0.10122 
 -0.13155  -0.02323  -0.09482   0.14188  -0.08892  -0.02272  -0.14077   0.14715  -0.09602  -0.09545  -0.19932   0.15713  -0.11532  -0.03234  -0.10618   0.17548  -0.12915  -0.02437  -0.04687   0.09593 
 -0.12840  -0.03199  -0.08367   0.13988  -0.11039  -0.01716  -0.11443   0.15284  -0.09776  -0.08393  -0.14599   0.14756  -0.10394  -0.01992  -0.11230   0.16497  -0.14102  -0.02569  -0.03768   0.09776 
 -0.13763  -0.02770  -0.06933   0.13896  -0.09829  -0.02553  -0.07451   0.13430  -0.07483  -0.12263  -0.17572   0.14947  -0.08522  -0.00517  -0.15235   0.16013  -0.11906  -0.06044  -0.04486   0.10284 
 -0.11895  -0.04863  -0.07206   0.13672  -0.08218  -0.01914  -0.07420   0.12008  -0.04613  -0.13102  -0.21492   0.13698  -0.09779   0.00946  -0.14610   0.15971  -0.09488  -0.05923  -0.04764   0.09333 
 -0.10157  -0.04604  -0.07331   0.12629  -0.07559  -0.07642  -0.11057   0.14379  -0.11682  -0.11181  -0.23955   0.17902  -0.08658  -0.02743  -0.10795   0.15460  -0.13536  -0.04932  -0.04229   0.10490 
 -0.12231  -0.05816  -0.07657   0.14303  -0.08905  -0.00843  -0.12052   0.13691  -0.09419  -0.08185  -0.24123   0.15611  -0.11296  -0.00062  -0.13811   0.17173  -0.10648  -0.02599  -0.02895   0.08044 
 -0.12007  -0.02279  -0.07281   0.12874  -0.08327  -0.05909  -0.10874   0.14418  -0.05818  -0.12457  -0.19976   0.14171  -0.08708  -0.06975  -0.09733   0.16859  -0.11883  -0.04765  -0.04475   0.09869 
 -0.10915  -0.06154  -0.07506   0.13633  -0.08197  -0.04403  -0.07624   0.12837  -0.10876  -0.08879  -0.18103   0.16049  -0.06386  -0.01305  -0.11760   0.13469  -0.10398  -0.05575  -0.02969   0.08962 
 -0.11052  -0.04792  -0.05688   0.12684  -0.08363  -0.04707  -0.05977   0.12479  -0.07654  -0.13333  -0.14807   0.15035  -0.08118  -0.02847  -0.10395   0.14956  -0.11131  -0.03862  -0.02241   0.08437 
 -0.10929  -0.04957  -0.04666   0.12326  -0.08833  -0.02775  -0.07419   0.12752  -0.07265  -0.13328  -0.20546   0.15496  -0.09483  -0.00057  -0.10357   0.14614  -0.13488  -0.02654  -0.03880   0.09605 
 -0.11965  -0.03472  -0.06245   0.12937  -0.06086  -0.09340  -0.07155   0.12419  -0.09503  -0.08120  -0.12936   0.14255  -0.08858  -0.00015  -0.14363   0.15699  -0.13300  -0.08578   0.00214   0.09855 
 -0.11437  -0.06642  -0.04152   0.13000  -0.07590  -0.05786  -0.04856   0.11789  -0.07564  -0.10532  -0.20145   0.14756  -0.08979   0.00425  -0.08681   0.13294  -0.11328  -0.07319  -0.02513   0.09726 
 -0.10970  -0.05671  -0.04361   0.12485  -0.08401  -0.08366  -0.04153   0.12891  -0.05373  -0.09212  -0.16584   0.12306  -0.08104  -0.04589  -0.10363   0.15700  -0.10614  -0.05258  -0.03166   0.09026 
 -0.10332  -0.06009  -0.04713   0.12342  -0.07467  -0.06662  -0.08788   0.13323  -0.05916  -0.10235  -0.18660   0.13336  -0.09780   0.01959  -0.06857   0.12262  -0.12002  -0.05062  -0.01326   0.08847 
 -0.10833  -0.04581  -0.04455   0.12069  -0.05977  -0.04925  -0.08580   0.11558  -0.03925  -0.11204  -0.12170   0.11269  -0.09608  -0.02198  -0.06977   0.14280  -0.09220  -0.05902  -0.02252   0.08278 
 -0.08967  -0.05480  -0.04642   0.11307  -0.06439  -0.06681  -0.10840   0.13188  -0.07343  -0.09256  -0.14862   0.13490  -0.07494  -0.00971  -0.12059   0.14282  -0.10477  -0.05952  -0.01489   0.08553 
 -0.09664  -0.05456  -0.05833   0.12133  -0.10980  -0.03410  -0.05815   0.13947  -0.07292  -0.15998  -0.13053   0.15351  -0.08574  -0.07493  -0.08154   0.16330  -0.10981  -0.03311  -0.00987   0.07691 
 -0.11603  -0.05623  -0.03506   0.12541  -0.08554  -0.07018  -0.03966   0.12563  -0.08662  -0.06663  -0.15094   0.13477  -0.04865  -0.03278  -0.12119   0.13332  -0.10080  -0.07241   0.00065   0.08169 
 -0.10251  -0.05912  -0.03142   0.11714  -0.08647  -0.07548  -0.04694   0.13050  -0.07674  -0.08381  -0.13687   0.13240  -0.07307   0.04406  -0.14029   0.12096  -0.11292  -0.05708  -0.00219   0.08320 
