IntronPotTab 1 1024 -17.27980 4.06700 29.35789 14482 6 16  949.92
   -0.00775
   -0.00364
    0.02171
   -0.00139
   -0.01768
   -0.02586
   -0.01157
    0.04056
   -0.01528
    0.00922
   -0.00878
    0.02212
   -0.02871
   -0.01795
    0.03804
    0.00695
   -0.03305
   -0.01444
    0.03793
    0.02795
   -0.02547
   -0.01880
   -0.00815
    0.04773
   -0.00555
    0.00619
   -0.01685
    0.01793
   -0.03443
   -0.05579
    0.08871
    0.00720
   -0.00929
   -0.02886
    0.00118
    0.02894
    0.00469
   -0.06281
   -0.00903
    0.03715
   -0.00156
   -0.01746
    0.00911
    0.00786
   -0.01303
   -0.05828
    0.00375
    0.03817
   -0.02858
    0.00286
    0.02326
    0.01726
   -0.02046
   -0.03280
   -0.01199
    0.04716
   -0.02457
    0.00405
   -0.01017
    0.03695
   -0.03190
   -0.00076
    0.01891
    0.00920
   -0.01557
   -0.02581
    0.00890
    0.02986
   -0.00726
   -0.03246
    0.01277
    0.02487
   -0.00755
   -0.02296
   -0.02492
    0.04793
   -0.02653
   -0.03069
    0.02159
    0.02258
   -0.02929
   -0.02775
    0.02588
    0.03916
   -0.01316
   -0.00414
   -0.03388
    0.03399
   -0.02926
   -0.01198
    0.00166
    0.04837
   -0.05049
   -0.04071
    0.07067
    0.02307
   -0.01831
   -0.02766
    0.01831
    0.02540
   -0.00086
   -0.04642
    0.02973
    0.02445
    0.00815
   -0.03429
    0.00851
    0.01684
   -0.01147
   -0.05579
    0.02037
    0.03030
   -0.03226
    0.00684
    0.00705
    0.02801
   -0.03353
   -0.02323
   -0.00890
    0.05427
   -0.02804
   -0.00143
   -0.01621
    0.04881
   -0.02253
   -0.01522
    0.00437
    0.01871
   -0.01572
    0.01044
   -0.01118
    0.03121
    0.01342
   -0.01596
   -0.00372
   -0.00298
   -0.02133
    0.01799
   -0.00900
    0.04202
   -0.00957
   -0.04303
    0.02992
    0.00799
   -0.03922
   -0.02252
    0.01711
    0.04756
   -0.00767
   -0.04430
   -0.00466
    0.04495
   -0.01600
    0.01732
   -0.01475
    0.02737
   -0.02583
   -0.05407
    0.06149
    0.01313
   -0.00882
   -0.01559
   -0.00552
    0.02787
    0.00637
   -0.03385
   -0.02475
    0.03129
   -0.00480
   -0.02426
   -0.00282
    0.02734
   -0.04469
   -0.03398
    0.00837
    0.04387
   -0.02647
   -0.00552
    0.02139
    0.01645
    0.01515
   -0.02232
   -0.02716
    0.01203
   -0.01870
    0.01131
   -0.00957
    0.02517
   -0.02046
   -0.01666
    0.00039
    0.02075
   -0.02722
   -0.00009
    0.01521
    0.02401
   -0.01932
   -0.04109
   -0.01104
    0.04872
   -0.03216
    0.01989
   -0.02158
    0.04399
   -0.03796
   -0.00036
    0.04204
    0.00531
   -0.04427
   -0.02030
    0.05096
    0.03437
   -0.02337
   -0.03627
    0.00548
    0.04621
   -0.03060
    0.00746
    0.00410
    0.03816
   -0.05218
   -0.05206
    0.10516
    0.01057
   -0.01929
   -0.01460
    0.00892
    0.02292
   -0.03061
   -0.04950
   -0.00540
    0.06702
   -0.01270
   -0.01907
   -0.01546
    0.04242
   -0.02116
   -0.03459
    0.00507
    0.03144
   -0.03799
    0.01228
    0.01653
    0.02091
   -0.03156
   -0.03235
    0.00206
    0.04913
   -0.04063
    0.01363
   -0.00318
    0.04309
   -0.03159
    0.00256
    0.03846
   -0.00515
   -0.01674
   -0.00670
   -0.00261
    0.02594
   -0.01992
   -0.02777
   -0.01657
    0.04753
   -0.01062
   -0.00809
   -0.02850
    0.03904
   -0.01871
   -0.03056
    0.03068
    0.00917
   -0.03989
   -0.01825
    0.04150
    0.03195
   -0.01890
   -0.00288
   -0.02355
    0.03878
   -0.02196
   -0.00359
   -0.00372
    0.02850
   -0.05384
   -0.03957
    0.08110
    0.01235
   -0.00219
   -0.04853
   -0.00916
    0.03623
   -0.00740
   -0.06362
   -0.03132
    0.06358
    0.00382
   -0.00473
   -0.00279
    0.00089
   -0.02098
   -0.04770
   -0.00042
    0.04180
   -0.02199
   -0.01793
    0.01815
    0.01867
   -0.03460
   -0.03510
   -0.02127
    0.06981
   -0.02255
    0.00530
   -0.02311
    0.03704
   -0.02455
   -0.01625
    0.00863
    0.01550
   -0.00608
   -0.00856
   -0.02233
    0.03217
   -0.01460
   -0.01089
   -0.02062
    0.03685
   -0.01429
   -0.03506
   -0.01508
    0.06236
   -0.02957
   -0.02211
    0.00882
    0.02858
   -0.03615
   -0.00267
    0.03465
    0.02660
   -0.06061
    0.05566
   -0.00448
    0.00507
   -0.04993
    0.02666
    0.00255
    0.04357
   -0.08328
   -0.01518
    0.06112
    0.03072
   -0.02615
   -0.02088
    0.00223
    0.04338
   -0.03354
   -0.01212
    0.04144
    0.02138
   -0.00815
   -0.01891
    0.01262
    0.01873
   -0.02412
   -0.00821
    0.01038
    0.01201
   -0.03205
   -0.00255
    0.00416
    0.03745
   -0.03810
   -0.00882
   -0.01981
    0.05123
   -0.03884
   -0.00698
   -0.03195
    0.07257
   -0.03158
   -0.03482
   -0.01738
    0.04822
   -0.00914
   -0.02498
   -0.02116
    0.04776
    0.00186
   -0.04057
    0.01497
    0.02783
   -0.00417
   -0.02843
   -0.01691
    0.05370
   -0.03245
   -0.01556
    0.00219
    0.02840
   -0.02427
   -0.04784
    0.02610
    0.04066
   -0.04255
   -0.00311
    0.02500
    0.02118
   -0.02932
    0.00918
    0.00474
    0.02389
   -0.05718
   -0.01509
    0.01032
    0.03593
    0.00226
   -0.03818
   -0.01114
    0.03368
   -0.01305
   -0.02678
    0.01673
    0.02400
    0.00605
   -0.04267
    0.04525
   -0.01009
   -0.02086
   -0.03611
   -0.00554
    0.04413
   -0.01223
   -0.03059
   -0.00794
    0.03976
   -0.03601
   -0.01747
   -0.00225
    0.05662
   -0.03000
   -0.00693
   -0.01650
    0.05514
   -0.04896
    0.00805
   -0.03285
    0.04216
   -0.02351
    0.00179
   -0.01608
    0.03363
   -0.01759
   -0.02814
   -0.06152
    0.05466
   -0.02303
   -0.01091
   -0.02353
    0.05174
   -0.01075
   -0.02861
    0.02510
    0.00779
   -0.03815
   -0.03991
    0.02221
    0.05482
   -0.03817
   -0.00119
    0.00247
    0.03600
   -0.02266
   -0.00419
   -0.03579
    0.06350
   -0.07968
    0.01754
    0.05757
   -0.00686
   -0.02168
   -0.02862
   -0.02080
    0.05284
   -0.01784
   -0.05218
   -0.02627
    0.05474
   -0.01627
   -0.04080
    0.01077
    0.04012
   -0.02579
   -0.05048
    0.01630
    0.03424
   -0.02989
   -0.01748
   -0.00427
    0.03968
   -0.03499
   -0.01820
   -0.04516
    0.05417
   -0.03114
   -0.00279
   -0.03366
    0.06316
   -0.02835
   -0.01210
   -0.00329
    0.02060
   -0.01838
    0.00664
    0.00227
    0.02050
   -0.03315
   -0.03185
   -0.01697
    0.06237
   -0.03981
    0.00215
   -0.01760
    0.07561
   -0.04098
   -0.02129
    0.03206
    0.01735
   -0.03216
   -0.03601
    0.03921
    0.03361
   -0.01192
   -0.02820
   -0.02717
    0.04983
   -0.00334
    0.00178
   -0.00248
    0.00584
   -0.01528
   -0.05978
    0.07106
    0.00450
    0.00932
   -0.02204
   -0.02394
    0.02884
   -0.00423
   -0.05826
   -0.01661
    0.04365
   -0.00492
   -0.01375
   -0.00023
    0.01972
   -0.01312
   -0.05814
    0.00694
    0.03637
   -0.01908
   -0.00259
   -0.00974
    0.02498
   -0.02547
   -0.02998
    0.00025
    0.04542
   -0.03269
    0.01987
   -0.01204
    0.04013
   -0.03016
   -0.00839
    0.01893
    0.00876
   -0.00433
   -0.03053
   -0.01653
    0.03707
   -0.00733
   -0.03622
   -0.03258
    0.05370
   -0.01492
   -0.04105
   -0.02369
    0.07899
   -0.03573
   -0.02477
    0.01284
    0.03052
   -0.03025
   -0.03597
    0.03330
    0.04096
   -0.04576
    0.01646
   -0.02534
    0.05388
   -0.01515
    0.00821
   -0.01545
    0.02876
   -0.05522
   -0.05109
    0.07986
    0.02901
    0.00849
   -0.06706
   -0.01318
    0.06300
   -0.03210
   -0.05586
    0.04238
    0.04823
   -0.00401
   -0.03598
    0.01018
    0.03826
   -0.03122
   -0.04361
    0.01726
    0.03716
   -0.01748
   -0.01496
   -0.02051
    0.04593
   -0.02504
   -0.02298
   -0.03328
    0.06324
   -0.00905
   -0.02918
   -0.03909
    0.07638
    0.00498
   -0.04083
   -0.02069
    0.04139
   -0.00357
   -0.00320
   -0.01352
    0.02092
    0.00079
   -0.01728
   -0.02949
    0.02899
   -0.02383
    0.02466
   -0.02066
    0.04332
   -0.01217
   -0.04070
    0.01797
    0.01779
   -0.02744
   -0.03501
    0.03290
    0.03084
   -0.01099
   -0.02270
   -0.02039
    0.04576
   -0.02845
    0.01769
   -0.00046
    0.03927
   -0.04677
   -0.03763
    0.03913
    0.02460
    0.01060
   -0.02362
   -0.01524
    0.01461
    0.01836
   -0.04165
    0.00748
    0.00897
   -0.01974
   -0.03992
    0.04917
   -0.00437
   -0.02883
   -0.05997
    0.00285
    0.05101
   -0.01650
   -0.03074
    0.02697
    0.01725
   -0.00927
   -0.02076
   -0.03693
    0.05757
   -0.03885
    0.03485
   -0.02141
    0.05158
   -0.02932
   -0.01927
   -0.00706
    0.03107
   -0.02334
    0.00776
   -0.03047
    0.04096
   -0.01532
   -0.05060
   -0.04934
    0.06757
   -0.03120
    0.00435
   -0.03590
    0.06395
   -0.03015
   -0.01447
    0.02220
    0.01448
   -0.03775
   -0.03761
    0.03089
    0.04632
   -0.03517
   -0.02784
   -0.01607
    0.05975
   -0.02293
   -0.00318
   -0.01583
    0.04773
   -0.06370
   -0.03186
    0.07856
    0.01479
    0.00850
   -0.02811
   -0.05321
    0.04236
   -0.02538
   -0.06369
   -0.02630
    0.07441
   -0.00537
   -0.03578
    0.00220
    0.03401
   -0.02108
   -0.03948
    0.00298
    0.03446
   -0.02444
    0.01073
   -0.01790
    0.02961
   -0.03603
   -0.03175
   -0.04839
    0.07235
   -0.02393
    0.00665
   -0.01841
    0.03871
   -0.04733
    0.00828
    0.01039
    0.01351
   -0.02266
    0.00723
    0.01924
    0.01316
   -0.02358
   -0.03819
   -0.01700
    0.05096
   -0.01585
    0.02254
   -0.02900
    0.02278
   -0.03984
   -0.00808
    0.05057
    0.00201
   -0.04738
   -0.02584
    0.05966
    0.03252
   -0.02230
   -0.01632
   -0.01290
    0.03925
   -0.01834
   -0.00725
   -0.01531
    0.03372
   -0.06496
   -0.05007
    0.09962
    0.01601
   -0.01102
   -0.03483
   -0.00921
    0.03629
   -0.01103
   -0.08489
   -0.01580
    0.06863
    0.00041
   -0.00625
   -0.01164
    0.01269
   -0.04622
   -0.03416
   -0.00308
    0.04874
   -0.03021
   -0.00370
    0.02741
    0.01230
   -0.03625
   -0.03046
   -0.03230
    0.06458
   -0.02725
    0.01215
   -0.01444
    0.03012
   -0.03282
    0.00064
    0.03895
   -0.00139
   -0.01529
   -0.00995
   -0.00918
    0.02921
   -0.02250
   -0.03725
   -0.01782
    0.05712
   -0.02107
   -0.03234
   -0.03433
    0.07197
   -0.03254
   -0.04071
    0.02961
    0.02810
   -0.04859
   -0.02014
    0.02559
    0.04830
   -0.05572
    0.02387
   -0.00289
    0.03542
   -0.04984
   -0.01059
   -0.00489
    0.07407
   -0.06250
   -0.04427
    0.09468
    0.02301
   -0.01142
   -0.04458
   -0.00158
    0.04025
   -0.03892
   -0.06808
    0.07429
    0.06131
   -0.00467
   -0.03656
   -0.01599
    0.04739
   -0.05265
   -0.03079
    0.01127
    0.04518
   -0.02274
   -0.01095
   -0.00416
    0.03040
   -0.05940
   -0.05362
   -0.03380
    0.06561
   -0.04436
   -0.00889
   -0.03487
    0.07585
   -0.00993
   -0.05800
    0.01796
    0.03250
   -0.01725
   -0.00137
   -0.02302
    0.04109
   -0.01717
   -0.03775
   -0.03970
    0.06401
   -0.01408
    0.00849
   -0.01927
    0.02814
   -0.02677
   -0.02853
    0.01548
    0.02060
   -0.04709
   -0.01081
    0.01866
    0.04036
   -0.02952
   -0.02806
   -0.04022
    0.07068
   -0.03505
   -0.01045
    0.00704
    0.04279
   -0.03738
   -0.07174
    0.03940
    0.03521
   -0.00555
   -0.03301
   -0.00205
    0.02729
    0.00910
   -0.05769
   -0.03063
    0.04924
   -0.01711
   -0.07015
    0.01873
    0.05484
   -0.03924
   -0.03397
   -0.00627
    0.04855
   -0.02251
   -0.01921
    0.02075
    0.01918
   -0.03535
   -0.02496
   -0.03422
    0.07239
   -0.03362
    0.01728
   -0.02003
    0.04103
   -0.02551
   -0.02560
    0.00231
    0.02576
   -0.03256
    0.01661
    0.01990
    0.01636
   -0.02583
   -0.03186
   -0.01873
    0.04923
   -0.02181
    0.02657
   -0.03967
    0.03677
   -0.03394
    0.00689
    0.04856
   -0.01077
   -0.06041
   -0.00197
    0.04323
    0.03947
   -0.05270
    0.01066
    0.00824
    0.03801
   -0.03879
    0.01531
   -0.02044
    0.05385
   -0.06684
   -0.03217
    0.10994
    0.00127
   -0.02298
   -0.00841
   -0.00862
    0.03316
   -0.03664
   -0.04531
   -0.00023
    0.06087
   -0.02665
   -0.02178
   -0.00142
    0.04490
   -0.04660
   -0.01547
    0.01813
    0.02268
   -0.03681
    0.02298
    0.02271
    0.00909
   -0.04428
   -0.01151
   -0.00339
    0.03966
   -0.03820
    0.02488
   -0.02001
    0.03937
   -0.03913
    0.01273
    0.02787
   -0.00223
