9 20 3 1 47 -3.2234 2.0855 3.8797 14140
 -0.06595   0.07527   0.07786  -0.04993  -0.14905   0.07501   0.16209  -0.02496  -0.07561   0.02240   0.06318   0.02648  -0.07056   0.08963   0.05576  -0.04950  -0.16289   0.11315   0.11336  -0.08077 
 -0.10718   0.08180   0.10065  -0.03818  -0.08230   0.05514   0.17072  -0.09140  -0.04734   0.02920   0.12496  -0.04319  -0.04964   0.06258   0.08435  -0.08247  -0.17617   0.05258   0.20328  -0.11719 
 -0.07837   0.05660   0.14806  -0.09035  -0.07788   0.05928   0.10571  -0.03006  -0.06838   0.02146   0.08423   0.00944  -0.02808   0.08066   0.04833  -0.08993  -0.19337   0.13264   0.06382  -0.04191 
 -0.06985   0.08128   0.07234  -0.04665  -0.12542   0.07767   0.15299  -0.03993  -0.08588   0.02200   0.08040   0.02655  -0.07065   0.08875   0.05130  -0.04338  -0.20430   0.11272   0.12407  -0.07072 
 -0.11056   0.08218   0.10250  -0.03729  -0.11107   0.04254   0.17721  -0.05670  -0.06955   0.03045   0.14837  -0.03749  -0.02502   0.08215   0.07599  -0.13373  -0.16501   0.10173   0.17486  -0.13519 
 -0.08300   0.07514   0.14201  -0.09611  -0.06072   0.06059   0.10840  -0.05313  -0.06068   0.03750   0.07585  -0.00557   0.01240   0.04314   0.03082  -0.09113  -0.17961   0.11189   0.08530  -0.04675 
 -0.04717   0.06891   0.07101  -0.05714  -0.14187   0.07561   0.18203  -0.05417  -0.09344   0.03044   0.09727   0.01747  -0.08513   0.10384   0.07287  -0.06764  -0.19298   0.09642   0.13456  -0.07125 
 -0.11832   0.08076   0.12347  -0.04891  -0.09527   0.03140   0.18320  -0.07369  -0.04242   0.02418   0.13073  -0.04834  -0.04363   0.08256   0.10288  -0.14330  -0.15862   0.08472   0.19797  -0.15125 
 -0.07403   0.06664   0.15413  -0.11140  -0.06297   0.06280   0.08609  -0.03129  -0.08377   0.02933   0.07498   0.02227  -0.00005   0.10353   0.00373  -0.11120  -0.17771   0.11750   0.08886  -0.05558 
 -0.05468   0.08476   0.05835  -0.05266  -0.12474   0.09538   0.15900  -0.06052  -0.05688  -0.00435   0.10888   0.00331  -0.05619   0.07725   0.06582  -0.06642  -0.25308   0.11832   0.13322  -0.06396 
 -0.10459   0.07802   0.11516  -0.05050  -0.08710   0.06728   0.16456  -0.08742  -0.02947   0.00706   0.13814  -0.05382  -0.02675   0.06949   0.08392  -0.12582  -0.15032   0.08457   0.20255  -0.16256 
 -0.06185   0.06476   0.14773  -0.11548  -0.05410   0.02659   0.11730  -0.04659  -0.06229   0.01683   0.06160   0.01950   0.00203   0.07309   0.00570  -0.07921  -0.14812   0.13307   0.04866  -0.05150 
 -0.04201   0.06931   0.05533  -0.04948  -0.13310   0.06986   0.16421  -0.03871  -0.06966   0.02779   0.06754   0.01495  -0.05130   0.08986   0.03403  -0.05071  -0.21927   0.12755   0.10595  -0.06120 
 -0.10550   0.08515   0.09628  -0.03862  -0.10810   0.04408   0.17742  -0.06125  -0.04338   0.01026   0.14669  -0.04702  -0.05505   0.09594   0.07939  -0.10824  -0.15487   0.08813   0.21105  -0.17585 
 -0.08215   0.06945   0.15468  -0.10607  -0.07288   0.05234   0.09571  -0.02184  -0.06094   0.02709   0.04865   0.01736  -0.00293   0.08764   0.00710  -0.08996  -0.18852   0.13310   0.08797  -0.06428 
 -0.05514   0.08270   0.05712  -0.04937  -0.12126   0.05417   0.15252  -0.02726  -0.07930   0.03102   0.08422   0.01206  -0.04843   0.08807   0.03625  -0.05500  -0.19093   0.12585   0.10001  -0.06689 
 -0.09922   0.08244   0.09251  -0.03840  -0.09026   0.05635   0.18786  -0.10433  -0.02474   0.02305   0.11469  -0.05629  -0.04193   0.07498   0.08551  -0.11036  -0.17443   0.10769   0.20027  -0.17001 
 -0.07164   0.07527   0.15017  -0.11786  -0.06733   0.06493   0.11138  -0.05135  -0.07797  -0.00196   0.05999   0.04681  -0.00852   0.09967   0.01210  -0.10154  -0.18321   0.12721   0.07556  -0.05081 
 -0.05756   0.07920   0.06094  -0.04710  -0.12273   0.04826   0.18092  -0.05268  -0.06429   0.02128   0.06792   0.01473  -0.03813   0.09473   0.04146  -0.08343  -0.18835   0.12320   0.10809  -0.07291 
 -0.09254   0.07998   0.10250  -0.05118  -0.10453   0.06745   0.17183  -0.07575  -0.03863  -0.01207   0.16388  -0.04708  -0.05276   0.09963   0.07364  -0.10865  -0.17398   0.09816   0.20488  -0.16611 
 -0.08056   0.07197   0.15237  -0.10750  -0.06596   0.07127   0.09711  -0.04382  -0.05209   0.05196   0.02125   0.00327   0.00303   0.09217  -0.00144  -0.09591  -0.17354   0.13452   0.07341  -0.06032 
 -0.04695   0.09368   0.04643  -0.05865  -0.12306   0.08244   0.13726  -0.02960  -0.04681   0.00003   0.07622   0.00930  -0.03497   0.07051   0.07561  -0.10213  -0.19648   0.12227   0.10382  -0.06439 
 -0.08657   0.07501   0.09578  -0.04620  -0.06479   0.05879   0.16241  -0.10654  -0.02352   0.01297   0.12765  -0.05818  -0.03852   0.09292   0.06208  -0.10644  -0.14439   0.09361   0.19825  -0.17014 
 -0.05744   0.07250   0.13964  -0.11866  -0.05888   0.04164   0.09340  -0.02834  -0.07615   0.07317   0.03033   0.00361  -0.00348   0.09729   0.00627  -0.10016  -0.17778   0.11913   0.08048  -0.05001 
 -0.05227   0.08822   0.05104  -0.05209  -0.11059   0.04876   0.16304  -0.04556  -0.06745   0.02332   0.04462   0.02798  -0.03775   0.09247   0.03717  -0.07620  -0.22363   0.13488   0.12794  -0.08720 
 -0.09442   0.08309   0.09778  -0.04789  -0.09418   0.07927   0.16591  -0.09008  -0.04132   0.02846   0.14164  -0.06133  -0.03477   0.08019   0.07836  -0.11828  -0.19647   0.10824   0.19562  -0.15136 
 -0.07716   0.08180   0.14505  -0.11232  -0.03027   0.07429   0.07079  -0.06570  -0.07053   0.00502   0.06842   0.03163  -0.01131   0.09278   0.01331  -0.08969  -0.18689   0.14200   0.07620  -0.06358 
 -0.04706   0.08528   0.05132  -0.05496  -0.12464   0.09292   0.13274  -0.03115  -0.07862   0.04077   0.02013   0.03642  -0.04729   0.11084   0.02756  -0.07381  -0.18696   0.13145   0.08504  -0.06092 
 -0.09846   0.09919   0.06942  -0.03400  -0.08661   0.06934   0.16156  -0.08603  -0.04272   0.03002   0.12619  -0.04986  -0.03642   0.07966   0.08002  -0.11727  -0.21118   0.09393   0.18439  -0.11447 
 -0.08068   0.07619   0.13771  -0.09473  -0.04509   0.05627   0.05120  -0.01803  -0.06128   0.02930   0.05746   0.01146  -0.02422   0.12082  -0.00565  -0.08403  -0.17489   0.14719   0.04406  -0.04853 
 -0.05445   0.09794   0.03084  -0.04262  -0.14533   0.07692   0.14476  -0.01223  -0.09221   0.04571   0.02099   0.04357  -0.04011   0.10760   0.00535  -0.05600  -0.21588   0.12851   0.09826  -0.05676 
 -0.11317   0.09607   0.07181  -0.02096  -0.08345   0.11410   0.13368  -0.09486  -0.01904   0.03262   0.11205  -0.06991  -0.03881   0.09462   0.06543  -0.11266  -0.17545   0.09863   0.20308  -0.16317 
 -0.07009   0.09178   0.13290  -0.11627  -0.06417   0.08285   0.08615  -0.04420  -0.08838   0.03427   0.08979   0.01444   0.00909   0.08745  -0.00714  -0.09400  -0.20678   0.14771   0.06135  -0.04820 
 -0.05721   0.09317   0.04937  -0.05027  -0.10942   0.07242   0.10764  -0.00826  -0.08421   0.03551   0.04368   0.03395  -0.03288   0.08850   0.01877  -0.05809  -0.16331   0.13384   0.08603  -0.07543 
 -0.08842   0.09001   0.06311  -0.02964  -0.10640   0.07328   0.15772  -0.06176  -0.05080   0.03126   0.10364  -0.02708  -0.02749   0.07928   0.03985  -0.07898  -0.14394   0.10175   0.16480  -0.13524 
 -0.07608   0.07933   0.11838  -0.08183  -0.04062   0.05632   0.07335  -0.04186  -0.07686   0.05145   0.06856   0.00238   0.02868   0.08716  -0.02902  -0.10447  -0.17245   0.12455   0.07005  -0.04887 
 -0.04190   0.08720   0.04049  -0.05312  -0.12013   0.11852   0.09917  -0.02316  -0.07048   0.02489   0.06224   0.02063  -0.08336   0.13070   0.02886  -0.05180  -0.21218   0.14326   0.08145  -0.05793 
 -0.10847   0.10927   0.06527  -0.03105  -0.07311   0.07935   0.12502  -0.06915  -0.02136   0.01360   0.10356  -0.04456  -0.05197   0.13392   0.04706  -0.12168  -0.16462   0.12881   0.16032  -0.14700 
 -0.06784   0.09919   0.10815  -0.09928  -0.05985   0.10158   0.04330  -0.02652  -0.07218   0.00241   0.06098   0.03858   0.00679   0.11454  -0.04854  -0.08156  -0.17909   0.14711   0.05334  -0.05364 
 -0.05262   0.09732   0.01963  -0.03542  -0.11025   0.14639   0.07361  -0.03274  -0.08059   0.02873   0.03311   0.04082  -0.03132   0.09731   0.00202  -0.05291  -0.19131   0.15200   0.06944  -0.06576 
 -0.09480   0.11327   0.04276  -0.02856  -0.06393   0.04347   0.10736  -0.03660  -0.01661   0.01384   0.07686  -0.03327  -0.02719   0.08477   0.02899  -0.07332  -0.14433   0.09947   0.16852  -0.13716 
 -0.05456   0.06998   0.09816  -0.07529  -0.05068   0.06486   0.00706   0.01466  -0.07221   0.04753  -0.03323   0.04858   0.00762   0.10397  -0.07050  -0.05010  -0.16017   0.11543   0.03557  -0.02086 
 -0.05011   0.08835  -0.01472  -0.00675  -0.09641   0.06164   0.05560   0.02780  -0.08495  -0.01863   0.00839   0.08510  -0.04952   0.10016   0.00212  -0.03173  -0.13729   0.09651   0.05404  -0.02914 
 -0.09166   0.06624   0.02997   0.01597  -0.08259   0.06523   0.09048  -0.01544  -0.01811  -0.00197   0.06419  -0.01188  -0.01530   0.08278   0.01332  -0.07152  -0.12630   0.06954   0.15930  -0.10786 
 -0.06197   0.06151   0.09264  -0.05518  -0.00726   0.05525  -0.06345   0.01591  -0.00587   0.01831  -0.04746   0.01373   0.03621   0.08326  -0.09022  -0.05547  -0.12470   0.08969  -0.00295   0.00795 
 -0.00981   0.06758  -0.05149  -0.00624  -0.06380   0.10814   0.06797  -0.04763  -0.00905   0.02097  -0.03792   0.01112   0.04367   0.13949  -0.06962  -0.16509  -0.13715   0.12927   0.08405  -0.08283 
 -0.04046   0.10253   0.02733  -0.05818   0.01005   0.24911   0.02509  -0.29702   0.10771   0.12484  -0.00057  -0.34826   0.10187   0.22338  -0.08999  -0.57173  -0.05820   0.28491   0.07671  -0.40023 
  0.05433   0.22744   0.00520  -0.38344   0.26197  -0.24067  -0.30215  -0.24797   0.31037  -0.37080  -0.36524  -0.26555   0.32881  -0.24175  -0.44347  -0.39473   0.07392   0.03926   0.01011  -0.08918 
  0.31034  -0.23196  -0.30375  -0.25974  -0.66793  -0.86806   0.63375  -0.69832  -0.32870  -0.34997   0.55957  -0.12617  -0.29609  -0.43334   0.46311  -0.32880  -0.68429  -0.54813   0.56441  -0.52680 
 -0.53334  -0.66827   0.59771  -0.52303  -0.68859  -4.15048   0.67463  -4.15048  -0.29281  -4.15048   0.76423  -4.15048  -1.49213  -4.15048   0.65042  -4.15048  -0.66094  -4.15048   0.64602  -4.15048 
 -1.06422  -4.15048   0.69525  -4.15048  -4.15048  -4.15048  -4.15048   0.53706  -4.15048  -4.15048  -4.15048  -4.15048  -4.15048  -0.89798  -3.39911   0.59572  -4.15048  -4.15048  -4.15048  -4.15048 
 -4.15048  -0.90053  -3.36575   0.50686  -4.15048  -4.15048  -4.15048  -4.15048   0.27569  -0.28592  -0.14161  -0.29195  -4.15048  -4.15048  -4.15048  -4.15048   0.44276  -0.46148  -0.03955  -0.44259 
  0.29772  -0.41818  -0.00503  -0.37415   0.15304   0.02133  -0.44853  -0.04911   0.04606  -0.06299  -0.08349   0.02462   0.31598  -0.15972  -0.38201  -0.46794   0.13719  -0.06140  -0.05850  -0.03229 
  0.21841  -0.07210  -0.32527  -0.10431  -0.39512  -0.30368   0.48254  -0.20238  -0.25584  -0.26327   0.40996   0.03350  -0.26518  -0.26807   0.36482  -0.09303  -0.25866  -0.19898   0.42687  -0.31850 
 -0.31373  -0.28304   0.44335  -0.17048  -0.14963   0.05006   0.00223   0.10860  -0.21698  -0.02135  -0.03453   0.17686  -0.29282  -0.03861  -0.35330   0.34713  -0.12957   0.01209  -0.01609   0.06576 
 -0.22085  -0.00722  -0.15152   0.20410  -0.04217   0.00755  -0.12815   0.10575  -0.06447  -0.03565  -0.17477   0.13520  -0.05524   0.08709  -0.22531   0.12780  -0.03425   0.03651  -0.03635   0.01800 
 -0.08120   0.04161  -0.09042   0.08889  -0.11623   0.11268  -0.12234   0.11013  -0.20427   0.06564  -0.18539   0.16330  -0.05148   0.10741  -0.16402   0.08050  -0.16174   0.12483  -0.11632   0.05397 
 -0.14849   0.11360  -0.13799   0.10460  -0.10417   0.10291  -0.14339   0.11475  -0.17977   0.03569  -0.15473   0.16160  -0.04726   0.11494  -0.24562   0.10686  -0.22516   0.17346  -0.16695   0.05898 
 -0.16326   0.13118  -0.17756   0.11474  -0.11742   0.11698  -0.12559   0.10988  -0.20620   0.01610  -0.18450   0.19046  -0.07657   0.13345  -0.16374   0.08129  -0.21723   0.16506  -0.10201   0.03709 
 -0.18239   0.12851  -0.13928   0.11318  -0.09829   0.06682  -0.07644   0.10177  -0.17227  -0.03301  -0.12617   0.18518  -0.08613   0.09170  -0.14949   0.11756  -0.17300   0.10198  -0.04925   0.04406 
 -0.15712   0.07484  -0.09157   0.11559  -0.09095   0.06797  -0.10265   0.10687  -0.18476  -0.02787  -0.08801   0.17961  -0.04771   0.08704  -0.23598   0.12533  -0.16642   0.07193  -0.05411   0.06361 
 -0.14550   0.06296  -0.10094   0.11991  -0.12439   0.05088  -0.06973   0.12548  -0.17653  -0.01221  -0.13525   0.17984  -0.07713   0.06368  -0.16118   0.13587  -0.17760   0.10942  -0.06792   0.04952 
 -0.16253   0.07655  -0.09604   0.11922  -0.12144   0.12873  -0.10960   0.09958  -0.24402   0.05275  -0.15404   0.18133  -0.07358   0.13923  -0.16738   0.07498  -0.20437   0.16107  -0.10695   0.03802 
 -0.18471   0.13965  -0.12822   0.10260  -0.11667   0.12990  -0.10015   0.09131  -0.20747   0.04934  -0.19174   0.17529  -0.11091   0.15996  -0.19042   0.09979  -0.17711   0.16968  -0.13915   0.03466 
 -0.17582   0.14461  -0.15733   0.10515  -0.08406   0.09361  -0.14964   0.10679  -0.21408   0.04711  -0.19794   0.18070  -0.06100   0.10975  -0.21449   0.11097  -0.19200   0.14433  -0.12219   0.05309 
 -0.16429   0.11934  -0.16526   0.11899  -0.11530   0.06572  -0.07981   0.11639  -0.18387   0.02895  -0.18649   0.17409  -0.06494   0.06007  -0.16080   0.12796  -0.14935   0.09790  -0.08531   0.05468 
 -0.15509   0.08318  -0.11969   0.12045  -0.12396   0.06046  -0.08273   0.12622  -0.19009   0.01739  -0.16199   0.17782  -0.09090   0.08328  -0.16908   0.13675  -0.17549   0.08599  -0.06472   0.06290 
 -0.16920   0.07720  -0.10431   0.12548  -0.11809   0.03421  -0.07220   0.12977  -0.18652   0.02449  -0.16128   0.17233  -0.11091   0.09102  -0.16828   0.14619  -0.14645   0.09767  -0.06645   0.04511 
 -0.16297   0.08228  -0.10193   0.11837  -0.11337   0.05960  -0.08023   0.11817  -0.17556  -0.00947  -0.16503   0.18463  -0.11406   0.11288  -0.17867   0.13686  -0.16503   0.10308  -0.06638   0.04853 
 -0.16370   0.08396  -0.10670   0.11961  -0.13085   0.05142  -0.06880   0.12921  -0.15453  -0.01898  -0.17204   0.18015  -0.09178   0.06517  -0.14774   0.14046  -0.14500   0.06235  -0.05527   0.06205 
 -0.15321   0.05435  -0.09526   0.12662  -0.11244   0.02761  -0.07491   0.12989  -0.18284  -0.04998  -0.09669   0.19051  -0.08927   0.10392  -0.17601   0.12313  -0.18805   0.07091  -0.03555   0.06307 
 -0.16726   0.05490  -0.07696   0.12632  -0.10157   0.02267  -0.06612   0.12052  -0.20146  -0.02938  -0.11321   0.19405  -0.11486   0.08178  -0.13059   0.13849  -0.17714   0.08042  -0.04528   0.05797 
 -0.17084   0.05970  -0.07565   0.12495  -0.11038   0.00080  -0.05121   0.12951  -0.17634  -0.02626  -0.11427   0.18133  -0.10600   0.05178  -0.15411   0.16276  -0.17316   0.08703  -0.04626   0.05273 
 -0.16444   0.05504  -0.07733   0.12495  -0.10759   0.02337  -0.07160   0.12692  -0.16740  -0.04168  -0.14313   0.19041  -0.09299   0.03408  -0.12008   0.14863  -0.13865   0.05980  -0.05981   0.06325 
 -0.14863   0.03933  -0.08639   0.12880  -0.10659   0.00667  -0.06407   0.13006  -0.15782  -0.03706  -0.10777   0.17544  -0.09814   0.04828  -0.16300   0.16303  -0.16876   0.06116  -0.04080   0.06475 
 -0.15596   0.04019  -0.07584   0.12798  -0.10030   0.01750  -0.07566   0.12597  -0.16364  -0.02545  -0.08373   0.16697  -0.09588   0.01590  -0.11057   0.15722  -0.13927   0.03816  -0.04929   0.07122 
 -0.14650   0.02878  -0.07065   0.12684  -0.10873   0.00278  -0.04566   0.12501  -0.15161  -0.02721  -0.11153   0.16867  -0.09757   0.06454  -0.12232   0.13328  -0.15521   0.05821  -0.05249   0.06707 
 -0.15034   0.04303  -0.07084   0.12145  -0.11215   0.01188  -0.05900   0.12959  -0.14337  -0.03866  -0.08176   0.16188  -0.08504   0.04696  -0.13217   0.13999  -0.16243   0.03425  -0.02320   0.06953 
 -0.14806   0.02804  -0.05868   0.12305  -0.09049  -0.02386  -0.06212   0.12986  -0.13375  -0.06013  -0.06917   0.16280  -0.10333   0.00319  -0.09231   0.16105  -0.15391   0.03952  -0.02781   0.06571 
 -0.14114   0.01267  -0.05193   0.12427  -0.10340   0.00701  -0.05504   0.12367  -0.12320  -0.04400  -0.06724   0.14894  -0.08801   0.02057  -0.11123   0.14877  -0.14086   0.04122  -0.04479   0.06800 
 -0.13530   0.02466  -0.06029   0.11853  -0.09441  -0.02548  -0.05286   0.12928  -0.12797  -0.06210  -0.08171   0.16385  -0.14119   0.01704  -0.08671   0.17643  -0.13126   0.00708  -0.03206   0.07685 
 -0.14058  -0.00122  -0.05281   0.13113  -0.11054  -0.00137  -0.05318   0.13137  -0.12224  -0.05672  -0.05960   0.15203  -0.07238   0.04112  -0.14683   0.14044  -0.14291   0.02423  -0.04931   0.08020 
 -0.13544   0.01721  -0.06571   0.12472  -0.11111  -0.01004  -0.04095   0.12977  -0.13200  -0.08329  -0.01925   0.15703  -0.08881   0.01464  -0.10158   0.14814  -0.15012   0.01138   0.00638   0.06236 
 -0.14240  -0.00090  -0.02477   0.11953  -0.09416  -0.05070  -0.04815   0.13639  -0.12131  -0.04983  -0.08186   0.15462  -0.08738   0.03343  -0.08793   0.12814  -0.13612   0.01484  -0.00400   0.06062 
 -0.12967   0.00470  -0.03703   0.11528  -0.11840  -0.00446  -0.03225   0.12857  -0.11584  -0.06264  -0.05927   0.15082  -0.09901   0.00818  -0.07935   0.14830  -0.14216   0.02358  -0.02269   0.06769 
 -0.13849   0.00794  -0.03822   0.11914  -0.08639  -0.00699  -0.04650   0.11296  -0.11665  -0.04692  -0.05027   0.14141  -0.08258   0.02170  -0.09415   0.13506  -0.12616  -0.00465  -0.02466   0.07733 
 -0.12264   0.00129  -0.04372   0.11598  -0.10466  -0.00465   0.00278   0.10115  -0.11854  -0.07567  -0.07748   0.16317  -0.07397   0.01153  -0.11331   0.14409  -0.13646  -0.00039   0.01163   0.06056 
 -0.12831  -0.00484  -0.02213   0.11232  -0.10826   0.01108  -0.03965   0.11839  -0.11303  -0.04273  -0.02677   0.12973  -0.09002   0.01124  -0.09517   0.14785  -0.13624  -0.01903  -0.01370   0.08288 
 -0.13076  -0.00310  -0.03380   0.11830  -0.10482  -0.02637  -0.01934   0.12155  -0.08844  -0.08838  -0.05395   0.14358  -0.06688   0.02927  -0.11618   0.12861  -0.12201  -0.00416   0.02039   0.05191 
 -0.11638  -0.00865  -0.02032   0.10634  -0.10851  -0.00670  -0.03300   0.12289  -0.11107  -0.04928  -0.05978   0.14198  -0.09737   0.04030  -0.08872   0.13209  -0.10959  -0.00437  -0.00585   0.06114 
 -0.12331   0.00362  -0.03229   0.10997  -0.10835  -0.00910  -0.02245   0.11870  -0.10813  -0.06642  -0.00456   0.13047  -0.06781   0.01980  -0.10881   0.13165  -0.10715  -0.00428   0.01553   0.04847 
 -0.11624  -0.00405  -0.01625   0.10196  -0.11396  -0.01020  -0.02378   0.12379  -0.10770  -0.08396  -0.02405   0.14453  -0.08325   0.01013  -0.09554   0.14338  -0.15594   0.00225   0.02529   0.05905 
 -0.13282  -0.00706  -0.01301   0.11162  -0.11677   0.00212  -0.02095   0.11932  -0.09745  -0.06316  -0.06138   0.14039  -0.09126   0.03225  -0.08086   0.12818  -0.12148  -0.01833   0.04085   0.04722 
 -0.12560  -0.00389  -0.00630   0.10252  -0.09356  -0.03610  -0.02817   0.12134  -0.09586  -0.05324  -0.04086   0.12840  -0.11388   0.02329  -0.07291   0.14691  -0.16449  -0.01537   0.04395   0.06066 
 -0.13365  -0.00993  -0.00345   0.10879  -0.10342  -0.02897  -0.01719   0.12050  -0.07356  -0.13731   0.01659   0.13055  -0.08548   0.04166  -0.08174   0.11765  -0.12009  -0.00421   0.02231   0.05004 
 -0.11440  -0.01427  -0.00392   0.09980  -0.09678  -0.03020  -0.01577   0.11539  -0.08136  -0.10050  -0.01034   0.13017  -0.09026   0.02613  -0.08213   0.13200  -0.12371  -0.02124   0.02816   0.05705 
 -0.11466  -0.02013  -0.00535   0.10356  -0.10261  -0.01348  -0.00249   0.10616  -0.09836  -0.08825  -0.02706   0.14153  -0.08942   0.01401  -0.04914   0.12003  -0.11247  -0.03944   0.04458   0.05189 
 -0.11743  -0.02474   0.00975   0.09972  -0.09188   0.00841  -0.01763   0.09632  -0.05875  -0.12949  -0.01160   0.12699  -0.09178   0.02127  -0.06343   0.12580  -0.15107  -0.00719   0.03069   0.05912 
 -0.11571  -0.01218  -0.00078   0.09795  -0.09129  -0.00069  -0.00824   0.09496  -0.08995  -0.07411  -0.00897   0.12371  -0.08412   0.02668  -0.07928   0.12507  -0.09420  -0.03423   0.01974   0.05590 
