17 20 16 1 34 -4.4791 2.2009 4.5208 14132
 -0.09329  -0.03958  -0.01270   0.10324  -0.09950  -0.02544  -0.01567   0.11548  -0.06418  -0.07412  -0.11019   0.13706  -0.07783  -0.01767  -0.05879   0.13524  -0.10445  -0.05601   0.02523   0.06751 
 -0.10422  -0.03889  -0.01238   0.10958  -0.09441  -0.02038  -0.02371   0.11363  -0.08755  -0.09645  -0.09124   0.15692  -0.09175  -0.00399  -0.07611   0.14808  -0.09204  -0.04899   0.03906   0.05100 
 -0.10836  -0.03565  -0.00853   0.10871  -0.10923  -0.02304  -0.00127   0.11434  -0.06394  -0.08081  -0.10646   0.13887  -0.07794  -0.00865  -0.08170   0.14284  -0.08849  -0.05018   0.02876   0.05600 
 -0.10332  -0.03464  -0.01109   0.10642  -0.08020  -0.04378  -0.02185   0.11102  -0.04530  -0.09591  -0.14720   0.14271  -0.05400   0.01374  -0.11922   0.12883  -0.10670  -0.02771   0.01888   0.05849 
 -0.09042  -0.02758  -0.03196   0.10507  -0.10193  -0.01683  -0.02793   0.11983  -0.06323  -0.11165  -0.06984   0.14125  -0.05163  -0.00260  -0.07331   0.11192  -0.10349  -0.04903   0.03547   0.05807 
 -0.09898  -0.03838  -0.00949   0.10467  -0.07804  -0.01398  -0.03383   0.10324  -0.04553  -0.09504  -0.11762   0.13504  -0.06335   0.00273  -0.08511   0.12578  -0.08356  -0.04697   0.04696   0.04142 
 -0.08534  -0.03210  -0.01205   0.09420  -0.10125  -0.04265  -0.02032   0.12568  -0.05238  -0.09370  -0.09362   0.13287  -0.07211   0.00052  -0.04711   0.11257  -0.08846  -0.06738   0.02435   0.06637 
 -0.09493  -0.04718  -0.01109   0.10697  -0.07951  -0.01557  -0.07822   0.12531  -0.06078  -0.07673  -0.07562   0.12613  -0.03310  -0.04780  -0.07052   0.11957  -0.10586  -0.02669   0.03831   0.04642 
 -0.08855  -0.03092  -0.01805   0.09874  -0.09497   0.01332  -0.05850   0.11633  -0.05413  -0.08186  -0.14430   0.14221  -0.03888  -0.04085  -0.05932   0.11453  -0.06151  -0.06574   0.04043   0.04406 
 -0.07934  -0.04061  -0.02001   0.09826  -0.09983  -0.00966  -0.02566   0.11425  -0.05311  -0.08425  -0.14625   0.14301  -0.05564  -0.01456  -0.06331   0.11700  -0.08432  -0.05873   0.05104   0.04496 
 -0.09067  -0.03855  -0.00757   0.09850  -0.09636  -0.01577  -0.02633   0.11450  -0.07183  -0.08537  -0.07563   0.13768  -0.07260  -0.00799  -0.05812   0.12483  -0.09785  -0.03301   0.02750   0.05247 
 -0.10114  -0.02774  -0.01045   0.10148  -0.09075  -0.01181  -0.05542   0.12233  -0.09619  -0.09523  -0.06559   0.15472  -0.05300  -0.02412  -0.07201   0.12529  -0.06898  -0.05894   0.03633   0.04686 
 -0.09254  -0.04216  -0.01480   0.10499  -0.10338  -0.00430  -0.01841   0.11106  -0.04866  -0.08935  -0.12175   0.13591  -0.04429  -0.01557  -0.07024   0.11128  -0.09105  -0.05438   0.05027   0.04639 
 -0.09104  -0.03616  -0.00424   0.09591  -0.12231   0.01203  -0.01660   0.11685  -0.06999  -0.10501  -0.10595   0.15301  -0.03268  -0.02362  -0.06892   0.10426  -0.11820  -0.05942   0.06653   0.05038 
 -0.10358  -0.03906   0.00436   0.10084  -0.09732   0.01536  -0.04930   0.11299  -0.04428  -0.11100  -0.11071   0.13902  -0.07165  -0.02317  -0.06352   0.13595  -0.08106  -0.05488   0.05607   0.03845 
 -0.09104  -0.03701  -0.00662   0.09753  -0.09204  -0.04208  -0.05819   0.13613  -0.06436  -0.14301  -0.11275   0.16553  -0.02164  -0.03134  -0.09776   0.11460  -0.10534  -0.01685   0.06101   0.02675 
 -0.08818  -0.04078  -0.01350   0.10092  -0.08669   0.02628  -0.06250   0.10603  -0.08755  -0.11029  -0.11054   0.16737  -0.01983  -0.03830  -0.08374   0.10897  -0.07937  -0.04654   0.04872   0.03817 
 -0.08460  -0.03447  -0.01707   0.09737  -0.09587  -0.00596  -0.05741   0.12463  -0.05519  -0.14663  -0.11222   0.16067  -0.02764  -0.02689  -0.08731   0.11203  -0.07715  -0.07367   0.04044   0.05502 
 -0.08141  -0.05688  -0.02165   0.10784  -0.09174   0.02460  -0.08412   0.12017  -0.04390  -0.16937  -0.09443   0.15643  -0.02833  -0.02928  -0.10203   0.12217  -0.06848  -0.04194   0.03609   0.03846 
 -0.07752  -0.04009  -0.02794   0.10068  -0.11038   0.02857  -0.07609   0.12854  -0.10303  -0.12315  -0.16044   0.19251  -0.01992  -0.00494  -0.15399   0.12594  -0.08628  -0.05007   0.07010   0.02937 
 -0.09669  -0.03126  -0.02628   0.10808  -0.08334   0.03626  -0.09934   0.11488  -0.10152  -0.14451  -0.11390   0.18874  -0.01739  -0.00242  -0.12857   0.10938  -0.06659  -0.04380   0.05177   0.02871 
 -0.08374  -0.02958  -0.03112   0.10132  -0.08139   0.05010  -0.15126   0.12693  -0.07179  -0.17351  -0.20153   0.19946  -0.01516  -0.08499  -0.13086   0.15319  -0.06366  -0.08302   0.04732   0.04885 
 -0.07499  -0.06245  -0.05496   0.12129  -0.07613   0.03998  -0.13087   0.12008  -0.06842  -0.16262  -0.20156   0.19403   0.03667  -0.05308  -0.15129   0.09295  -0.04443  -0.08654   0.04018   0.04537 
 -0.05881  -0.05813  -0.05230   0.10760  -0.08666   0.02517  -0.16654   0.14694  -0.08303  -0.13713  -0.21399   0.19652   0.02049  -0.04389  -0.17016   0.11508  -0.07209  -0.07636   0.05998   0.04195 
 -0.07415  -0.05245  -0.05620   0.11698  -0.07213   0.06381  -0.20464   0.13132  -0.10060  -0.15632  -0.14982   0.20012   0.03494  -0.05284  -0.15119   0.09477  -0.07002  -0.04623   0.04449   0.03621 
 -0.07080  -0.03447  -0.06104   0.10879  -0.08521   0.05981  -0.16243   0.12919  -0.09135  -0.17089  -0.20227   0.20989   0.02360  -0.08460  -0.12090   0.10934  -0.05808  -0.08823   0.04118   0.05218 
 -0.07140  -0.06082  -0.05781   0.11953  -0.07408   0.07696  -0.19293   0.12272  -0.11347  -0.14002  -0.17971   0.20776   0.00941  -0.03258  -0.19394   0.13087  -0.07048  -0.05853   0.04097   0.04459 
 -0.08007  -0.02992  -0.06940   0.11629  -0.07923   0.08376  -0.24632   0.13938  -0.10865  -0.15658  -0.16543   0.20775   0.01247  -0.04672  -0.11469   0.09742  -0.10099  -0.05983   0.04648   0.05561 
 -0.08930  -0.03447  -0.06411   0.12191  -0.09729   0.08090  -0.24371   0.15284  -0.10475  -0.12878  -0.14240   0.19159  -0.02467  -0.04193  -0.11462   0.13233  -0.12125  -0.07256   0.03138   0.07817 
 -0.10888  -0.03514  -0.06757   0.13523  -0.08615   0.04989  -0.21316   0.15049  -0.10472  -0.11492  -0.19041   0.19656  -0.03957  -0.02765  -0.13304   0.14700  -0.14304  -0.08044   0.04434   0.08254 
 -0.11794  -0.04147  -0.05960   0.13980  -0.10775   0.08567  -0.23205   0.15446  -0.16490  -0.09678  -0.18409   0.21895  -0.03915  -0.02412  -0.12019   0.13850  -0.14999  -0.05173   0.03476   0.07797 
 -0.13861  -0.01720  -0.06356   0.14193  -0.12164   0.07818  -0.22427   0.16476  -0.14327  -0.10955  -0.13257   0.20284  -0.08015  -0.01921  -0.13369   0.17548  -0.21905  -0.04393   0.04290   0.09285 
 -0.16845  -0.01736  -0.05442   0.15324  -0.13508   0.03790  -0.22398   0.18964  -0.15693  -0.10938  -0.15786   0.21463  -0.13213  -0.03309  -0.10245   0.20380  -0.23597  -0.04887   0.04401   0.09935 
 -0.19473  -0.03008  -0.04756   0.16786  -0.11517   0.02951  -0.29586   0.19831  -0.17704  -0.09102  -0.15509   0.21674  -0.16364  -0.02402  -0.08084   0.20845  -0.24778  -0.03126   0.02939   0.10260 
 -0.20825  -0.01785  -0.05567   0.17169  -0.13758  -0.00180  -0.29530   0.22174  -0.19538  -0.09128  -0.10206   0.21348  -0.17519  -0.02428  -0.06990   0.20995  -0.27109  -0.05163   0.03237   0.11594 
 -0.22936  -0.03261  -0.04513   0.18213  -0.11268   0.02441  -0.38829   0.21638  -0.21417  -0.05352  -0.17317   0.22194  -0.16993  -0.00580  -0.11276   0.21723  -0.25981  -0.06784   0.02922   0.12116 
 -0.22560  -0.02475  -0.06702   0.18571  -0.12406   0.00620  -0.47164   0.24111  -0.22202  -0.08895  -0.10538   0.22431  -0.17114   0.00544  -0.11707   0.21415  -0.26619  -0.06314   0.02303   0.12394 
 -0.23350  -0.03042  -0.07087   0.19233  -0.12653   0.01724  -0.52727   0.24564  -0.20732  -0.08053  -0.13669   0.22208  -0.14731  -0.03121  -0.09420   0.20842  -0.28997  -0.05126   0.01027   0.13100 
 -0.23524  -0.02774  -0.08018   0.19518  -0.13542   0.05589  -0.58606   0.24329  -0.22826  -0.08595  -0.14912   0.23473  -0.18584  -0.02487  -0.09748   0.22821  -0.28933  -0.04801   0.04335   0.11335 
 -0.25118  -0.01965  -0.06356   0.19201  -0.11412   0.05527  -0.62469   0.23604  -0.14906  -0.08677  -0.13635   0.19816  -0.15150  -0.00619  -0.06962   0.18706  -0.27360  -0.02928   0.06514   0.08923 
 -0.21551  -0.00754  -0.04374   0.16565  -0.09322   0.03521  -0.65650   0.23437  -0.14684  -0.08118  -0.15318   0.19854  -0.17210  -0.01159  -0.08752   0.21027  -0.25406  -0.03496   0.08440   0.07492 
 -0.19935  -0.01444  -0.04844   0.16364  -0.10880   0.01229  -0.74797   0.25745  -0.15082  -0.17423  -0.20201   0.24025  -0.13522  -0.04971  -0.14109   0.22897  -0.24077  -0.05668   0.04335   0.10435 
 -0.19173  -0.05192  -0.09706   0.19298  -0.10210  -0.01019  -0.63645   0.25226  -0.14844  -0.09220  -0.10095   0.19181  -0.13865  -0.00699  -0.03613   0.16148  -0.28195  -0.11387   0.07215   0.12156 
 -0.20989  -0.06100  -0.03585   0.18167  -0.13277  -0.02444  -0.51111   0.25967  -0.18082  -0.12549  -0.16272   0.23158  -0.15802  -0.05937  -0.10216   0.23036  -0.31140  -0.05626   0.03828   0.12446 
 -0.23506  -0.05016  -0.06757   0.19917  -0.24771  -0.20512  -0.73575   0.35949  -0.28164  -0.24284  -0.30774   0.31722  -0.16088  -0.15944  -0.27358   0.31849  -0.49440  -0.22521  -0.07776   0.24610 
 -0.34377  -0.19860  -0.19666   0.30537   0.04938  -0.06124  -0.05766   0.00426  -0.02711  -0.31808   0.31778  -0.02822  -0.01996  -0.16503   0.21990  -0.13875  -0.26217  -0.34673   0.41718  -0.20111 
 -0.16919  -0.25754   0.36125  -0.11207  -0.71055   0.64515  -0.97042  -0.15388  -0.62485   0.46329  -0.71755  -0.08304  -0.79803   0.59784  -1.35654  -0.23679  -0.92750   0.53298  -1.21927  -0.18509 
 -0.76195   0.57890  -1.12498  -0.20835   0.45156  -4.15023  -4.15023  -4.15023   0.47807  -4.15023  -4.15023  -4.15023   0.48013  -4.15023  -4.15023  -4.15023   0.66318  -4.15023  -4.15023  -4.15023 
  0.51768  -4.15023  -4.15023  -4.15023  -4.15023  -1.17471   0.70260  -4.15023  -4.15023  -4.15023  -4.15023  -4.15023  -4.15023  -4.15023  -4.15023  -4.15023  -4.15023  -4.15023  -4.15023  -4.15023 
 -4.15023  -1.26388   0.70210  -4.15023  -4.15023  -4.15023  -4.15023  -4.15023  -0.02879   0.03214   0.20998  -0.14200  -0.16145  -0.25534   0.38868  -0.31795  -4.15023  -4.15023  -4.15023  -4.15023 
 -0.12222  -0.24115   0.43772  -0.40322  -0.18290  -0.12972   0.00805   0.18979  -0.11028  -0.08052  -0.09486   0.16503  -0.14212  -0.08775  -0.08211   0.22434  -0.28264  -0.10801   0.16793   0.05683 
 -0.13154  -0.09974  -0.00248   0.14545   0.00027  -0.00936   0.01995  -0.00911   0.00664  -0.10558   0.05880   0.03036   0.00161  -0.04405   0.04668  -0.01247  -0.02194  -0.08854   0.12252  -0.02524 
 -0.02814  -0.05846   0.08847  -0.00086  -0.06781   0.09211   0.00875   0.01373  -0.02314  -0.00010   0.05440  -0.00252  -0.02152  -0.01509   0.11533  -0.08608  -0.14032  -0.00649   0.22981  -0.12266 
 -0.06122   0.01814   0.12994  -0.05640  -0.05258   0.03842   0.00528   0.03328  -0.06172  -0.00665   0.02882   0.05082   0.00684   0.02546   0.00809  -0.03955  -0.12745  -0.02070   0.13957  -0.02060 
 -0.04464   0.01103   0.05409  -0.00208  -0.08818   0.02977   0.11246  -0.00659   0.00142  -0.09455   0.07175   0.02310  -0.03869  -0.00721   0.09911  -0.04670  -0.13016  -0.03308   0.17919  -0.04937 
 -0.06356  -0.02224   0.12785  -0.02366  -0.08148   0.02583   0.18213  -0.08487   0.02029  -0.07876   0.08084  -0.01224   0.01134  -0.02332   0.10461  -0.11735  -0.10794  -0.00945   0.24449  -0.16238 
 -0.03488  -0.01603   0.17402  -0.10696  -0.03743   0.00196   0.12464  -0.05877  -0.02289   0.00565   0.01963   0.01073   0.03240   0.02544   0.02978  -0.10577  -0.13305   0.00427   0.14256  -0.03642 
 -0.01526   0.01027   0.09051  -0.06092  -0.11873   0.01266   0.15826  -0.00972   0.00719  -0.08531   0.00087   0.04573  -0.03173   0.02790   0.06220  -0.04444  -0.16711  -0.01002   0.20523  -0.07456 
 -0.06685  -0.01039   0.12913  -0.02969  -0.09242   0.04271   0.19359  -0.09859   0.03323  -0.04979   0.06126  -0.03600  -0.03054   0.04286   0.09624  -0.10525  -0.16279  -0.01637   0.24568  -0.12417 
 -0.05555   0.00950   0.17182  -0.10143  -0.04040   0.02057   0.11354  -0.05575  -0.01288  -0.01271   0.04137   0.00261   0.03136   0.02368   0.01622  -0.08607  -0.13536   0.02993   0.13136  -0.04275 
 -0.01557   0.01829   0.08087  -0.05802  -0.10460   0.01804   0.16374  -0.03254   0.00142  -0.07443   0.03550   0.02993  -0.00431   0.01498   0.07825  -0.09256  -0.15301   0.00880   0.19826  -0.08735 
 -0.05440  -0.00497   0.13570  -0.05170  -0.08666   0.00264   0.19104  -0.07390   0.00537  -0.02239   0.07953  -0.03232  -0.00239  -0.00097   0.09134  -0.09710  -0.15480   0.03067   0.23286  -0.15000 
 -0.04723   0.00689   0.16524  -0.10066  -0.04410   0.01567   0.09932  -0.03447  -0.02034  -0.04957   0.03513   0.03715   0.01422   0.01198   0.04427  -0.07742  -0.15335   0.02299   0.13452  -0.03209 
 -0.02695   0.00380   0.08540  -0.03912  -0.10316   0.01534   0.14473  -0.01306  -0.00434  -0.05754   0.06612   0.01031  -0.01002   0.00479   0.07519  -0.06938  -0.16664   0.01610   0.19111  -0.07761 
 -0.06204  -0.00135   0.13283  -0.04402  -0.09026   0.03454   0.20726  -0.11373   0.02195  -0.06538   0.07958  -0.02210  -0.01871   0.02583   0.12221  -0.14516  -0.13629  -0.00627   0.22425  -0.11767 
 -0.04746   0.00240   0.17507  -0.10865  -0.04105  -0.00076   0.12702  -0.05493  -0.03216  -0.00990   0.02135   0.02982   0.01489   0.03558   0.03269  -0.08933  -0.14286   0.04104   0.13328  -0.04890 
 -0.02566   0.02024   0.08783  -0.05479  -0.10484   0.00618   0.17893  -0.04156  -0.00550  -0.06920   0.03452   0.03440  -0.02454  -0.00211   0.09420  -0.06515  -0.14947   0.01240   0.17445  -0.06532 
 -0.06157  -0.00943   0.13616  -0.04201  -0.06469   0.00117   0.18792  -0.09629   0.01636  -0.03247   0.08674  -0.04274  -0.01198   0.01979   0.09960  -0.11468  -0.13130   0.02933   0.23689  -0.16984 
 -0.03918   0.01057   0.16970  -0.11864  -0.04098  -0.00271   0.10699  -0.03419  -0.02450  -0.02752   0.01215   0.03811   0.02571   0.04095   0.04501  -0.13052  -0.15330   0.06570   0.12835  -0.05827 
 -0.02032   0.02366   0.08204  -0.05802  -0.10327   0.00216   0.16406  -0.02468  -0.01719  -0.06168   0.07511   0.02131  -0.02368   0.00877   0.08437  -0.06420  -0.12798   0.01249   0.18406  -0.08735 
 -0.06006  -0.00656   0.13696  -0.04626  -0.09224   0.01043   0.20454  -0.08985   0.00555  -0.07440   0.10445  -0.01201  -0.00018   0.03345   0.07473  -0.11488  -0.16250   0.00073   0.24504  -0.13715 
 -0.04995  -0.00041   0.17255  -0.10041  -0.04244   0.02648   0.11109  -0.05465   0.00780  -0.04619   0.03034   0.00848   0.03534   0.03666   0.02456  -0.11748  -0.14779   0.06781   0.13033  -0.06462 
 -0.01192   0.02720   0.08165  -0.06987  -0.08331   0.05290   0.15566  -0.07063  -0.00975  -0.04122   0.03235   0.02286  -0.02578   0.02775   0.06906  -0.06078  -0.13739   0.04284   0.16567  -0.08563 
 -0.05246   0.02321   0.11854  -0.05791  -0.06284   0.01816   0.19397  -0.11916   0.01670  -0.02429   0.06407  -0.03537   0.01233   0.00577   0.10217  -0.14679  -0.13676   0.02326   0.23938  -0.16433 
 -0.02911   0.00935   0.16662  -0.12602  -0.04456   0.00963   0.10131  -0.03205   0.00035  -0.02777   0.04637  -0.00382   0.01780   0.01111   0.05024  -0.08980  -0.13135   0.04266   0.11500  -0.03942 
 -0.01505   0.01011   0.08256  -0.05388  -0.09727   0.03236   0.16504  -0.05095   0.00553  -0.06545   0.04656   0.01485  -0.02793   0.01765   0.07754  -0.05808  -0.12785   0.01615   0.18966  -0.09673 
 -0.05463   0.00349   0.13536  -0.05733  -0.09122   0.02170   0.20206  -0.09577   0.00988  -0.02860   0.08379  -0.03574   0.00520   0.00449   0.10040  -0.12921  -0.15068   0.01389   0.25101  -0.16491 
 -0.04330   0.00612   0.17632  -0.11825  -0.04171  -0.00139   0.13264  -0.05953  -0.02249  -0.03499   0.00926   0.04210   0.00934   0.05359   0.02570  -0.09162  -0.12666   0.04283   0.14064  -0.06561 
 -0.02234   0.02069   0.08745  -0.05837  -0.08629   0.03599   0.16756  -0.06872  -0.00641  -0.03617   0.03982   0.01249  -0.04294   0.03451   0.08424  -0.06178  -0.13557   0.00221   0.18826  -0.08026 
 -0.05855   0.01073   0.13513  -0.05860  -0.08014   0.03240   0.21218  -0.13265   0.01301  -0.01895   0.09582  -0.05482  -0.02907   0.03686   0.12616  -0.14681  -0.13316   0.00136   0.25827  -0.17673 
 -0.04712   0.01619   0.18896  -0.13935  -0.02587   0.03939   0.08761  -0.06194  -0.00556   0.00010   0.00236   0.00487   0.02127   0.04279   0.00726  -0.07897  -0.17181   0.05941   0.13551  -0.05111 
 -0.01192   0.03737   0.06419  -0.06256  -0.09745  -0.00427   0.17945  -0.04366  -0.01141  -0.05875   0.06401   0.01954  -0.02311   0.03725   0.06657  -0.07135  -0.13873   0.04202   0.17465  -0.09417 
 -0.05786   0.00766   0.13225  -0.05411  -0.08400   0.02493   0.20011  -0.10454   0.01339  -0.04956   0.09974  -0.03494  -0.03179   0.02096   0.13212  -0.13302  -0.13404   0.01223   0.25109  -0.17438 
 -0.04984   0.00689   0.18581  -0.12346  -0.05550   0.02234   0.13069  -0.05565  -0.02571   0.02608   0.01686  -0.00034   0.01470   0.01069   0.04249  -0.07484  -0.12972   0.07265   0.12104  -0.06923 
 -0.02480   0.03362   0.08681  -0.06537  -0.10070   0.03722   0.13903  -0.02331  -0.00811  -0.03117   0.03724   0.01228  -0.03010   0.05021   0.05583  -0.06173  -0.10447   0.01509   0.16456  -0.08121 
 -0.05360   0.01979   0.10988  -0.04593  -0.06545   0.04458   0.16464  -0.09730   0.00749  -0.05627   0.11814  -0.03514  -0.01092   0.01560   0.10784  -0.12417  -0.10769   0.01890   0.21578  -0.14498 
 -0.03653   0.01042   0.15986  -0.10956  -0.03816   0.04338   0.10169  -0.06234  -0.04220   0.01529   0.02861   0.01843   0.01075   0.04108   0.02450  -0.07881  -0.10223   0.03695   0.11231  -0.04799 
 -0.02309   0.03521   0.07248  -0.05571  -0.10433   0.04343   0.15098  -0.03567  -0.00353  -0.05069   0.05741   0.00976  -0.02883   0.02586   0.07773  -0.06509  -0.13896   0.04353   0.17358  -0.09409 
 -0.06018   0.01949   0.12481  -0.05342  -0.07931   0.00627   0.18922  -0.08289   0.01611  -0.02199   0.09638  -0.05678  -0.00134  -0.01601   0.09845  -0.09380  -0.12268   0.04414   0.22391  -0.17025 
 -0.03653   0.00858   0.16352  -0.11244  -0.04709   0.01172   0.12292  -0.05110  -0.03433  -0.01825   0.04132   0.02793   0.02306   0.02038   0.01851  -0.07108  -0.12355   0.06056   0.12214  -0.06362 
 -0.02245   0.02113   0.08165  -0.05342  -0.11271   0.04998   0.17572  -0.05841  -0.02261  -0.03152   0.05343   0.01916  -0.05366   0.03912   0.07550  -0.04132  -0.15913   0.02538   0.16805  -0.06331 
 -0.07834   0.02307   0.13098  -0.04480  -0.09096   0.04473   0.18577  -0.09172   0.03368  -0.00070   0.04406  -0.06431  -0.01905   0.01616   0.11090  -0.11557  -0.14335   0.03649   0.23151  -0.16057 
 -0.04453   0.02852   0.16212  -0.11878  -0.03770   0.00403   0.10343  -0.03886  -0.02906  -0.00683   0.02235   0.02429   0.00271   0.04757   0.03454  -0.08424  -0.13190   0.07167   0.11112  -0.05813 
 -0.02577   0.03333   0.07288  -0.05170  -0.07197  -0.01128   0.16127  -0.04760  -0.00915  -0.04299   0.05216   0.01350  -0.01909   0.02484   0.04783  -0.04305  -0.12650   0.02818   0.16705  -0.08144 
 -0.04757   0.00349   0.11866  -0.04807  -0.07831   0.00707   0.20301  -0.10283   0.02643  -0.06205   0.08913  -0.03574  -0.00490   0.00152   0.09389  -0.09900  -0.12593   0.02305   0.22487  -0.14956 
 -0.03675  -0.00197   0.16769  -0.10839  -0.05036   0.00925   0.11416  -0.03703  -0.02327   0.01347   0.03597  -0.00281   0.00831   0.04152   0.01574  -0.06563  -0.14983   0.06860   0.12312  -0.05747 
 -0.02997   0.03579   0.07866  -0.05422  -0.11507   0.04729   0.17445  -0.05257  -0.00894  -0.04472   0.01800   0.03097  -0.02279   0.03437   0.06954  -0.07251  -0.14559   0.05355   0.14241  -0.06589 
 -0.06415   0.02720   0.11507  -0.04615  -0.08694   0.03258   0.18154  -0.08233  -0.00794   0.00577   0.08614  -0.04255  -0.00644   0.01794   0.07707  -0.09060  -0.11213   0.02213   0.20765  -0.13378 
 -0.04554   0.02292   0.14911  -0.09723  -0.03912   0.02540   0.08556  -0.03406  -0.00276  -0.02047   0.01209   0.01169  -0.00583   0.06058   0.02919  -0.07870  -0.13080   0.03728   0.11784  -0.03825 
