IntronPotTab 1 1024 -28.82899 1.78714 17.24248 54706 6 16 1344.44
   -0.00255
   -0.02044
    0.00366
    0.01420
   -0.00376
    0.00344
   -0.04765
    0.02504
   -0.00563
   -0.00629
   -0.01319
    0.01860
   -0.02472
   -0.01981
    0.00572
    0.03018
   -0.00968
   -0.01938
    0.00223
    0.02150
    0.01178
   -0.00419
   -0.06608
    0.01580
   -0.01473
   -0.01371
   -0.01755
    0.02550
   -0.00318
   -0.03244
    0.00656
    0.01236
    0.00618
   -0.02913
   -0.01199
    0.02138
    0.00776
   -0.00225
   -0.06710
    0.01653
   -0.00145
   -0.01452
    0.01152
    0.00334
   -0.00160
   -0.03043
   -0.00083
    0.01969
   -0.01580
   -0.00757
    0.02509
    0.00606
    0.00039
    0.00042
   -0.03897
    0.01339
   -0.01626
   -0.00277
   -0.01292
    0.02160
   -0.02283
   -0.02381
    0.00864
    0.01997
    0.00336
   -0.03065
    0.00064
    0.01898
   -0.00444
   -0.00094
   -0.04915
    0.03275
   -0.00912
   -0.02911
   -0.02523
    0.04662
   -0.01066
   -0.05034
    0.01882
    0.01935
   -0.00004
   -0.01470
   -0.01200
    0.02138
    0.01437
    0.00802
   -0.06745
    0.00636
   -0.01124
   -0.00746
   -0.00416
    0.01867
    0.01359
   -0.01807
   -0.01038
    0.01304
    0.01024
   -0.02675
   -0.02445
    0.02893
    0.01162
   -0.02554
   -0.01963
    0.02036
    0.00598
   -0.02485
   -0.01473
    0.02477
    0.00723
   -0.04573
    0.00034
    0.02636
    0.00588
   -0.03290
    0.03506
   -0.00314
    0.02250
   -0.04036
   -0.04641
    0.02073
   -0.00259
   -0.02997
   -0.01947
    0.02953
   -0.00478
   -0.04026
    0.02337
    0.00987
    0.00847
   -0.03403
   -0.01874
    0.02746
    0.00490
   -0.00514
   -0.07153
    0.03209
   -0.00947
   -0.00929
   -0.01306
    0.03178
   -0.00334
   -0.03456
   -0.01374
    0.03504
    0.00088
   -0.01779
   -0.02057
    0.03244
    0.00995
    0.00834
   -0.07935
    0.02061
    0.00076
   -0.01160
   -0.02088
    0.02590
    0.01008
   -0.03121
   -0.01926
    0.02921
    0.01386
   -0.02632
   -0.02832
    0.02958
    0.00915
   -0.00771
   -0.08934
    0.03329
   -0.01073
   -0.00143
    0.00007
    0.01268
   -0.00645
   -0.01953
   -0.01188
    0.03240
   -0.01168
   -0.03040
    0.02686
    0.01723
    0.01234
   -0.01875
   -0.05653
    0.01961
   -0.00943
   -0.01765
   -0.01319
    0.02770
   -0.00328
   -0.04520
    0.00995
    0.01875
   -0.01150
   -0.00330
    0.00956
    0.01117
   -0.00113
   -0.01028
   -0.06330
    0.03423
   -0.00418
   -0.01250
   -0.00943
    0.02040
   -0.01921
   -0.02670
    0.02007
    0.01989
   -0.00897
   -0.01658
    0.00780
    0.01310
    0.00317
    0.00077
   -0.04948
    0.01777
   -0.01710
   -0.00987
    0.00745
    0.01554
   -0.00775
   -0.01792
    0.00581
    0.01142
    0.00081
   -0.02882
   -0.01596
    0.02738
    0.00926
   -0.01382
   -0.06518
    0.01973
   -0.00706
   -0.01982
   -0.00345
    0.02488
    0.00021
   -0.03332
    0.00078
    0.01921
   -0.00895
   -0.01629
    0.01137
    0.01227
    0.00541
   -0.00493
   -0.05079
    0.01334
   -0.00444
   -0.01746
   -0.01316
    0.01953
   -0.00850
   -0.02465
    0.00688
    0.01346
    0.00367
   -0.02861
   -0.00395
    0.02089
   -0.00420
   -0.00234
   -0.05175
    0.03050
   -0.01626
   -0.00280
   -0.01111
    0.02641
   -0.01539
   -0.02213
    0.00725
    0.02143
    0.00620
   -0.03459
   -0.00303
    0.03107
   -0.00077
    0.02590
   -0.05998
    0.01105
   -0.00210
    0.00086
   -0.01079
    0.00889
    0.00256
   -0.01155
   -0.00449
    0.00955
    0.00977
   -0.03069
   -0.01364
    0.02604
    0.00337
    0.00470
   -0.05809
    0.01636
   -0.01002
   -0.00587
    0.00198
    0.01042
    0.00632
   -0.02864
   -0.00112
    0.01474
   -0.00325
   -0.02399
    0.01063
    0.01520
    0.00053
    0.00266
   -0.06929
    0.02305
   -0.01406
   -0.00469
   -0.03825
    0.03105
   -0.01967
   -0.02820
    0.01230
    0.01638
    0.00785
   -0.03281
   -0.00184
    0.01935
    0.00516
   -0.01670
   -0.06555
    0.03931
    0.00426
   -0.03084
   -0.02550
    0.04301
    0.00149
   -0.04190
   -0.00146
    0.02923
    0.01995
   -0.02973
   -0.01193
    0.01404
   -0.00120
    0.00655
   -0.06421
    0.02377
    0.00452
   -0.00352
   -0.01005
    0.00810
    0.00634
   -0.00748
   -0.01941
    0.02104
    0.00615
   -0.01659
   -0.02109
    0.02817
    0.00118
   -0.02713
    0.03124
    0.00388
   -0.01364
   -0.00587
   -0.00594
    0.02233
    0.01335
   -0.02528
   -0.00934
    0.01964
    0.00638
   -0.03868
    0.02527
    0.01335
    0.01122
   -0.02281
   -0.06378
    0.03413
    0.00417
   -0.01306
   -0.03340
    0.02775
   -0.00594
   -0.04559
    0.00490
    0.02946
    0.02413
   -0.02112
   -0.03070
    0.01062
    0.00110
    0.00409
   -0.04031
    0.02234
   -0.02003
    0.01190
   -0.01481
    0.02695
    0.01231
   -0.01687
   -0.03063
    0.03025
    0.00982
   -0.00868
   -0.02405
    0.02243
    0.00166
    0.01685
   -0.02187
    0.00018
    0.01378
   -0.02044
    0.00538
   -0.00156
    0.01274
   -0.01779
   -0.02211
    0.02675
    0.02175
   -0.01513
   -0.04018
    0.02238
   -0.00702
    0.01357
   -0.01774
    0.00856
   -0.01379
    0.00516
    0.00712
    0.00361
    0.01395
   -0.02066
   -0.00790
    0.01031
    0.01381
   -0.04135
    0.01043
    0.01670
   -0.00476
    0.00183
   -0.02874
    0.01971
    0.00143
   -0.01142
   -0.02897
    0.02484
    0.00553
   -0.03793
   -0.01130
    0.02284
   -0.00926
    0.00349
   -0.00774
    0.01491
   -0.00666
   -0.00846
   -0.05044
    0.03703
   -0.00723
   -0.02049
   -0.01888
    0.03182
   -0.00032
   -0.03035
    0.00817
    0.01454
    0.01066
   -0.02220
   -0.00056
    0.00802
    0.00287
    0.02116
   -0.06634
    0.00743
    0.01175
    0.01455
   -0.01441
   -0.00980
    0.00237
   -0.00749
   -0.00771
    0.01169
    0.00860
   -0.02411
   -0.01924
    0.02355
    0.00806
   -0.00873
   -0.07466
    0.02308
   -0.00860
   -0.00731
   -0.01038
    0.02117
    0.00576
   -0.02858
   -0.00645
    0.02103
   -0.00066
   -0.02941
    0.01173
    0.01884
    0.00564
   -0.00382
   -0.05774
    0.01546
   -0.00690
   -0.00089
   -0.03113
    0.02499
   -0.01497
   -0.02351
    0.00698
    0.01905
    0.00576
   -0.03158
   -0.00826
    0.01830
    0.00334
   -0.00476
   -0.05807
    0.02520
   -0.01474
   -0.01166
   -0.01448
    0.03563
   -0.01524
   -0.02141
   -0.00514
    0.03065
   -0.00079
   -0.02783
   -0.01012
    0.02753
    0.00927
   -0.00331
   -0.04153
    0.01008
   -0.00768
    0.00144
   -0.00985
    0.01176
    0.00833
   -0.03144
    0.00186
    0.00874
    0.00492
   -0.02336
   -0.01688
    0.02721
    0.00856
   -0.00065
   -0.05899
    0.01950
   -0.02890
   -0.01507
    0.02186
    0.02223
    0.00926
   -0.03136
    0.00201
    0.01017
    0.00438
   -0.02499
    0.00723
    0.00745
    0.01294
   -0.01533
   -0.04095
    0.01432
   -0.00816
   -0.01437
   -0.03073
    0.03410
   -0.00685
   -0.04058
    0.00398
    0.01826
    0.00845
   -0.03412
    0.00282
    0.01094
    0.00548
   -0.00598
   -0.05858
    0.02841
   -0.00004
   -0.03748
   -0.01162
    0.03782
   -0.00523
   -0.05525
    0.02368
    0.01403
    0.00559
   -0.01589
   -0.00932
    0.01296
    0.00489
    0.00833
   -0.06192
    0.01960
    0.00268
   -0.00532
   -0.00057
    0.00242
    0.02076
   -0.03249
   -0.01833
    0.02374
    0.02497
   -0.01970
   -0.01531
   -0.00022
   -0.00739
   -0.00275
    0.00964
    0.00303
   -0.02748
   -0.00712
    0.00097
    0.02722
    0.01701
   -0.04374
    0.00954
    0.00953
    0.00635
   -0.03571
    0.02053
    0.00908
    0.02265
   -0.03522
   -0.03596
    0.02113
   -0.00683
   -0.02956
   -0.02619
    0.04042
   -0.00179
   -0.04446
    0.01248
    0.01809
    0.01888
   -0.04782
   -0.01638
    0.02172
    0.00425
    0.00347
   -0.05539
    0.02485
   -0.00737
   -0.01449
   -0.00627
    0.02827
    0.00503
   -0.03750
   -0.02058
    0.03797
    0.00398
   -0.02132
   -0.01612
    0.02769
    0.01051
    0.00818
   -0.05269
    0.01251
   -0.00573
    0.00183
   -0.01326
    0.01720
    0.02233
   -0.03368
   -0.02149
    0.02415
    0.00872
   -0.02455
   -0.01110
    0.02167
    0.00650
   -0.00689
   -0.05604
    0.03030
   -0.01809
   -0.00752
    0.01218
    0.00949
    0.00789
   -0.02495
   -0.00333
    0.01400
   -0.01189
   -0.02430
    0.01356
    0.02351
    0.01352
   -0.01381
   -0.04735
    0.01823
   -0.02038
    0.00279
   -0.02052
    0.03173
   -0.00379
   -0.04106
   -0.00094
    0.02481
    0.00346
   -0.00219
   -0.02711
    0.01766
    0.01040
   -0.01847
   -0.08121
    0.03431
   -0.00232
   -0.01045
   -0.02811
    0.02966
   -0.00944
   -0.03178
    0.00158
    0.02537
    0.00065
   -0.01413
   -0.00250
    0.01187
    0.00776
    0.00648
   -0.06976
    0.01965
   -0.00249
    0.00491
   -0.00425
    0.00174
    0.01086
   -0.03410
   -0.00813
    0.01969
    0.02065
   -0.02439
   -0.03704
    0.02522
    0.02718
   -0.01610
   -0.07700
    0.01307
   -0.02316
   -0.00567
   -0.00822
    0.03006
    0.00981
   -0.03443
   -0.00990
    0.02327
    0.00824
   -0.02284
    0.00751
    0.00688
    0.01485
   -0.02763
   -0.04444
    0.02073
    0.00006
   -0.01613
   -0.02842
    0.02442
   -0.00813
   -0.03211
    0.00448
    0.01799
   -0.00319
   -0.01280
    0.00168
    0.01229
    0.00375
   -0.00532
   -0.05107
    0.02403
   -0.00099
   -0.01625
   -0.01285
    0.01848
   -0.01784
   -0.01138
    0.01069
    0.01215
   -0.00853
   -0.01697
   -0.00683
    0.02141
    0.01060
   -0.00283
   -0.03692
    0.00589
   -0.00768
    0.00398
   -0.01740
    0.01387
    0.01304
   -0.03262
    0.00730
   -0.00067
    0.00185
   -0.01575
   -0.01336
    0.01691
    0.00965
    0.00182
   -0.05633
    0.01217
    0.00373
   -0.01122
   -0.00840
    0.01003
    0.01098
   -0.02199
   -0.00419
    0.00571
   -0.00305
   -0.00580
    0.02014
   -0.00446
    0.00004
    0.00640
   -0.03553
    0.00791
   -0.00871
   -0.00851
   -0.01965
    0.02119
   -0.00538
   -0.02906
    0.00492
    0.01330
    0.00706
   -0.03066
    0.00036
    0.01272
    0.00785
   -0.03260
   -0.05440
    0.03700
    0.00312
   -0.03347
   -0.02427
    0.03919
    0.00200
   -0.05422
    0.02131
    0.01669
    0.02098
   -0.03578
   -0.01752
    0.01802
    0.01182
   -0.00154
   -0.07364
    0.02186
    0.00445
   -0.01716
   -0.01735
    0.01980
    0.02709
   -0.05068
   -0.01672
    0.03064
    0.01393
   -0.02484
   -0.01134
    0.01274
    0.00819
   -0.02931
    0.00895
    0.01140
   -0.00589
   -0.00871
   -0.00520
    0.01716
    0.01151
   -0.04336
    0.00516
    0.02235
    0.00847
   -0.03449
    0.02593
    0.00453
    0.01919
   -0.03705
   -0.07056
    0.03235
    0.00202
   -0.02511
   -0.03299
    0.02917
    0.00745
   -0.05023
    0.01263
    0.02003
    0.01502
   -0.02793
   -0.02101
    0.01521
    0.01545
   -0.00715
   -0.08508
    0.03105
    0.00289
   -0.01791
   -0.02530
    0.02632
    0.00548
   -0.03770
   -0.01359
    0.02620
   -0.00627
   -0.00125
   -0.03067
    0.03389
    0.01373
    0.00570
   -0.07455
    0.01378
    0.00228
   -0.01001
   -0.02632
    0.02369
    0.01284
   -0.03224
   -0.02339
    0.03064
    0.01935
   -0.02347
   -0.03398
    0.02361
    0.01254
   -0.00053
   -0.07896
    0.02576
   -0.00130
   -0.01823
   -0.00669
    0.01973
    0.00694
   -0.02749
   -0.01641
    0.02872
   -0.00194
   -0.02552
    0.00758
    0.01738
    0.01344
   -0.02279
   -0.07536
    0.02659
   -0.00754
   -0.01409
   -0.02844
    0.02402
   -0.00615
   -0.03648
    0.00119
    0.01957
    0.00010
   -0.00529
    0.00022
    0.00368
    0.00307
   -0.01365
   -0.05354
    0.02856
   -0.00126
   -0.01254
   -0.00848
    0.01682
   -0.01256
   -0.02504
    0.01378
    0.01419
   -0.00318
   -0.01135
   -0.00336
    0.01293
    0.00890
   -0.00082
   -0.05888
    0.01290
   -0.00484
    0.01545
   -0.02138
    0.00775
    0.00172
   -0.03357
    0.00610
    0.01215
    0.00533
   -0.02085
   -0.01260
    0.01629
    0.00916
   -0.01313
   -0.05717
    0.01807
   -0.00465
   -0.01199
    0.00347
    0.00995
   -0.00191
   -0.02895
    0.00726
    0.01327
   -0.00711
   -0.01890
    0.01020
    0.01376
    0.00283
   -0.00781
   -0.04261
    0.01459
   -0.00779
   -0.01451
   -0.01957
    0.02433
   -0.00367
   -0.02451
    0.00940
    0.01045
