IntronPotTab 1 1024 -54.28852 3.80844 30.76780 34392 6 16  993.20
   -0.01485
   -0.00112
    0.08198
   -0.02196
   -0.02627
    0.00419
   -0.07098
    0.04208
   -0.01391
   -0.01729
    0.04591
   -0.01106
   -0.07494
    0.01489
    0.07002
    0.01806
   -0.03740
   -0.01380
    0.08700
    0.01788
   -0.01648
   -0.01887
   -0.11728
    0.05440
   -0.01448
   -0.01643
    0.00100
    0.03040
   -0.05294
   -0.05539
    0.11802
    0.01178
   -0.01206
   -0.03483
    0.02987
    0.01142
   -0.01317
   -0.01146
   -0.05164
    0.02890
    0.00456
   -0.00666
    0.04307
   -0.03949
   -0.02299
   -0.05946
    0.00393
    0.03818
   -0.07373
    0.04718
    0.09823
    0.02010
   -0.05569
    0.00202
   -0.08706
    0.07697
   -0.05502
    0.03516
    0.00698
    0.04366
   -0.08924
    0.02060
    0.07130
    0.01258
   -0.01614
   -0.02752
    0.01698
    0.02738
    0.01460
   -0.01888
   -0.10323
    0.01988
   -0.01107
   -0.05804
   -0.00554
    0.05234
   -0.04957
   -0.03007
    0.02874
    0.03307
   -0.02249
   -0.03055
    0.03709
    0.02743
   -0.02018
    0.03155
   -0.18261
    0.03548
   -0.00151
   -0.03464
   -0.04418
    0.06201
   -0.04348
   -0.02912
    0.06622
    0.01723
   -0.00372
   -0.07366
    0.01079
    0.04156
   -0.01132
   -0.03163
   -0.02668
    0.05018
    0.01736
   -0.08478
   -0.00002
    0.02868
   -0.02620
   -0.03073
   -0.02063
    0.05619
   -0.03483
   -0.02120
    0.05640
    0.01234
   -0.03690
    0.00828
   -0.14206
    0.06076
   -0.02676
   -0.02758
   -0.00865
    0.05635
   -0.05789
   -0.00392
    0.03611
    0.01223
   -0.01819
    0.00743
    0.01822
    0.01082
   -0.01700
   -0.01240
   -0.10450
    0.05285
   -0.02568
   -0.02976
    0.04786
    0.01182
   -0.04929
   -0.02734
    0.01091
    0.04038
   -0.02083
   -0.03315
    0.01247
    0.03170
   -0.03481
   -0.00355
   -0.15678
    0.06379
   -0.02052
   -0.03761
    0.02482
    0.02729
   -0.00713
   -0.09480
    0.05797
    0.02452
   -0.00375
   -0.02686
    0.01402
    0.00492
   -0.02012
   -0.01439
   -0.07530
    0.04400
   -0.00510
   -0.03389
    0.06238
   -0.02604
   -0.08792
   -0.03124
    0.02247
    0.04919
   -0.03288
   -0.02085
    0.03471
    0.01857
   -0.04467
    0.01949
   -0.14414
    0.06833
   -0.04160
   -0.00282
    0.02396
    0.02638
   -0.05318
   -0.00356
    0.01900
    0.01810
   -0.03891
    0.03780
    0.06916
   -0.00055
   -0.00132
   -0.04312
   -0.06952
    0.04108
   -0.00937
   -0.02097
    0.03149
   -0.00201
   -0.06454
    0.00998
    0.07971
    0.01311
   -0.04459
   -0.02570
    0.09219
    0.02136
   -0.04008
    0.00771
   -0.16409
    0.06705
   -0.04196
    0.02245
   -0.01567
    0.05672
   -0.05296
   -0.05992
    0.11256
    0.01839
   -0.01931
   -0.03344
    0.00584
    0.03348
   -0.04371
   -0.01375
   -0.12166
    0.07600
   -0.01719
   -0.05837
    0.02060
    0.03513
   -0.03384
   -0.06824
    0.03517
    0.02970
   -0.07202
    0.02880
    0.10024
    0.00823
   -0.05389
   -0.00598
   -0.11797
    0.07086
   -0.04805
    0.02274
    0.01295
    0.03227
   -0.06334
    0.02428
    0.07739
   -0.01165
   -0.02189
   -0.00314
    0.02314
    0.01450
   -0.02656
   -0.00685
   -0.10053
    0.04942
   -0.01695
   -0.02769
    0.01991
    0.01941
   -0.03433
   -0.01327
    0.01976
    0.01797
   -0.03642
    0.03789
    0.01308
    0.01249
   -0.03676
    0.01993
   -0.11674
    0.05034
   -0.02070
    0.04034
    0.01770
   -0.01308
   -0.04643
   -0.02976
    0.09434
    0.00127
    0.02930
   -0.04552
   -0.06675
    0.03577
   -0.01610
   -0.00614
   -0.12274
    0.04008
    0.01368
   -0.01051
    0.02627
   -0.03028
   -0.02954
   -0.05857
   -0.01268
    0.05065
   -0.03842
   -0.01531
    0.02606
    0.02650
   -0.04590
   -0.00480
   -0.11841
    0.07043
   -0.04982
   -0.00086
   -0.00331
    0.05214
   -0.05305
   -0.02391
    0.03403
    0.01977
   -0.00317
   -0.01127
    0.00299
    0.01012
    0.00575
   -0.01560
   -0.14110
    0.03478
   -0.02013
   -0.03213
   -0.00402
    0.05015
   -0.01937
   -0.02689
    0.00445
    0.02504
   -0.00272
   -0.00614
   -0.01396
    0.01206
   -0.06338
    0.05586
   -0.18459
    0.04964
   -0.03068
    0.04598
   -0.09025
    0.07485
   -0.06749
   -0.03629
    0.03570
    0.04781
   -0.00002
   -0.04057
    0.02322
    0.00572
    0.00352
   -0.04843
   -0.08784
    0.07044
   -0.04638
    0.02274
    0.01764
    0.02856
   -0.01598
   -0.05274
    0.00364
    0.03837
   -0.03719
   -0.02456
    0.03707
    0.02966
   -0.04042
    0.00923
   -0.13796
    0.05353
   -0.04618
   -0.03703
   -0.00933
    0.08329
   -0.06283
   -0.03349
   -0.00465
    0.05457
   -0.03886
   -0.03764
    0.05490
    0.02679
    0.02745
   -0.03329
   -0.05329
    0.01865
   -0.01938
   -0.08325
    0.04683
    0.03250
   -0.02582
   -0.07041
   -0.00047
    0.06169
    0.01566
   -0.04392
   -0.08609
    0.05579
   -0.07114
   -0.02368
   -0.08941
    0.11389
   -0.06860
    0.04225
   -0.04844
    0.05640
   -0.00807
   -0.08217
   -0.00993
    0.05243
    0.05995
   -0.09319
    0.00784
   -0.02606
   -0.01225
   -0.01461
   -0.03867
    0.04303
   -0.01885
   -0.02730
    0.07809
   -0.02625
   -0.06423
   -0.06855
    0.00050
    0.06518
    0.00432
   -0.09971
    0.00164
    0.04992
   -0.02547
   -0.01209
   -0.10773
    0.06775
   -0.03608
   -0.03896
    0.00423
    0.05046
   -0.02642
   -0.08103
   -0.00001
    0.04554
   -0.04037
    0.01335
   -0.01206
    0.04945
   -0.02003
   -0.01081
   -0.14575
    0.04894
   -0.02838
   -0.00965
    0.01152
    0.02968
   -0.04100
   -0.00853
    0.00606
    0.02815
   -0.02920
   -0.00988
    0.03634
    0.02255
   -0.05130
    0.04293
   -0.18724
    0.05344
   -0.02337
   -0.05827
    0.02333
    0.04171
   -0.06280
   -0.00426
    0.01745
    0.03282
   -0.00069
   -0.02935
   -0.05592
    0.04725
   -0.01929
   -0.00919
   -0.25402
    0.06631
   -0.00521
   -0.03999
   -0.01536
    0.03731
   -0.03343
   -0.06916
   -0.01641
    0.05832
   -0.03927
   -0.00248
    0.00962
    0.03423
   -0.05844
   -0.00677
   -0.11934
    0.07170
   -0.05233
   -0.01051
    0.00841
    0.05370
   -0.06358
   -0.01416
    0.01712
    0.02851
   -0.02751
    0.00686
    0.03657
    0.01294
   -0.01709
   -0.03263
   -0.16368
    0.06890
   -0.03872
   -0.03195
    0.04774
    0.03437
   -0.03988
   -0.02513
    0.01641
    0.02876
   -0.00863
   -0.02781
    0.03633
    0.00766
    0.00471
   -0.04394
   -0.14333
    0.05975
   -0.04212
    0.00347
    0.03533
    0.02603
   -0.01606
   -0.07062
    0.09761
    0.00185
    0.00959
   -0.02587
   -0.01539
    0.01343
    0.01384
   -0.04406
   -0.08078
    0.02702
   -0.01962
   -0.00651
    0.03207
    0.00397
   -0.03443
   -0.06100
    0.03030
    0.02817
   -0.02401
   -0.00263
    0.03766
    0.00295
   -0.03331
    0.00020
   -0.15992
    0.07632
   -0.05647
    0.02141
    0.01830
    0.04324
   -0.04618
   -0.02129
    0.03294
    0.01483
   -0.00475
   -0.02671
   -0.02125
    0.03955
    0.00729
   -0.02867
   -0.16453
    0.05057
   -0.01287
   -0.09256
   -0.00964
    0.09507
   -0.03212
   -0.04701
   -0.00367
    0.05240
    0.00941
   -0.05810
    0.02589
    0.01376
   -0.04211
    0.01649
   -0.18041
    0.07346
   -0.00421
   -0.08259
    0.01732
    0.05658
   -0.04698
   -0.05145
    0.03331
    0.04321
   -0.06188
    0.00224
   -0.01710
    0.09431
   -0.04352
   -0.00117
   -0.02093
    0.04895
    0.02499
   -0.12338
    0.02856
    0.04423
   -0.00457
   -0.06778
    0.00732
    0.03821
    0.00109
   -0.06332
    0.03257
    0.01128
   -0.03908
    0.00018
   -0.17370
    0.07225
   -0.01120
   -0.09289
    0.00768
    0.09144
   -0.02421
   -0.04991
    0.00716
    0.03850
   -0.00218
   -0.02098
    0.01390
   -0.00019
   -0.01181
   -0.01864
   -0.11356
    0.05671
   -0.02294
   -0.05431
    0.04883
    0.01072
   -0.01980
   -0.03297
   -0.00150
    0.02912
   -0.00513
   -0.05338
    0.01115
    0.02413
   -0.03998
   -0.03371
   -0.15841
    0.09188
    0.00432
   -0.00378
   -0.01975
    0.01694
   -0.00404
   -0.12115
    0.04371
    0.03973
   -0.00224
   -0.05835
    0.02539
    0.00604
   -0.02185
   -0.02815
   -0.11660
    0.06043
   -0.00716
   -0.05526
    0.03499
    0.00345
   -0.06502
   -0.09576
    0.03637
    0.04457
   -0.00726
   -0.08974
    0.05039
    0.01277
   -0.03202
    0.00017
   -0.18618
    0.08239
   -0.06508
   -0.01506
    0.01818
    0.05783
   -0.04843
   -0.04246
    0.00718
    0.03638
   -0.01084
    0.00486
   -0.01511
    0.01988
   -0.00500
   -0.06181
   -0.17234
    0.07706
   -0.02189
   -0.03025
    0.02400
    0.02435
   -0.02296
   -0.02490
    0.01760
    0.01665
   -0.01185
   -0.04706
    0.07585
    0.00352
   -0.04170
   -0.00953
   -0.21634
    0.08846
   -0.02862
    0.00850
    0.02516
    0.00756
   -0.02768
   -0.05728
    0.07827
    0.01565
   -0.00672
   -0.04657
   -0.00112
    0.02844
   -0.02715
   -0.02073
   -0.20057
    0.07964
   -0.01601
   -0.06517
    0.03938
    0.02280
   -0.02907
   -0.06876
    0.03517
    0.02181
   -0.03056
   -0.00958
    0.03017
    0.01350
   -0.06092
   -0.00929
   -0.17173
    0.09270
   -0.05185
    0.00413
    0.03044
    0.02656
   -0.04042
    0.00305
    0.03906
   -0.00561
   -0.04814
    0.05494
    0.07296
    0.00717
   -0.02275
   -0.00310
   -0.09178
    0.03859
   -0.01239
    0.00962
    0.02451
   -0.01118
   -0.07150
    0.03970
    0.08116
   -0.00337
   -0.04720
   -0.00874
    0.06643
    0.03127
   -0.01774
   -0.01307
   -0.09366
    0.04074
   -0.04072
   -0.00426
    0.03572
    0.02784
   -0.07159
   -0.06144
    0.14041
    0.01730
   -0.00808
   -0.01846
   -0.01323
    0.02868
   -0.02669
   -0.01137
   -0.04885
    0.04035
   -0.00313
   -0.00382
    0.02238
   -0.01161
   -0.06050
   -0.02097
    0.01120
    0.03868
   -0.05732
    0.07118
    0.07531
   -0.00578
   -0.04022
    0.00310
   -0.10412
    0.05837
   -0.06347
    0.03577
    0.02270
    0.02970
   -0.07441
    0.03772
    0.09496
   -0.00885
   -0.02660
   -0.02292
    0.01224
    0.03912
   -0.00876
   -0.02650
   -0.12847
    0.04860
   -0.03050
   -0.04741
   -0.02043
    0.07821
   -0.04990
   -0.04370
    0.03033
    0.03745
   -0.02944
   -0.02698
    0.04722
    0.02886
   -0.04185
    0.02785
   -0.20018
    0.05816
   -0.01716
    0.01405
   -0.12009
    0.12803
   -0.05020
   -0.06247
    0.07675
    0.03809
    0.00501
   -0.07289
    0.00445
    0.02835
   -0.12779
    0.03138
   -0.06239
    0.12487
   -0.01598
   -0.02030
   -0.03454
    0.05251
   -0.03870
   -0.06207
    0.01408
    0.05176
   -0.04557
   -0.04157
    0.04044
    0.04040
   -0.05466
   -0.01747
   -0.15274
    0.07001
   -0.04136
   -0.04621
   -0.02829
    0.09231
   -0.04878
   -0.05193
    0.02824
    0.03864
   -0.02527
    0.00160
   -0.00166
    0.03450
   -0.00116
   -0.01507
   -0.10633
    0.03056
   -0.02038
   -0.03864
    0.03315
    0.01982
   -0.03437
   -0.02352
    0.00130
    0.03350
   -0.02546
   -0.03056
   -0.00994
    0.04053
   -0.03068
   -0.03739
   -0.16329
    0.07505
   -0.12837
    0.03170
    0.04309
    0.10056
   -0.03887
   -0.07766
    0.05080
    0.03378
    0.00883
   -0.05306
   -0.01002
    0.01984
    0.00080
   -0.03277
   -0.14849
    0.04529
   -0.00920
   -0.06486
    0.03168
    0.02268
   -0.06067
   -0.04481
   -0.01531
    0.06064
   -0.05616
   -0.02502
    0.02144
    0.04884
   -0.03531
   -0.01324
   -0.14278
    0.07062
   -0.07382
    0.00475
    0.02283
    0.04857
   -0.03874
   -0.00764
    0.00912
    0.01602
   -0.07155
    0.07865
    0.06475
    0.02030
   -0.04495
    0.00272
   -0.06592
    0.05313
   -0.03469
    0.03148
    0.01159
    0.01311
   -0.06816
    0.03069
    0.07805
   -0.00641
   -0.05199
   -0.02107
    0.09257
    0.02405
   -0.04932
    0.01013
   -0.11147
    0.05318
   -0.03081
   -0.09483
    0.02741
    0.06575
   -0.06142
   -0.05497
    0.13267
    0.01130
   -0.02282
   -0.00993
    0.00087
    0.02844
   -0.04671
   -0.00865
   -0.12234
    0.06531
   -0.03053
   -0.01649
    0.01992
    0.02738
   -0.05527
   -0.03601
    0.03682
    0.02460
   -0.08877
    0.06072
    0.07577
    0.02325
   -0.07298
    0.02022
   -0.14840
    0.06222
   -0.07278
    0.01964
    0.02725
    0.04229
   -0.09072
    0.02582
    0.08591
   -0.00076
