IntronPotTab 1 1024 -4.29514 0.89166 8.68063 17333 6 16  154.26
   -0.02453
    0.05721
   -0.03906
   -0.00260
   -0.09157
    0.13187
   -0.03336
   -0.01515
   -0.07089
    0.07749
   -0.04208
   -0.02503
   -0.09321
   -0.00156
    0.01169
    0.03588
   -0.04399
    0.05233
   -0.03461
    0.03388
   -0.07998
    0.05242
   -0.03035
    0.04242
   -0.18516
    0.07083
   -0.00776
    0.00820
   -0.06567
   -0.01256
    0.04553
   -0.05596
   -0.12875
   -0.00292
    0.09129
    0.01907
   -0.04421
    0.04694
   -0.05396
    0.05655
   -0.09116
   -0.00366
    0.11132
   -0.12257
   -0.13396
   -0.07513
    0.04670
    0.06690
   -0.05790
    0.01826
    0.01450
    0.01515
   -0.07811
    0.06745
   -0.00721
    0.02766
   -0.16404
    0.08073
   -0.04886
    0.02964
   -0.16264
   -0.00737
    0.04507
   -0.01987
   -0.01682
    0.06400
   -0.08403
    0.06640
    0.02409
   -0.01391
   -0.05846
    0.05076
   -0.07234
    0.03975
   -0.08690
    0.11458
   -0.06613
   -0.10198
    0.05839
    0.05271
    0.00922
    0.06783
   -0.11675
    0.07235
   -0.07718
    0.02815
   -0.03470
    0.07076
   -0.09196
    0.02563
   -0.04832
    0.04563
    0.00950
    0.01510
   -0.01126
    0.00649
    0.04648
   -0.01000
   -0.02803
    0.04014
   -0.03826
    0.02605
   -0.04711
    0.03666
   -0.03221
   -0.01882
    0.04038
    0.01042
   -0.19072
   -0.09378
    0.04906
    0.07790
    0.15892
   -0.08555
    0.03603
    0.01234
   -0.00077
   -0.00657
   -0.05438
    0.07497
   -0.01458
   -0.00108
   -0.04912
    0.09666
    0.11932
   -0.09008
    0.04446
   -0.01583
    0.05660
    0.04198
   -0.10120
    0.15083
    0.01358
    0.00603
   -0.04818
    0.05698
    0.03464
    0.00585
   -0.04274
    0.06875
   -0.01874
   -0.11121
    0.00219
    0.15029
   -0.01166
    0.04303
   -0.05669
    0.15559
   -0.05422
    0.00220
   -0.04379
    0.11243
   -0.08805
    0.03186
   -0.03435
    0.07728
   -0.00349
   -0.07111
    0.01005
    0.05997
   -0.04021
   -0.00508
   -0.00446
    0.06692
   -0.01110
    0.02537
   -0.10999
    0.16235
    0.00982
   -0.03503
    0.01548
    0.04527
   -0.16908
   -0.02942
   -0.02466
    0.21613
    0.07806
   -0.09944
    0.02585
    0.08931
   -0.02961
    0.01942
   -0.06750
    0.11012
   -0.20478
    0.02624
   -0.02298
    0.12560
    0.03911
   -0.13295
    0.06389
   -0.00778
   -0.11373
    0.05745
   -0.00208
    0.06146
   -0.09876
    0.08815
   -0.00149
    0.01935
   -0.18712
    0.07531
    0.00192
    0.00498
   -0.21014
   -0.01546
    0.10599
   -0.06145
   -0.11342
    0.08689
   -0.03930
    0.04230
   -0.10278
    0.10236
   -0.04034
    0.00443
   -0.17408
    0.07195
    0.00658
   -0.01851
   -0.10382
   -0.01163
    0.03886
   -0.03699
   -0.07063
    0.04011
   -0.03857
    0.07855
   -0.04844
    0.02937
   -0.05064
    0.06092
   -0.10446
    0.00664
    0.04305
    0.00149
   -0.14809
   -0.11974
    0.06574
    0.04548
   -0.09529
    0.01213
   -0.01124
    0.05789
   -0.05941
    0.07423
   -0.03544
   -0.00071
   -0.14067
    0.06093
   -0.02644
    0.02098
   -0.05395
   -0.04596
    0.05309
   -0.01629
   -0.04333
    0.04950
   -0.08024
    0.11123
   -0.06594
    0.08408
   -0.11924
    0.07427
   -0.14109
    0.07009
   -0.05102
    0.02608
   -0.11288
   -0.01533
    0.00280
    0.07403
   -0.15927
    0.11145
   -0.11393
    0.03127
   -0.10785
    0.12113
   -0.06855
   -0.00503
   -0.13523
    0.07225
   -0.09346
    0.00957
   -0.12899
    0.03127
    0.00236
   -0.00587
   -0.07317
    0.01003
    0.00855
    0.04216
   -0.09157
    0.11188
   -0.06015
    0.03978
   -0.06279
    0.02992
    0.09516
   -0.25832
   -0.17693
   -0.03236
    0.04304
    0.05400
   -0.03781
   -0.02271
   -0.08857
    0.17765
   -0.08709
    0.05947
   -0.06602
    0.06561
   -0.19036
    0.07678
   -0.09900
    0.03395
   -0.08639
   -0.00661
   -0.00802
    0.05516
   -0.07402
    0.11487
   -0.12355
    0.07804
   -0.05152
    0.02868
   -0.07571
    0.07399
   -0.08684
    0.03410
   -0.07477
    0.08849
   -0.05098
   -0.05986
    0.03302
    0.06205
   -0.05383
    0.07021
   -0.11171
    0.08710
   -0.10354
    0.03641
   -0.04360
    0.08753
   -0.14403
    0.03645
   -0.05725
    0.01730
   -0.10196
    0.00268
    0.01196
   -0.01300
   -0.07405
    0.05568
   -0.07730
    0.06980
   -0.14053
    0.01618
   -0.03133
    0.08604
   -0.10786
    0.01833
   -0.00112
   -0.01584
   -0.12122
   -0.05376
    0.03732
    0.05601
   -0.05511
    0.00701
    0.01382
    0.00368
   -0.08069
    0.02550
   -0.04861
    0.05915
   -0.09359
    0.03544
   -0.08401
    0.03472
    0.01260
   -0.02921
    0.00231
    0.04083
   -0.03780
    0.10953
   -0.11214
    0.09018
   -0.08280
    0.11938
   -0.08147
    0.03456
   -0.11512
    0.07974
   -0.06844
    0.05892
   -0.07413
    0.04046
   -0.03035
    0.07945
   -0.07277
    0.09642
   -0.11517
    0.15203
   -0.13005
    0.07737
   -0.04427
    0.08441
   -0.09990
    0.06391
   -0.09586
    0.07989
   -0.10437
    0.02216
   -0.01240
    0.04888
   -0.02443
    0.04953
   -0.04006
    0.06861
   -0.05830
    0.09809
   -0.10033
    0.14566
   -0.07435
   -0.00458
    0.03153
    0.00771
   -0.15283
   -0.02045
   -0.00788
    0.15757
   -0.03346
   -0.00757
   -0.10499
    0.18930
   -0.12977
    0.07663
   -0.04758
    0.07905
   -0.23935
    0.05928
   -0.09067
    0.10654
   -0.02814
   -0.01810
   -0.00651
    0.03760
   -0.14992
    0.10023
   -0.01150
    0.06060
   -0.08842
    0.09392
   -0.12542
    0.01857
   -0.14782
    0.05244
   -0.01231
   -0.00947
   -0.10481
   -0.01040
    0.00271
    0.05825
   -0.15163
    0.12471
   -0.11542
    0.03733
   -0.20107
    0.13211
   -0.08154
   -0.01160
   -0.08977
    0.09416
   -0.13955
   -0.02225
   -0.14006
    0.05401
   -0.01255
   -0.01788
   -0.11539
    0.08296
   -0.03897
    0.03138
   -0.19138
    0.11339
   -0.08122
    0.01663
   -0.20850
    0.02998
    0.05144
   -0.01378
   -0.20017
   -0.04565
    0.05311
    0.02032
   -0.05968
    0.03245
   -0.03073
    0.02003
   -0.13729
    0.08971
    0.01255
   -0.02691
   -0.21199
    0.07882
   -0.07492
    0.03530
   -0.10335
    0.04136
   -0.03493
    0.05525
   -0.05163
    0.05589
   -0.03362
    0.04730
   -0.08647
    0.09952
   -0.00340
   -0.01549
   -0.17387
    0.07547
   -0.00213
    0.00705
   -0.12550
    0.01117
    0.00329
    0.04479
   -0.11131
    0.08394
   -0.02812
    0.03110
   -0.11787
    0.12151
   -0.02471
   -0.02014
   -0.18827
    0.09385
   -0.04007
    0.03710
   -0.24841
   -0.02830
    0.07289
   -0.07027
   -0.18356
   -0.04477
    0.10173
   -0.02257
   -0.05172
    0.06214
   -0.02655
    0.02942
   -0.16915
    0.00151
    0.10112
   -0.05348
   -0.22800
   -0.04449
    0.06176
    0.00424
   -0.03029
   -0.01411
   -0.01067
    0.06093
   -0.07959
    0.07943
    0.00353
   -0.00899
   -0.24031
    0.06851
   -0.00117
    0.04138
   -0.09647
   -0.02881
    0.03568
   -0.01658
   -0.05907
    0.05503
   -0.03922
    0.07163
   -0.01390
   -0.01298
   -0.01289
    0.07987
   -0.07623
    0.02774
   -0.04437
    0.08947
   -0.14027
   -0.10115
    0.05398
    0.04867
   -0.06048
    0.04618
   -0.04179
    0.06381
   -0.11891
    0.03881
   -0.00796
    0.05968
   -0.08751
   -0.00027
    0.01130
    0.04279
   -0.11398
   -0.06181
    0.04330
   -0.03608
   -0.02697
   -0.00725
   -0.01314
    0.05728
   -0.10207
    0.01377
   -0.01307
    0.07925
   -0.07129
   -0.03837
    0.05941
    0.05637
   -0.12205
   -0.10920
    0.04700
    0.02931
    0.03153
   -0.05840
    0.03753
    0.03129
   -0.07662
    0.00914
    0.01481
    0.05437
   -0.06196
    0.00045
   -0.01492
    0.07406
   -0.02815
   -0.08317
    0.03466
    0.03916
   -0.03385
    0.00263
   -0.03351
    0.14791
   -0.05287
    0.01187
   -0.00921
    0.08484
   -0.10457
    0.00896
    0.00436
    0.08197
   -0.06160
   -0.06316
    0.00341
    0.10784
   -0.13145
    0.00729
   -0.00632
    0.10811
   -0.12659
    0.04795
   -0.01103
    0.07903
   -0.09332
    0.03551
   -0.03872
    0.11684
   -0.13526
   -0.09515
    0.03472
   -0.00599
   -0.03563
   -0.03086
   -0.00231
    0.07767
   -0.06571
    0.04097
   -0.06253
    0.13372
   -0.08573
   -0.01317
    0.02957
    0.04987
   -0.17533
   -0.11424
    0.03376
    0.04749
   -0.08583
   -0.07253
    0.01893
    0.16014
   -0.13906
    0.04315
    0.01134
    0.08502
   -0.33456
   -0.02190
    0.03397
    0.14357
   -0.04561
   -0.10038
    0.01551
    0.06332
   -0.09307
    0.11603
   -0.09386
    0.08066
   -0.15615
    0.12825
   -0.13923
    0.06653
   -0.16967
    0.07963
   -0.03381
    0.01927
   -0.06479
   -0.01491
   -0.00197
    0.05830
   -0.14190
    0.08751
   -0.04665
    0.08820
   -0.18708
    0.11392
    0.02326
    0.01525
   -0.10784
    0.07094
   -0.05273
    0.00313
   -0.14740
    0.00462
    0.01655
    0.00071
   -0.02108
    0.08823
   -0.15449
    0.16345
   -0.08297
    0.06454
   -0.09442
    0.07409
   -0.17096
   -0.01197
    0.02004
    0.09541
   -0.23252
   -0.14870
    0.07343
   -0.04472
   -0.08381
   -0.01253
    0.00391
    0.07941
   -0.11959
    0.04644
    0.04302
    0.03663
   -0.19519
    0.04426
   -0.01271
    0.07109
   -0.09699
   -0.00470
   -0.00922
    0.06035
   -0.04799
    0.09815
   -0.05356
   -0.03908
   -0.07453
    0.08667
   -0.10958
    0.06593
   -0.16691
    0.06367
   -0.02227
    0.03176
   -0.11116
   -0.04256
    0.03960
    0.03598
   -0.09725
    0.08309
   -0.05076
    0.03908
   -0.05732
    0.07668
   -0.05222
    0.02880
   -0.31886
    0.10954
   -0.02609
    0.08008
   -0.02470
   -0.08362
    0.05838
   -0.04094
   -0.03968
   -0.06528
    0.01726
    0.08016
   -0.02866
    0.01906
   -0.09270
    0.09213
   -0.06394
   -0.01801
    0.09454
   -0.10992
   -0.05693
   -0.10822
    0.04715
    0.04860
   -0.03659
    0.05721
    0.01701
   -0.05247
   -0.03783
    0.04505
   -0.06116
    0.04061
   -0.20077
    0.03250
   -0.00304
    0.06258
   -0.12249
   -0.02071
    0.04249
    0.00072
   -0.06637
    0.07476
   -0.09726
    0.11379
   -0.02518
    0.00482
   -0.04171
    0.06566
   -0.05867
    0.02130
   -0.08259
    0.13598
   -0.16596
   -0.07090
    0.05981
    0.07226
    0.02686
    0.05498
   -0.13870
    0.13700
   -0.08956
    0.02551
   -0.08845
    0.09595
   -0.11323
    0.01766
   -0.03768
    0.07699
   -0.03385
   -0.05187
    0.02766
    0.04087
   -0.06305
    0.04084
    0.00726
   -0.02930
   -0.05070
    0.02650
   -0.06924
    0.03289
   -0.06547
   -0.01013
    0.03608
    0.00758
   -0.23728
   -0.10873
    0.10810
    0.04289
    0.09959
   -0.07314
    0.06650
   -0.00764
   -0.01170
   -0.01799
   -0.07187
    0.09509
   -0.03076
    0.01254
   -0.06835
    0.07730
    0.03582
   -0.08905
    0.02232
    0.09369
    0.05026
    0.01862
   -0.12164
    0.15818
   -0.03296
    0.03782
   -0.08416
    0.10083
    0.02658
    0.02123
   -0.05928
    0.05653
   -0.05776
   -0.04774
   -0.00835
    0.11374
   -0.01843
    0.09406
   -0.17027
    0.21269
   -0.10427
    0.02368
   -0.08020
    0.13246
   -0.05678
    0.02414
   -0.08892
    0.14683
   -0.00477
   -0.01238
   -0.01690
    0.09242
    0.01313
   -0.04815
   -0.02846
    0.09828
   -0.01646
    0.00030
   -0.11195
    0.16137
   -0.03942
   -0.04372
    0.03928
    0.05030
   -0.14736
   -0.09729
    0.01003
    0.12848
   -0.20944
   -0.01935
   -0.02656
    0.16369
   -0.02178
    0.00743
   -0.05963
    0.09057
   -0.17915
   -0.01415
   -0.07031
    0.13649
   -0.09084
   -0.10185
    0.03488
    0.03686
   -0.08481
    0.05144
   -0.00349
    0.04048
   -0.17140
    0.10003
   -0.03380
    0.10684
   -0.13102
    0.03630
   -0.01691
    0.07492
   -0.11240
    0.02510
    0.03095
   -0.01767
   -0.07001
    0.08657
   -0.05447
    0.02069
   -0.13483
    0.09063
   -0.04372
    0.02317
   -0.15691
    0.08229
   -0.05331
    0.04976
   -0.10444
   -0.04678
    0.06657
   -0.03221
   -0.02050
    0.02859
   -0.04969
    0.05555
   -0.07043
    0.02289
   -0.07522
    0.07752
   -0.10094
   -0.02312
    0.03503
    0.06600
   -0.19151
   -0.07341
    0.03682
    0.07342
   -0.05856
    0.00574
   -0.03221
    0.06791
   -0.08380
    0.02725
   -0.05037
    0.06236
   -0.20116
    0.05902
   -0.00514
    0.03385
   -0.10106
   -0.05973
    0.02079
    0.05590
