IntronPotTab 1 1024 -19.24621 1.24197 11.57774 72796 6 16  563.94
    0.00884
   -0.02179
   -0.03423
    0.01830
    0.00254
   -0.00211
   -0.03827
    0.01491
   -0.02959
   -0.00897
   -0.01945
    0.03588
    0.00037
   -0.03494
   -0.01579
    0.02477
   -0.01628
    0.00373
   -0.01119
    0.02543
   -0.01721
    0.02214
   -0.02079
    0.01797
   -0.01011
   -0.00774
   -0.00547
    0.01896
    0.01599
   -0.02649
   -0.01845
    0.00998
   -0.02126
    0.02514
   -0.02162
    0.02392
   -0.01353
    0.01445
   -0.02726
    0.02544
   -0.03604
    0.02254
    0.01147
    0.00983
    0.00222
   -0.02804
   -0.01734
    0.01526
   -0.00101
   -0.02900
    0.00695
    0.01147
    0.00072
   -0.00680
   -0.04043
    0.02364
   -0.02862
   -0.01389
   -0.03029
    0.04126
    0.00163
   -0.04248
   -0.01692
    0.02184
    0.00472
   -0.02781
   -0.03988
    0.03569
   -0.01834
    0.01387
   -0.02177
    0.02741
   -0.02713
   -0.02156
   -0.06111
    0.05700
    0.02080
   -0.08339
   -0.02099
    0.02304
   -0.00919
   -0.00783
   -0.03951
    0.04259
    0.00677
   -0.01208
   -0.03747
    0.01978
   -0.03947
    0.01266
   -0.03266
    0.03696
    0.05511
   -0.03800
   -0.05098
    0.01371
   -0.02879
    0.01713
    0.00645
    0.01419
   -0.01140
   -0.00053
    0.00677
    0.00911
   -0.07244
    0.01118
   -0.00780
    0.04017
    0.02351
   -0.05825
   -0.00913
    0.02315
    0.01295
   -0.05078
   -0.00649
    0.01900
   -0.00051
   -0.03283
   -0.02029
    0.03345
   -0.03227
   -0.02762
   -0.05638
    0.05228
    0.02111
   -0.07456
   -0.02915
    0.02695
   -0.00777
    0.00474
   -0.08130
    0.05249
    0.00678
    0.00283
   -0.06691
    0.02831
   -0.02424
   -0.01730
   -0.03627
    0.05483
    0.02391
   -0.06080
   -0.03661
    0.02733
   -0.02007
    0.01414
   -0.02766
    0.03774
   -0.00830
   -0.00201
   -0.05964
    0.04212
   -0.03469
    0.00016
    0.00295
    0.03269
    0.03451
   -0.05380
   -0.02383
    0.01475
   -0.04054
    0.03625
   -0.08121
    0.06136
   -0.01404
    0.03287
   -0.06222
    0.03323
   -0.05580
    0.00093
   -0.02300
    0.04709
   -0.05838
    0.01018
    0.02529
    0.01769
   -0.00375
   -0.02514
    0.00435
    0.01425
    0.00019
   -0.02582
   -0.03043
    0.03924
   -0.04546
   -0.01561
   -0.01608
    0.05077
    0.02261
   -0.05884
   -0.04306
    0.02231
   -0.00911
   -0.00214
   -0.00756
    0.01831
   -0.00234
   -0.00446
   -0.04149
    0.03114
   -0.02276
   -0.01107
   -0.00165
    0.02699
    0.01737
   -0.04711
   -0.01080
    0.00126
   -0.01301
   -0.00825
   -0.01935
    0.03104
   -0.03151
    0.02047
   -0.05236
    0.04007
   -0.02633
   -0.00721
   -0.03764
    0.03977
    0.03210
   -0.04330
   -0.02362
    0.01036
    0.00331
   -0.01314
    0.00127
    0.00410
   -0.00424
    0.01805
   -0.03039
    0.00993
   -0.07255
    0.00256
    0.03754
    0.01776
    0.00911
   -0.04110
   -0.00272
    0.00852
    0.00150
   -0.02382
   -0.00812
    0.01417
    0.01320
   -0.03676
   -0.05472
    0.02637
   -0.02799
   -0.01762
   -0.03384
    0.03946
    0.00987
   -0.05477
   -0.02256
    0.02082
    0.01071
   -0.04087
   -0.02544
    0.03093
   -0.01241
    0.00797
   -0.02554
    0.02428
   -0.02528
   -0.01878
    0.00462
    0.02826
    0.00746
   -0.05831
   -0.02737
    0.03537
   -0.00908
   -0.00182
   -0.04380
    0.03969
   -0.04332
    0.05615
   -0.06333
    0.02471
   -0.00233
    0.02222
   -0.02453
    0.00054
    0.02894
   -0.02680
   -0.02547
    0.01065
    0.01101
    0.00497
   -0.01862
   -0.00798
   -0.01280
    0.04748
   -0.02585
    0.00238
   -0.01360
    0.05179
    0.02333
   -0.02858
    0.00784
   -0.01289
   -0.00867
    0.00493
   -0.00355
   -0.02026
   -0.00354
    0.01763
   -0.01272
   -0.00033
   -0.05252
    0.03586
   -0.02533
   -0.00657
   -0.03592
    0.04302
    0.00905
   -0.03777
   -0.03004
    0.02459
    0.02766
   -0.03568
   -0.05203
    0.02563
    0.01211
   -0.03208
   -0.01658
    0.02201
   -0.00725
   -0.02793
   -0.02132
    0.04044
    0.03036
   -0.08174
   -0.00049
    0.01762
   -0.01564
   -0.00975
   -0.02901
    0.03196
    0.00299
    0.00089
   -0.05393
    0.02291
   -0.05226
    0.03177
   -0.06330
    0.04082
    0.05257
   -0.09827
   -0.03290
    0.01893
    0.02130
   -0.00525
   -0.02933
   -0.00447
   -0.00894
    0.00390
    0.00771
    0.00227
   -0.02661
    0.04741
   -0.04692
    0.01620
    0.01901
   -0.04062
   -0.00419
    0.00701
    0.01393
   -0.03312
   -0.01462
    0.01515
    0.03574
   -0.08917
    0.00245
    0.00988
   -0.02102
    0.00167
   -0.03707
    0.03575
    0.03842
   -0.11617
   -0.02399
    0.03450
    0.02183
   -0.03816
   -0.06617
    0.03715
   -0.00364
   -0.02888
   -0.07302
    0.06186
   -0.02639
   -0.02414
    0.02478
    0.01830
    0.02240
   -0.02410
   -0.06907
    0.03540
   -0.00997
    0.00061
   -0.03889
    0.03245
   -0.01188
   -0.00625
   -0.01696
    0.03430
   -0.02016
    0.01892
   -0.02001
    0.01616
    0.02108
   -0.04128
   -0.02145
    0.01812
    0.00976
    0.01254
   -0.06372
    0.01478
   -0.00885
    0.01238
   -0.01186
    0.01319
   -0.04467
    0.05217
   -0.02364
    0.01951
   -0.00897
    0.00650
   -0.03485
    0.02297
    0.00013
   -0.05009
   -0.02538
    0.03078
   -0.02032
    0.01888
   -0.03144
    0.04611
   -0.05293
   -0.00058
   -0.01870
    0.04449
    0.02201
   -0.06815
   -0.02565
    0.02375
   -0.00453
   -0.00385
   -0.03341
    0.02330
   -0.01431
    0.01270
   -0.07355
    0.03525
   -0.03077
   -0.01772
    0.00823
    0.03132
    0.00817
   -0.05230
   -0.01761
    0.01898
   -0.00940
   -0.00323
   -0.04854
    0.03298
   -0.02177
    0.04977
   -0.05531
    0.01025
   -0.03731
    0.01318
   -0.06145
    0.03492
    0.04727
   -0.06764
   -0.02059
    0.01201
   -0.01329
    0.01989
   -0.04220
    0.02059
   -0.02371
    0.01976
   -0.04407
    0.02787
   -0.08027
    0.03851
    0.00328
    0.02740
    0.00953
   -0.01543
   -0.03708
    0.01894
    0.02274
   -0.06102
   -0.00015
    0.02076
    0.00105
   -0.00856
   -0.02087
    0.01487
   -0.02076
   -0.02256
   -0.03412
    0.04310
    0.01882
   -0.07461
   -0.02495
    0.02818
    0.00607
   -0.01311
   -0.04659
    0.02502
    0.01680
   -0.00736
   -0.04518
    0.00330
   -0.02315
   -0.01318
   -0.04320
    0.05545
    0.02254
   -0.07766
   -0.01006
    0.01703
   -0.02299
    0.02854
   -0.00623
    0.00528
   -0.01671
    0.00212
   -0.01116
    0.02804
   -0.02692
    0.02202
   -0.00403
    0.01119
    0.03393
   -0.03343
    0.01703
   -0.01647
   -0.00247
    0.02518
   -0.06121
    0.02168
    0.01269
    0.01145
   -0.02582
   -0.01181
   -0.04949
    0.01744
   -0.04783
    0.04912
    0.01625
   -0.02240
   -0.00550
    0.00196
    0.00116
   -0.02282
   -0.00845
    0.01336
    0.01118
   -0.04126
   -0.02092
    0.02465
   -0.06330
   -0.00845
   -0.00597
    0.05767
    0.02707
   -0.07438
   -0.04578
    0.03128
    0.00216
   -0.02380
   -0.03032
    0.03452
    0.00405
   -0.00681
   -0.01178
    0.00785
   -0.03086
   -0.01722
   -0.01731
    0.04616
    0.02301
   -0.10407
    0.02245
    0.00696
   -0.00713
   -0.00310
   -0.01588
    0.01921
    0.00060
   -0.00301
   -0.02848
    0.02158
   -0.04406
    0.01594
   -0.00810
    0.03054
    0.04856
   -0.04486
   -0.01060
   -0.01702
   -0.00683
   -0.01180
    0.02066
    0.00112
   -0.00956
    0.01562
   -0.00397
    0.00032
   -0.05154
   -0.00444
    0.02397
    0.02104
    0.02280
   -0.03927
    0.01086
   -0.00560
    0.01101
   -0.03253
   -0.01330
    0.01687
    0.01419
   -0.04106
   -0.01518
    0.02237
   -0.04024
   -0.00472
   -0.05262
    0.05352
    0.04534
   -0.09331
   -0.02514
    0.02344
    0.01490
   -0.03303
   -0.03924
    0.02717
    0.02141
    0.00784
   -0.06405
   -0.00702
   -0.02262
   -0.02347
   -0.04985
    0.07051
    0.05650
   -0.10365
   -0.06561
    0.01486
   -0.01133
    0.01910
   -0.03556
    0.02916
   -0.00304
    0.00462
   -0.05244
    0.03404
   -0.04337
    0.02328
   -0.03224
    0.03926
    0.03338
   -0.02505
   -0.02089
    0.00489
   -0.02194
    0.04887
   -0.04092
    0.01505
    0.01750
    0.01458
   -0.04062
   -0.01204
   -0.03630
   -0.03043
    0.01332
    0.02867
    0.02117
   -0.06241
    0.00113
    0.00235
   -0.00311
   -0.04350
    0.00263
    0.02197
    0.00818
   -0.00301
   -0.07988
    0.04511
   -0.06629
   -0.00258
   -0.06084
    0.06802
    0.03022
   -0.06768
   -0.03871
    0.02745
   -0.00088
    0.01223
   -0.06926
    0.03189
   -0.00244
   -0.01421
   -0.06301
    0.04466
   -0.03979
   -0.00499
   -0.00065
    0.03159
    0.01422
   -0.05252
    0.00204
    0.00364
   -0.00775
   -0.01550
   -0.01384
    0.02517
   -0.03244
    0.03308
   -0.07695
    0.03847
   -0.05982
    0.01168
   -0.05152
    0.04458
    0.03555
   -0.05375
    0.00540
   -0.00509
   -0.00712
   -0.00201
   -0.01242
    0.01796
   -0.01342
    0.02638
   -0.04672
    0.01707
   -0.10862
    0.00748
    0.01713
    0.04351
    0.01902
   -0.02946
   -0.01452
    0.00693
    0.00015
   -0.01733
   -0.02388
    0.02041
    0.00826
   -0.03610
   -0.06276
    0.04081
   -0.04773
   -0.00622
   -0.04661
    0.05257
    0.01415
   -0.06701
   -0.03198
    0.02841
    0.00220
   -0.02150
   -0.03142
    0.02623
   -0.00845
    0.00208
   -0.03364
    0.02295
   -0.01751
    0.00793
   -0.01361
    0.01444
   -0.00299
   -0.02810
   -0.01219
    0.01883
   -0.01507
   -0.00288
   -0.03901
    0.04134
    0.00864
    0.02936
   -0.04077
   -0.01635
   -0.02434
    0.00683
    0.00058
    0.01629
    0.02114
   -0.03718
   -0.01140
    0.00236
   -0.00486
    0.01298
   -0.01898
    0.00947
    0.00230
    0.02374
   -0.04902
    0.01174
   -0.02148
    0.03079
   -0.00018
   -0.00181
    0.00527
   -0.01048
   -0.02010
    0.00832
   -0.00503
   -0.03543
   -0.01623
    0.02369
    0.00165
    0.00937
   -0.05837
    0.01611
   -0.02961
   -0.01351
   -0.02759
    0.03760
    0.00593
   -0.03457
   -0.02211
    0.01515
    0.02032
   -0.06114
   -0.04387
    0.03812
   -0.00137
   -0.01102
   -0.04023
    0.02993
   -0.03059
   -0.02324
   -0.02993
    0.05139
    0.02647
   -0.12889
   -0.00808
    0.03300
    0.02432
   -0.02946
   -0.05643
    0.02092
    0.01969
   -0.01379
   -0.05482
    0.00749
   -0.03674
    0.01457
   -0.00137
    0.02247
    0.07346
   -0.09752
   -0.01698
    0.00922
    0.01082
   -0.01252
   -0.02608
    0.01044
    0.00284
   -0.02012
    0.01075
    0.00305
   -0.04993
    0.01598
   -0.00495
    0.02729
    0.02421
   -0.07031
    0.00301
    0.01309
    0.02157
   -0.07056
   -0.01457
    0.01792
    0.02669
   -0.04786
   -0.03486
    0.02176
   -0.03003
   -0.03246
   -0.01431
    0.03829
    0.05633
   -0.10069
   -0.02557
    0.02802
    0.01388
   -0.03706
   -0.08914
    0.04803
    0.01502
    0.00404
   -0.08432
    0.04448
   -0.02741
    0.00104
    0.00449
    0.02061
    0.02363
   -0.03522
   -0.06411
    0.03737
   -0.01256
    0.00114
   -0.06965
    0.05418
   -0.00217
    0.01433
   -0.07357
    0.02930
   -0.01874
    0.00765
   -0.01720
    0.02132
    0.04440
   -0.05166
   -0.03978
    0.01719
   -0.00669
    0.01758
   -0.05959
    0.03410
    0.00547
    0.01744
   -0.04815
    0.00961
   -0.02470
    0.02287
   -0.01411
    0.02155
    0.02380
   -0.02035
   -0.04014
    0.01372
   -0.00065
   -0.05483
   -0.02196
    0.03091
    0.01101
   -0.00753
   -0.06690
    0.02804
   -0.04587
   -0.01127
   -0.03065
    0.04727
    0.01957
   -0.06109
   -0.04732
    0.02632
   -0.00321
   -0.01041
   -0.02214
    0.02125
   -0.00122
   -0.00186
   -0.05650
    0.02845
   -0.02785
   -0.00574
   -0.00867
    0.02980
    0.00484
   -0.04709
   -0.00650
    0.01450
   -0.00259
   -0.01446
   -0.05777
    0.03508
   -0.01890
    0.02464
   -0.02964
    0.01777
   -0.01848
    0.01305
   -0.01410
    0.01286
    0.04050
   -0.04069
   -0.00603
   -0.00814
   -0.00543
   -0.00171
   -0.02183
    0.01806
   -0.00771
    0.01610
   -0.04157
    0.01453
   -0.05170
    0.02094
    0.00986
    0.01969
    0.00988
   -0.02418
   -0.01725
    0.00908
    0.00797
   -0.03134
   -0.02206
    0.01514
    0.00490
   -0.01491
   -0.04325
    0.02172
   -0.02494
   -0.02063
   -0.02370
    0.03422
    0.00725
   -0.05712
   -0.02026
    0.02358
