IntronPotTab 1 1024 -30.17027 3.16610 21.36298 23863 6 16  393.85
   -0.02122
   -0.04690
    0.02738
    0.03696
   -0.01223
   -0.06674
   -0.10301
    0.08276
   -0.02111
   -0.04881
   -0.02952
    0.07760
   -0.06745
   -0.06858
    0.03749
    0.05875
   -0.04520
   -0.06563
    0.01559
    0.08190
   -0.00954
   -0.04098
   -0.16383
    0.09327
   -0.07095
   -0.01946
   -0.01464
    0.10547
   -0.02710
   -0.12669
    0.06231
    0.04438
   -0.00159
   -0.06447
   -0.03914
    0.06601
   -0.01217
   -0.09584
   -0.12203
    0.09202
   -0.00400
   -0.06405
    0.00718
    0.04499
   -0.02670
   -0.11470
   -0.01912
    0.07036
   -0.04460
   -0.05297
    0.04395
    0.04541
   -0.01344
   -0.09094
   -0.17238
    0.11152
   -0.04429
    0.00279
   -0.05828
    0.09126
   -0.05569
   -0.06288
    0.00489
    0.05613
   -0.01600
   -0.07016
   -0.00497
    0.06795
    0.02999
   -0.11291
   -0.13893
    0.08427
   -0.02340
   -0.06762
   -0.06282
    0.10803
   -0.03872
   -0.10420
    0.02234
    0.07048
   -0.03824
   -0.07645
    0.01318
    0.08891
   -0.02246
   -0.01367
   -0.16539
    0.07879
   -0.02085
   -0.04847
   -0.03271
    0.06339
   -0.02751
   -0.11671
    0.01912
    0.07319
    0.01431
   -0.21364
    0.04169
    0.13473
    0.03041
   -0.13279
   -0.10733
    0.10906
    0.03594
   -0.09620
    0.06108
   -0.00707
    0.00865
   -0.22508
    0.01461
    0.13236
   -0.00366
   -0.07075
    0.02174
    0.03117
   -0.02790
   -0.12270
   -0.10252
    0.12623
    0.00125
   -0.07957
   -0.04727
    0.08455
    0.00964
   -0.10204
   -0.01620
    0.05856
    0.00973
   -0.04766
   -0.07932
    0.08162
    0.00459
   -0.03512
   -0.20156
    0.09008
   -0.06528
   -0.00688
    0.00010
    0.13139
   -0.01315
   -0.08444
   -0.02000
    0.05968
   -0.04929
   -0.04357
   -0.05411
    0.10874
   -0.00334
   -0.05448
   -0.20720
    0.10172
   -0.03593
   -0.07585
   -0.05057
    0.11991
   -0.00146
   -0.10789
    0.00378
    0.05506
    0.01828
   -0.04640
   -0.09409
    0.07653
   -0.01321
   -0.06896
   -0.11973
    0.09131
   -0.01704
   -0.05075
   -0.01648
    0.05735
   -0.07436
   -0.06054
   -0.02053
    0.08144
   -0.01117
   -0.06979
   -0.00014
    0.04839
   -0.00847
   -0.09326
   -0.14832
    0.10665
   -0.02617
   -0.01606
   -0.05901
    0.08946
    0.01198
   -0.07177
   -0.02862
    0.04250
   -0.05103
   -0.01808
    0.01865
    0.05598
   -0.01894
   -0.07903
   -0.11498
    0.10702
   -0.00984
   -0.05558
   -0.03431
    0.06402
   -0.05544
   -0.03828
    0.05510
    0.03570
   -0.05165
   -0.05399
    0.02755
    0.06618
   -0.03700
   -0.02236
   -0.16938
    0.10458
   -0.06058
   -0.02943
   -0.07067
    0.13350
   -0.02025
   -0.11296
    0.05863
    0.04005
   -0.01465
   -0.07857
   -0.04682
    0.08188
   -0.02786
   -0.08692
   -0.08581
    0.09787
   -0.02490
   -0.08378
   -0.00990
    0.08164
   -0.02366
   -0.09082
   -0.01010
    0.06117
   -0.05806
   -0.02358
    0.03898
    0.04200
   -0.03915
   -0.06782
   -0.12574
    0.10188
   -0.02471
   -0.02910
   -0.06062
    0.08348
   -0.03102
   -0.04718
    0.02188
    0.02592
   -0.03005
   -0.03535
   -0.03497
    0.07526
   -0.03180
   -0.03414
   -0.18145
    0.10169
   -0.02520
   -0.05464
   -0.06366
    0.09709
   -0.03717
   -0.08920
    0.01731
    0.05515
   -0.07414
    0.05129
   -0.03065
    0.05840
   -0.05049
    0.01642
   -0.13417
    0.09911
   -0.06093
    0.02821
   -0.02027
    0.04720
   -0.03249
   -0.11055
    0.03972
    0.05754
    0.00514
   -0.05461
   -0.06647
    0.07059
   -0.02507
   -0.08465
   -0.09902
    0.09648
    0.02343
   -0.03633
    0.01025
   -0.00897
   -0.01223
   -0.08985
   -0.04304
    0.06897
   -0.02464
   -0.07088
   -0.00900
    0.05376
   -0.05282
   -0.04766
   -0.14025
    0.11399
   -0.02909
   -0.00172
   -0.08512
    0.08176
   -0.02494
   -0.07224
   -0.02047
    0.05295
   -0.00153
   -0.05454
   -0.04940
    0.07204
   -0.00251
   -0.05052
   -0.19572
    0.11060
   -0.02224
   -0.08372
   -0.06786
    0.12465
   -0.01422
   -0.06978
   -0.01537
    0.05764
   -0.03549
   -0.07136
   -0.00231
    0.09111
   -0.07730
    0.04518
   -0.19147
    0.09980
   -0.05544
   -0.00791
   -0.09851
    0.13481
   -0.07395
   -0.06306
    0.02284
    0.06800
    0.03194
   -0.12250
    0.01586
    0.02983
    0.04315
   -0.08680
   -0.11569
    0.09202
   -0.01437
   -0.09097
    0.01192
    0.07662
    0.05773
   -0.18716
    0.01698
    0.07986
   -0.00212
   -0.06663
   -0.02768
    0.06087
   -0.00791
   -0.07805
   -0.15292
    0.09933
   -0.03775
   -0.05724
   -0.05465
    0.11705
   -0.01538
   -0.10150
   -0.04838
    0.09425
    0.01857
   -0.10098
   -0.07558
    0.10913
    0.06983
    0.04878
   -0.37614
    0.20073
    0.01144
   -0.06591
   -0.06972
    0.08700
   -0.06210
   -0.05590
   -0.00167
    0.07355
   -0.07052
   -0.05319
   -0.06452
    0.13224
   -0.01954
    0.02052
   -0.25195
    0.14625
   -0.04504
   -0.11685
   -0.01138
    0.16033
    0.02581
   -0.12108
   -0.01525
    0.06191
    0.03733
   -0.05790
   -0.06515
    0.03785
    0.04832
   -0.02916
   -0.18041
    0.06471
    0.00082
   -0.08710
    0.00032
    0.05215
   -0.04347
   -0.04832
   -0.02296
    0.06002
    0.03920
   -0.13649
   -0.02309
    0.06239
    0.07329
    0.06954
   -0.37386
    0.14676
   -0.03244
   -0.00140
   -0.12169
    0.11892
   -0.03107
   -0.06765
   -0.07086
    0.08924
   -0.05462
   -0.02467
   -0.02472
    0.08273
   -0.02772
   -0.05361
   -0.17672
    0.10504
   -0.02616
   -0.08268
   -0.04894
    0.11168
   -0.05454
   -0.02967
    0.00683
    0.04966
   -0.06397
   -0.03560
   -0.00961
    0.09092
   -0.04099
    0.00402
   -0.15377
    0.07524
   -0.03812
   -0.01227
   -0.09774
    0.09848
   -0.06634
    0.02738
    0.00383
   -0.00018
   -0.02739
   -0.06268
   -0.06050
    0.09439
   -0.01673
   -0.08979
   -0.10560
    0.08762
   -0.02037
   -0.10399
   -0.00705
    0.08164
   -0.01903
   -0.10034
   -0.03505
    0.07458
   -0.02859
   -0.06061
   -0.00874
    0.05864
   -0.01618
   -0.05273
   -0.20703
    0.08250
   -0.02165
   -0.03517
   -0.09606
    0.10404
   -0.01306
   -0.04325
   -0.04151
    0.04965
   -0.01989
   -0.02393
   -0.02336
    0.05150
   -0.01675
   -0.09139
   -0.17278
    0.11064
   -0.05673
   -0.04402
   -0.04793
    0.13827
   -0.03157
   -0.07123
   -0.00792
    0.05247
   -0.05828
   -0.05031
   -0.00121
    0.08879
   -0.02671
   -0.03024
   -0.13939
    0.09605
   -0.01491
    0.06254
   -0.04521
    0.01781
    0.00175
   -0.16373
    0.07067
    0.04129
    0.03166
   -0.03133
   -0.09996
    0.09561
   -0.01512
   -0.08269
   -0.14791
    0.08942
   -0.03733
   -0.04470
    0.03392
    0.05223
   -0.00161
   -0.11745
   -0.04656
    0.07592
   -0.02248
   -0.02719
    0.00155
    0.02924
   -0.00938
   -0.08245
   -0.19917
    0.11993
   -0.06345
    0.02383
   -0.03477
    0.08425
    0.00122
   -0.06104
   -0.03448
    0.04293
   -0.02336
   -0.05239
   -0.05099
    0.09118
    0.00102
   -0.06146
   -0.19799
    0.10805
   -0.03504
   -0.07432
   -0.06462
    0.14293
   -0.01534
   -0.09478
   -0.00223
    0.06497
   -0.02546
   -0.06229
   -0.02148
    0.07680
   -0.04792
    0.01112
   -0.17054
    0.09956
   -0.01032
   -0.04158
   -0.04134
    0.07249
   -0.00535
   -0.11655
    0.03188
    0.05259
    0.04376
   -0.15243
   -0.03949
    0.07970
    0.03193
   -0.06989
   -0.24567
    0.14120
    0.00434
   -0.10858
   -0.02323
    0.10208
    0.01596
   -0.14107
   -0.02841
    0.09199
    0.02043
   -0.06398
   -0.05187
    0.05243
    0.00906
   -0.09380
   -0.15924
    0.09296
    0.01948
   -0.08260
   -0.08559
    0.11895
    0.06445
   -0.10668
   -0.04247
    0.05757
    0.01569
   -0.04169
   -0.07881
    0.06916
   -0.00373
   -0.05989
   -0.13868
    0.08617
   -0.01066
   -0.00908
   -0.05371
    0.07412
    0.01845
   -0.09374
   -0.00542
    0.03331
   -0.05024
   -0.02474
   -0.07738
    0.10955
   -0.00666
   -0.05929
   -0.17276
    0.09844
   -0.03290
   -0.04546
   -0.02981
    0.08481
   -0.04512
   -0.11517
    0.02116
    0.06801
    0.02647
   -0.06849
   -0.09293
    0.07546
    0.01091
   -0.07284
   -0.10837
    0.06148
   -0.02182
   -0.09129
   -0.00494
    0.07566
   -0.04271
   -0.11134
   -0.04632
    0.08103
   -0.01825
   -0.06350
    0.01888
    0.03652
    0.01467
   -0.09689
   -0.19794
    0.12011
   -0.02374
    0.02181
   -0.06664
    0.07575
    0.01457
   -0.07697
   -0.03843
    0.04759
   -0.03699
   -0.00431
   -0.08608
    0.08564
   -0.00490
   -0.07535
   -0.22714
    0.12218
   -0.02078
   -0.04317
   -0.07489
    0.09426
   -0.03239
   -0.01434
    0.00567
    0.02605
   -0.04473
   -0.05540
    0.01159
    0.06321
   -0.05246
   -0.05144
   -0.12368
    0.11944
    0.06596
   -0.01782
   -0.02169
   -0.02979
   -0.04068
   -0.08940
    0.04963
    0.04191
   -0.00098
   -0.05775
   -0.09580
    0.08588
    0.00534
   -0.09968
   -0.14778
    0.08192
   -0.00663
   -0.06606
   -0.02348
    0.05954
   -0.03943
   -0.10844
    0.01426
    0.05771
   -0.02673
   -0.03102
   -0.02031
    0.04798
   -0.00094
   -0.06889
   -0.27345
    0.10782
   -0.01218
   -0.00299
   -0.07007
    0.06569
   -0.00456
   -0.01843
   -0.01689
    0.02033
   -0.04891
   -0.02071
    0.01828
    0.05673
   -0.03648
   -0.06295
   -0.16825
    0.11267
   -0.02965
    0.00437
   -0.07123
    0.07468
   -0.08371
   -0.02180
    0.04277
    0.03999
   -0.06790
   -0.05897
   -0.00265
    0.09885
   -0.01652
   -0.02940
   -0.14938
    0.07521
   -0.08126
    0.01748
   -0.00511
    0.07070
   -0.06139
   -0.11066
    0.07192
    0.04767
    0.00097
   -0.08870
   -0.07036
    0.09002
   -0.00764
   -0.15001
   -0.06000
    0.09996
    0.00335
   -0.03829
   -0.03576
    0.04694
   -0.05147
   -0.08187
   -0.02593
    0.07257
   -0.03599
   -0.02976
    0.00678
    0.02956
   -0.02382
   -0.06190
   -0.21879
    0.10496
   -0.05933
    0.01487
   -0.04962
    0.07211
   -0.05980
   -0.01595
    0.01922
    0.02732
   -0.02776
   -0.05795
   -0.03106
    0.08327
   -0.01308
   -0.07144
   -0.13384
    0.09290
   -0.03858
   -0.07427
   -0.11972
    0.14917
   -0.02858
   -0.11632
    0.02138
    0.07194
   -0.06613
   -0.05892
    0.01398
    0.09683
   -0.05448
   -0.01962
   -0.13963
    0.09442
   -0.08756
   -0.02514
   -0.07083
    0.15728
   -0.02869
   -0.13949
    0.06327
    0.06885
    0.02402
   -0.07883
   -0.02422
    0.03099
    0.02673
   -0.10242
   -0.23338
    0.11921
   -0.03345
   -0.08676
   -0.03694
    0.11475
    0.01491
   -0.16520
   -0.01379
    0.09277
   -0.01056
   -0.08183
   -0.02173
    0.06521
   -0.05476
   -0.13946
   -0.15497
    0.09561
   -0.02708
   -0.09706
   -0.04387
    0.10845
    0.02789
   -0.12655
   -0.00816
    0.06501
   -0.02061
   -0.01190
   -0.07266
    0.08310
   -0.00210
   -0.03859
   -0.18529
    0.08032
   -0.02280
   -0.00721
   -0.05804
    0.07065
   -0.00176
   -0.08239
   -0.06201
    0.08125
   -0.05833
   -0.03668
   -0.10226
    0.11947
   -0.02958
   -0.02501
   -0.19781
    0.09244
   -0.04288
   -0.10224
   -0.06801
    0.12872
    0.00323
   -0.11911
   -0.02514
    0.06511
    0.03245
   -0.09540
   -0.09959
    0.08009
    0.00403
   -0.07031
   -0.19321
    0.08489
   -0.02475
   -0.12101
   -0.04514
    0.10910
   -0.00803
   -0.08424
   -0.08737
    0.09334
   -0.03813
   -0.04872
    0.00355
    0.05202
   -0.01390
   -0.08697
   -0.20999
    0.11562
   -0.03732
   -0.01673
   -0.07002
    0.08352
    0.00267
   -0.06500
   -0.05723
    0.05657
   -0.06535
   -0.00261
    0.02433
    0.05592
   -0.05913
   -0.06048
   -0.13099
    0.11921
   -0.03226
   -0.02659
   -0.05807
    0.08254
   -0.05994
   -0.03549
    0.04486
    0.02673
   -0.05423
   -0.06888
   -0.00578
    0.08645
   -0.05034
   -0.02355
   -0.12697
    0.08253
   -0.03451
    0.00309
   -0.06988
    0.06619
   -0.02160
   -0.11310
    0.06506
    0.03138
   -0.01846
   -0.05648
   -0.06629
    0.08569
   -0.01845
   -0.08351
   -0.14106
    0.08710
   -0.05099
   -0.05303
   -0.01890
    0.08614
   -0.04821
   -0.09732
   -0.00915
    0.06815
   -0.06042
   -0.02192
    0.02399
    0.04622
   -0.05122
   -0.03086
   -0.13162
    0.07724
   -0.03311
   -0.03433
   -0.05016
    0.08028
   -0.02948
    0.00951
    0.01118
    0.00449
