IntronPotTab 1 1024 -62.30143 6.67428 84.66666 106220 6 16 1226.16
    0.05615
   -0.01236
   -0.06906
   -0.00512
    0.00881
   -0.04653
   -0.00328
    0.02694
   -0.00657
    0.01046
   -0.03743
    0.04241
    0.01725
   -0.03650
   -0.01137
    0.01678
   -0.01436
   -0.01773
    0.01406
    0.02165
    0.03206
   -0.04338
   -0.01282
    0.00663
   -0.00980
    0.00328
   -0.04962
    0.09361
    0.04775
   -0.09081
    0.09807
   -0.02489
   -0.00178
   -0.02381
    0.00162
    0.01877
    0.00441
   -0.01518
   -0.01978
    0.01540
    0.01460
    0.00109
   -0.01477
   -0.00407
    0.02670
   -0.06523
   -0.01485
    0.03844
   -0.02711
   -0.01243
   -0.01187
    0.04200
   -0.01299
   -0.02261
   -0.01590
    0.03873
   -0.01502
   -0.00391
   -0.01393
    0.03091
    0.00261
   -0.04363
    0.01023
    0.01680
   -0.00452
    0.01261
   -0.05195
    0.05616
    0.02227
   -0.05160
   -0.00407
    0.02722
    0.01349
    0.00277
   -0.03606
    0.01341
    0.01178
   -0.04456
    0.01687
    0.00828
   -0.01761
   -0.02720
    0.00121
    0.04697
    0.02862
   -0.02942
   -0.02132
    0.01187
    0.00342
    0.01364
   -0.05081
    0.05592
    0.02504
   -0.03737
    0.06787
   -0.02654
   -0.05428
    0.00882
    0.00305
    0.06106
    0.01847
   -0.01807
   -0.00550
    0.01236
    0.00875
   -0.01108
   -0.01098
    0.01505
    0.00568
   -0.04409
   -0.01310
    0.07165
   -0.00638
   -0.02132
   -0.00930
    0.03440
    0.01691
   -0.02789
   -0.05307
    0.04911
    0.02730
    0.00597
   -0.04156
    0.00262
   -0.00965
   -0.02709
   -0.01463
    0.04574
    0.01053
    0.01682
   -0.04747
    0.03428
    0.02330
   -0.01533
   -0.00791
   -0.00809
    0.01824
   -0.01965
   -0.01925
    0.01953
    0.01408
   -0.03814
   -0.00524
    0.02419
   -0.02922
   -0.01120
    0.03518
    0.01248
    0.02649
   -0.02330
   -0.03120
    0.01739
   -0.00461
   -0.00525
   -0.01765
    0.03942
    0.04638
   -0.05252
    0.04353
   -0.02270
   -0.00764
    0.00606
   -0.00342
    0.00943
   -0.00338
    0.00274
   -0.00937
    0.00869
    0.01644
    0.00801
   -0.01412
   -0.01064
   -0.01140
   -0.00720
   -0.00322
    0.01765
   -0.00524
   -0.02025
   -0.00058
    0.02138
    0.02925
   -0.03566
   -0.02149
    0.02092
   -0.01800
   -0.00417
   -0.02106
    0.04579
    0.02251
   -0.04868
   -0.02776
    0.04301
   -0.00875
   -0.00561
   -0.01162
    0.02074
    0.03047
   -0.06158
   -0.03503
    0.02924
   -0.00469
   -0.02568
   -0.02938
    0.05178
    0.04432
   -0.07007
   -0.01371
    0.00672
   -0.03398
   -0.01803
    0.04723
    0.02144
    0.04031
   -0.02412
   -0.04834
   -0.00017
   -0.00428
   -0.02636
   -0.01710
    0.04859
    0.02677
   -0.03934
    0.07744
   -0.03659
   -0.01463
    0.00546
   -0.01112
    0.02025
    0.02115
   -0.03035
   -0.03920
    0.01359
    0.02637
   -0.02929
   -0.04249
    0.03201
    0.01876
   -0.04990
   -0.01381
    0.02981
   -0.02857
   -0.01381
    0.03090
    0.01229
   -0.00557
   -0.01694
   -0.04502
    0.03599
   -0.02336
   -0.00748
   -0.02196
    0.04557
    0.00501
   -0.02598
   -0.00811
    0.01655
   -0.01031
    0.03223
   -0.05360
    0.03246
    0.01622
   -0.02217
   -0.04642
    0.02734
   -0.01592
    0.02096
   -0.02285
    0.02292
    0.01108
   -0.02415
   -0.01019
    0.01677
   -0.02929
    0.00131
    0.01207
    0.02559
    0.03008
   -0.01732
   -0.04806
    0.01901
    0.00383
   -0.01064
   -0.01149
    0.01965
    0.00681
   -0.03760
    0.05184
   -0.01522
   -0.00311
   -0.00807
   -0.04384
    0.05650
    0.02426
   -0.02759
   -0.02058
    0.01267
    0.01281
    0.01625
   -0.04496
    0.02141
    0.02570
   -0.08135
   -0.03105
    0.07981
   -0.03300
   -0.01916
   -0.01064
    0.04757
   -0.02422
   -0.00227
   -0.02967
    0.04909
   -0.03955
    0.01326
   -0.01760
    0.04069
   -0.01748
   -0.03489
    0.01041
    0.02288
    0.01573
    0.00386
   -0.06078
    0.05500
    0.01249
   -0.00802
   -0.01335
    0.00555
   -0.00828
    0.00135
   -0.03902
    0.05694
    0.01684
   -0.03658
    0.00834
    0.01559
   -0.03004
    0.02216
   -0.01791
    0.03216
   -0.00056
    0.01372
   -0.04450
    0.01598
   -0.06622
    0.03722
   -0.01328
    0.07078
    0.02278
   -0.00178
    0.00549
   -0.01573
   -0.04714
    0.02194
   -0.03316
    0.11025
   -0.00396
   -0.00040
    0.00114
    0.00295
   -0.04326
    0.06444
   -0.00742
   -0.00863
    0.01839
   -0.02208
    0.02500
   -0.00691
   -0.00026
    0.00042
   -0.02725
    0.03000
   -0.00740
    0.02620
   -0.07286
    0.04094
   -0.02427
    0.01202
   -0.04801
    0.06446
    0.02436
   -0.05299
   -0.00499
    0.04091
    0.06330
    0.06233
   -0.10111
    0.07627
    0.00646
   -0.02626
    0.01863
   -0.00054
    0.02465
    0.00929
   -0.03403
    0.01832
    0.00080
    0.00445
   -0.02808
    0.03456
   -0.01933
   -0.00930
    0.00521
    0.02676
   -0.00940
   -0.02647
    0.02268
    0.00844
   -0.01905
   -0.00259
   -0.00766
    0.04003
    0.01277
   -0.03016
    0.04319
   -0.02114
   -0.00902
   -0.02193
   -0.00339
    0.04712
   -0.00052
    0.00135
    0.01234
   -0.01715
   -0.00123
   -0.00388
   -0.00920
    0.01818
    0.02630
   -0.02287
   -0.02723
    0.05575
    0.00487
    0.01016
   -0.02990
    0.02375
   -0.01204
   -0.00561
   -0.00622
    0.02836
   -0.03146
    0.01590
   -0.02357
    0.04100
    0.00785
   -0.00616
   -0.05604
    0.06915
    0.01650
    0.01812
   -0.11330
    0.06726
   -0.00276
   -0.01275
   -0.05733
    0.04101
   -0.00409
   -0.00363
   -0.04416
    0.04994
    0.01731
   -0.03646
   -0.01606
    0.02248
   -0.03085
    0.01110
   -0.02860
    0.04901
    0.02475
    0.00251
   -0.06797
    0.01738
    0.00840
    0.02030
   -0.07561
    0.08379
    0.00638
    0.00834
    0.00563
   -0.01584
    0.03213
   -0.03433
   -0.08059
    0.06005
    0.03633
   -0.03845
   -0.06536
    0.03090
    0.03109
   -0.02217
   -0.04799
    0.03163
    0.06720
   -0.10382
   -0.00619
    0.05293
   -0.01661
    0.00103
   -0.06316
    0.07094
    0.02166
    0.03184
   -0.13057
    0.04576
   -0.02485
    0.01631
   -0.04143
    0.04812
    0.00753
   -0.01725
   -0.03011
    0.02965
   -0.01066
    0.03448
   -0.04670
    0.02833
    0.00191
   -0.02126
   -0.01195
    0.02038
   -0.00278
   -0.02520
   -0.02325
    0.06411
    0.01046
   -0.03352
   -0.00687
    0.02075
    0.00231
    0.00128
   -0.03230
    0.02415
    0.02795
   -0.04133
   -0.02600
    0.02815
   -0.01792
    0.01870
   -0.01290
    0.03061
    0.05879
   -0.05173
    0.04601
   -0.03552
   -0.01464
   -0.01498
    0.01000
    0.01731
    0.00952
   -0.02784
   -0.00377
    0.01631
   -0.00199
   -0.02347
    0.01373
    0.01481
    0.02791
   -0.04989
    0.00922
    0.00781
   -0.01127
   -0.01155
   -0.01100
    0.02471
   -0.02685
   -0.00981
    0.01517
    0.02945
   -0.04372
    0.02170
    0.00160
    0.03981
    0.01759
   -0.04440
    0.01205
    0.00836
   -0.00988
    0.00463
   -0.03706
    0.05686
    0.02373
   -0.04854
    0.01378
    0.02257
   -0.03510
    0.01182
   -0.03640
    0.06905
   -0.01054
   -0.03297
    0.02192
    0.01524
   -0.03391
    0.00134
    0.00026
    0.03586
    0.02128
   -0.01103
   -0.04038
    0.02381
   -0.08427
    0.03917
    0.02555
    0.04277
    0.05001
   -0.05289
    0.06026
   -0.01602
   -0.03619
    0.02492
   -0.01841
    0.03828
   -0.01740
   -0.00361
    0.00070
    0.02405
   -0.03093
    0.03303
   -0.02375
    0.01086
   -0.01002
   -0.01869
   -0.00467
    0.04117
   -0.00528
   -0.01916
   -0.00705
    0.03092
   -0.01119
   -0.00295
   -0.03020
    0.04010
   -0.05778
    0.01658
   -0.03102
    0.08466
    0.04885
   -0.08488
    0.01805
    0.04945
    0.00220
    0.00955
   -0.03509
    0.03669
    0.01825
   -0.01719
    0.01229
   -0.01537
   -0.00349
   -0.00490
    0.01195
   -0.00646
   -0.00498
   -0.02029
   -0.00552
    0.02747
   -0.03077
   -0.00361
    0.01497
    0.02422
    0.00241
   -0.00613
   -0.00927
    0.01189
   -0.03484
    0.00187
    0.00767
    0.03644
    0.01772
   -0.05135
    0.04389
   -0.00632
   -0.00993
   -0.02259
    0.00186
    0.02981
    0.00917
    0.01416
   -0.01871
   -0.00460
    0.00374
   -0.00586
    0.01772
   -0.02034
   -0.00759
   -0.03145
    0.00862
    0.02257
   -0.01896
   -0.02081
    0.03035
    0.00861
    0.01402
   -0.01521
   -0.03060
    0.03134
   -0.02424
   -0.01352
    0.01917
    0.01713
   -0.00416
   -0.01463
   -0.01832
    0.03009
    0.00117
    0.01383
   -0.06085
    0.03467
    0.02550
   -0.05851
   -0.02423
    0.03721
   -0.02491
   -0.01113
   -0.01600
    0.05017
    0.01995
   -0.03524
   -0.02468
    0.02764
   -0.00170
   -0.00757
   -0.02519
    0.02567
    0.03976
   -0.02240
   -0.07117
    0.04871
   -0.00476
    0.01850
   -0.04755
    0.04184
    0.03378
   -0.02308
    0.04998
   -0.03506
   -0.00436
    0.00088
   -0.02003
    0.01861
    0.00421
   -0.01830
   -0.03866
    0.03240
   -0.00045
   -0.00907
   -0.00363
    0.01128
   -0.00105
   -0.03312
    0.00125
    0.02205
   -0.01368
   -0.00752
    0.00130
    0.01530
   -0.00601
   -0.01547
   -0.04920
    0.04519
   -0.02551
   -0.00000
   -0.02442
    0.04769
    0.02379
   -0.00689
   -0.01608
    0.00430
    0.00444
    0.02884
   -0.06338
    0.01836
    0.00873
   -0.05473
   -0.03436
    0.04652
    0.02054
    0.01151
   -0.03174
   -0.00042
    0.01625
   -0.01953
   -0.02779
    0.01780
   -0.03731
   -0.03195
    0.03874
    0.04347
    0.02574
   -0.05918
   -0.01191
    0.02577
   -0.01891
   -0.01280
   -0.01798
    0.04809
    0.02602
   -0.06428
    0.07199
   -0.02046
   -0.02153
   -0.01059
   -0.02057
    0.05204
   -0.00458
   -0.04245
   -0.03234
    0.04923
   -0.00517
    0.01868
   -0.02402
    0.01477
    0.01313
   -0.05080
   -0.04946
    0.06147
   -0.05077
   -0.02867
   -0.03114
    0.06424
   -0.00369
   -0.03758
   -0.03559
    0.04183
   -0.02928
   -0.01709
   -0.00686
    0.04277
    0.00434
   -0.04654
    0.00503
    0.01646
    0.00147
   -0.00738
   -0.05514
    0.06585
    0.03270
   -0.04801
   -0.01945
    0.02701
   -0.00805
   -0.04455
   -0.04954
    0.11159
    0.02094
   -0.06266
    0.01318
    0.03830
   -0.03542
   -0.03633
    0.01308
    0.06228
    0.00839
   -0.01099
   -0.05198
    0.03063
   -0.05913
    0.02492
   -0.03518
    0.11089
    0.01733
   -0.04498
    0.05612
   -0.00026
   -0.02380
   -0.00806
   -0.02508
    0.06237
   -0.00451
   -0.02995
   -0.00465
    0.05126
   -0.02622
   -0.01227
   -0.03176
    0.08510
    0.01543
   -0.05145
    0.02774
    0.03542
   -0.00603
   -0.03409
   -0.01246
    0.04260
    0.00238
   -0.04090
   -0.05021
    0.05732
   -0.01295
   -0.03010
   -0.05052
    0.08794
    0.06123
   -0.06097
   -0.01655
    0.04227
    0.03748
    0.00725
   -0.07383
    0.03236
    0.03016
   -0.02850
   -0.04231
    0.01823
    0.02206
   -0.02723
   -0.02984
    0.03641
    0.03276
   -0.04508
   -0.02875
    0.04333
   -0.02837
   -0.03755
    0.01401
    0.04573
    0.02213
   -0.02615
   -0.02704
    0.01472
   -0.01989
   -0.03346
   -0.01365
    0.08884
    0.01188
   -0.05928
    0.06905
   -0.01528
    0.01542
   -0.02814
   -0.03232
    0.04119
    0.02063
   -0.01873
   -0.04058
    0.02885
    0.00518
   -0.00004
   -0.02365
    0.01763
    0.00489
   -0.03659
   -0.02564
    0.05055
   -0.03699
   -0.00287
   -0.01761
    0.05157
    0.02828
   -0.03632
   -0.06105
    0.04773
   -0.00956
   -0.00045
   -0.03058
    0.03389
    0.01335
   -0.03996
   -0.04078
    0.05065
    0.00668
    0.01133
   -0.05926
    0.02828
   -0.00386
   -0.05330
   -0.02566
    0.05400
   -0.01494
   -0.02015
   -0.02739
    0.05121
    0.00533
   -0.02649
   -0.01596
    0.02077
   -0.03031
   -0.01911
    0.03739
    0.01740
    0.04668
   -0.03089
   -0.08286
    0.01515
    0.02045
    0.00590
   -0.07578
    0.06070
    0.00377
   -0.03052
    0.07309
   -0.01977
    0.00571
    0.02731
   -0.04702
    0.01678
    0.02614
   -0.04253
   -0.05249
    0.02361
    0.01182
   -0.02977
   -0.04454
    0.04643
   -0.00756
   -0.03227
   -0.03173
    0.04563
   -0.01782
   -0.01055
    0.00648
    0.01436
    0.01443
   -0.03311
   -0.05688
    0.02722
   -0.02919
   -0.01462
   -0.02073
    0.05390
   -0.01511
   -0.05918
   -0.05258
    0.08470
