IntronPotTab 1 1024 -62.36475 2.59359 35.39760 48821 6 16  294.78
    0.00374
   -0.05081
   -0.06225
    0.04033
   -0.05568
   -0.01382
   -0.05927
    0.10644
   -0.01080
   -0.03503
   -0.06456
    0.06443
   -0.04779
   -0.08245
    0.05697
    0.05199
   -0.03709
   -0.08572
   -0.00054
    0.09362
   -0.01751
   -0.05808
   -0.04327
    0.10177
    0.08547
   -0.07840
   -0.01455
   -0.06839
   -0.01578
   -0.13231
    0.06683
    0.05322
   -0.01470
   -0.05672
   -0.10495
    0.10309
   -0.01966
   -0.08875
   -0.14471
    0.10741
   -0.02236
   -0.01693
   -0.01687
    0.05228
   -0.01570
   -0.13419
   -0.04980
    0.09407
   -0.03068
   -0.08668
    0.02372
    0.05601
   -0.04556
   -0.14828
   -0.01199
    0.15199
   -0.01596
   -0.04979
   -0.08718
    0.09523
   -0.05100
   -0.05479
    0.00101
    0.05870
   -0.04942
   -0.06828
    0.01638
    0.09567
    0.08606
   -0.11138
   -0.07599
   -0.03800
    0.01113
   -0.08049
   -0.08271
    0.06059
   -0.01007
   -0.06579
   -0.06907
    0.08902
   -0.02534
   -0.08545
    0.02191
    0.08181
   -0.07991
    0.03827
   -0.07089
    0.06713
    0.06849
   -0.15422
   -0.15343
    0.09883
   -0.04881
   -0.08027
    0.01879
    0.07786
   -0.03699
   -0.06500
   -0.00636
    0.09421
   -0.00860
   -0.08828
   -0.05254
    0.12677
    0.06602
   -0.16970
    0.00067
    0.04655
    0.00819
   -0.02969
   -0.00106
    0.00655
    0.02112
   -0.13473
   -0.01456
    0.05891
   -0.01787
   -0.12727
   -0.02405
    0.11156
    0.05552
   -0.07224
   -0.07205
    0.02621
   -0.00170
   -0.04290
    0.02602
    0.00768
   -0.01855
   -0.02770
   -0.08204
    0.10073
   -0.01117
   -0.10079
   -0.06751
    0.11458
   -0.05414
    0.01517
   -0.04040
    0.11118
   -0.05108
   -0.10322
   -0.02508
    0.09577
   -0.02741
   -0.06507
   -0.02457
    0.07491
    0.01135
   -0.09561
   -0.12571
    0.13388
   -0.03150
   -0.02117
   -0.11358
    0.14718
    0.00933
   -0.11823
    0.00138
    0.06166
    0.02002
   -0.13208
   -0.06658
    0.08400
    0.00287
    0.02258
   -0.20236
    0.08082
   -0.06127
   -0.06779
    0.01591
    0.07115
   -0.09429
   -0.06492
   -0.07588
    0.14476
   -0.00414
   -0.12849
    0.04235
    0.05267
    0.01119
   -0.13394
   -0.05292
    0.12841
    0.06827
   -0.07132
   -0.09461
    0.03737
    0.01074
   -0.07397
   -0.05436
    0.05888
   -0.04337
   -0.00267
   -0.00237
    0.04501
   -0.00550
   -0.08486
   -0.06027
    0.07961
   -0.01119
   -0.03757
   -0.07549
    0.06410
   -0.00884
   -0.03032
    0.04667
    0.00244
   -0.08129
   -0.02602
    0.05551
    0.08222
   -0.03672
   -0.02111
   -0.05274
    0.09020
    0.00542
   -0.16732
   -0.05207
    0.10595
   -0.03661
   -0.10838
    0.11204
    0.02827
   -0.00606
   -0.06157
   -0.10011
    0.07605
   -0.02264
   -0.05271
   -0.20506
    0.12907
   -0.02010
   -0.05387
   -0.05517
    0.08305
   -0.00691
   -0.13522
   -0.00594
    0.05940
   -0.04739
   -0.00756
   -0.02472
    0.05743
   -0.02120
   -0.07383
   -0.07380
    0.10244
    0.00122
    0.00279
   -0.07859
    0.04528
   -0.00739
   -0.02704
   -0.02382
    0.02502
   -0.03940
   -0.02963
   -0.05989
    0.08161
   -0.08519
    0.02699
   -0.15364
    0.12950
   -0.00168
   -0.08128
   -0.10794
    0.09869
   -0.05039
   -0.07278
   -0.01052
    0.05927
   -0.16093
    0.16266
   -0.05306
    0.03990
   -0.04705
    0.04593
   -0.10421
    0.08043
   -0.01845
   -0.08990
   -0.03891
    0.07676
   -0.05296
   -0.12247
    0.05290
    0.08002
    0.00431
   -0.10074
   -0.07084
    0.07752
   -0.00804
   -0.07375
   -0.19361
    0.10708
    0.00578
   -0.03840
    0.05670
   -0.02852
   -0.05283
   -0.05930
   -0.06810
    0.08890
   -0.07667
   -0.02226
   -0.03919
    0.09118
   -0.04812
   -0.09917
   -0.06529
    0.12683
   -0.02004
   -0.07386
   -0.03372
    0.07480
   -0.07156
   -0.09997
   -0.03079
    0.08921
   -0.01956
   -0.06633
   -0.05619
    0.08771
    0.02541
   -0.04629
   -0.15515
    0.09211
   -0.00157
   -0.10640
   -0.12298
    0.13170
   -0.01546
   -0.09008
   -0.01658
    0.06497
   -0.02391
   -0.07633
   -0.01624
    0.08838
   -0.11594
    0.08078
   -0.15937
    0.07635
    0.00434
   -0.17381
   -0.11680
    0.14599
   -0.05564
   -0.09836
    0.06370
    0.07954
   -0.01061
   -0.13600
   -0.11193
    0.13270
    0.12850
   -0.11867
   -0.05115
    0.07496
   -0.02481
   -0.13865
    0.06360
    0.09415
    0.06742
   -0.18665
   -0.05060
    0.07736
    0.00952
   -0.04759
   -0.13382
    0.09535
   -0.03095
   -0.10956
   -0.04377
    0.12392
    0.01315
   -0.06521
   -0.10552
    0.08482
    0.01085
   -0.10803
   -0.07757
    0.08824
    0.04201
   -0.09299
   -0.13851
    0.07617
    0.02762
   -0.03646
   -0.21559
    0.12001
   -0.00391
   -0.07940
   -0.06652
    0.09701
    0.00797
   -0.17708
   -0.07872
    0.10317
   -0.05064
    0.00464
   -0.01235
    0.05594
   -0.00505
    0.03398
   -0.17911
    0.19796
   -0.03407
   -0.02902
   -0.13980
    0.12697
   -0.03472
   -0.15277
   -0.00692
    0.13087
    0.10053
   -0.19527
   -0.12555
    0.04423
    0.10191
   -0.02845
   -0.22798
    0.14577
    0.01358
   -0.09529
   -0.03520
    0.06391
    0.00537
   -0.16014
   -0.09646
    0.13030
    0.03390
   -0.15311
   -0.05509
    0.07153
    0.01405
   -0.11375
   -0.14069
    0.15896
   -0.02611
   -0.10185
   -0.17829
    0.17013
    0.01755
   -0.11553
   -0.11560
    0.08593
   -0.00936
   -0.03694
   -0.06150
    0.04016
   -0.09443
   -0.05606
   -0.06072
    0.15893
   -0.00694
   -0.05328
   -0.14086
    0.12122
   -0.05237
   -0.03471
   -0.00705
    0.05568
   -0.05612
   -0.04342
    0.04783
    0.06902
   -0.05079
   -0.00321
   -0.07023
    0.09742
   -0.01736
   -0.26689
   -0.10213
    0.16483
   -0.09858
    0.09468
    0.02569
   -0.07498
   -0.02373
   -0.07410
   -0.09797
    0.09726
   -0.00799
   -0.13338
   -0.13339
    0.12144
   -0.00142
   -0.14070
   -0.02977
    0.09345
   -0.00862
   -0.15368
   -0.01565
    0.07978
   -0.04116
   -0.01826
   -0.03815
    0.05913
   -0.00652
   -0.07525
   -0.10308
    0.08369
   -0.00174
   -0.04602
   -0.11133
    0.08236
    0.00398
   -0.04730
   -0.04671
    0.03729
   -0.03294
   -0.01709
   -0.08932
    0.08673
   -0.01631
   -0.11709
   -0.10370
    0.12029
   -0.07380
   -0.04528
   -0.06694
    0.16538
   -0.02041
   -0.09954
   -0.03421
    0.06835
   -0.00595
   -0.05692
   -0.05436
    0.05982
   -0.00723
   -0.08034
   -0.10139
    0.13153
    0.00997
   -0.08712
   -0.11307
    0.11783
    0.02629
   -0.17647
    0.10134
    0.02330
    0.02890
   -0.06248
   -0.14222
    0.12195
   -0.03142
   -0.04737
   -0.25285
    0.12800
   -0.07753
   -0.01091
    0.00970
    0.09320
   -0.00439
   -0.11260
   -0.06454
    0.07559
   -0.00821
   -0.13300
   -0.01754
    0.07225
   -0.04176
   -0.10665
   -0.08565
    0.15756
   -0.02489
   -0.03955
   -0.07440
    0.10094
   -0.00183
   -0.08418
    0.00188
    0.03133
   -0.03982
   -0.09584
   -0.05944
    0.13130
   -0.06688
   -0.00001
   -0.07204
    0.12779
    0.01415
   -0.14212
   -0.10885
    0.14107
   -0.00349
   -0.08222
   -0.04937
    0.07617
   -0.00884
   -0.10107
   -0.04965
    0.10032
   -0.10428
    0.00330
   -0.09439
    0.16116
    0.08998
   -0.21299
   -0.10171
    0.13396
   -0.00044
   -0.15034
    0.03094
    0.07884
    0.04125
   -0.09932
   -0.15358
    0.11017
   -0.07239
   -0.07106
   -0.00469
    0.18955
    0.06957
   -0.22993
   -0.01179
    0.14168
   -0.02279
   -0.11137
   -0.05442
    0.12080
    0.06886
   -0.15605
   -0.09464
    0.07166
   -0.01275
   -0.11387
   -0.08795
    0.15808
    0.03751
   -0.12076
   -0.12119
    0.14003
    0.06748
   -0.12308
   -0.02992
    0.05304
   -0.00221
   -0.02761
   -0.10826
    0.07558
   -0.06563
    0.00774
   -0.06351
    0.08875
   -0.00763
   -0.04084
   -0.06764
    0.07994
    0.06584
   -0.13094
   -0.02917
    0.03071
    0.00862
   -0.09296
   -0.08082
    0.07811
   -0.00511
   -0.09953
   -0.17087
    0.20860
    0.06227
   -0.06581
   -0.16760
    0.18126
   -0.00727
   -0.12457
   -0.00238
    0.07093
    0.03634
   -0.07361
   -0.12108
    0.07154
    0.05345
   -0.10762
   -0.14947
    0.08894
   -0.02968
   -0.11471
    0.02038
    0.05554
    0.00220
   -0.18878
   -0.03179
    0.08142
    0.02746
   -0.10449
   -0.02634
    0.03927
   -0.03298
   -0.05356
   -0.04474
    0.10783
   -0.00087
   -0.00083
   -0.10460
    0.10704
    0.00865
   -0.14694
   -0.03339
    0.07348
   -0.04185
    0.01705
   -0.09171
    0.06633
   -0.03945
   -0.01848
   -0.10670
    0.09443
    0.00696
   -0.06590
   -0.06462
    0.05440
    0.02455
   -0.09799
    0.05506
   -0.00442
   -0.06451
   -0.03613
    0.02148
    0.09204
   -0.04766
    0.01821
   -0.07200
    0.08475
   -0.00152
   -0.16842
   -0.07840
    0.13210
   -0.03709
   -0.11887
    0.07472
    0.05066
    0.00792
   -0.07106
   -0.15582
    0.09519
   -0.08776
   -0.03623
   -0.08133
    0.16660
   -0.06022
   -0.02142
   -0.04423
    0.10490
   -0.05970
   -0.17487
    0.13401
   -0.01637
   -0.01927
    0.00576
   -0.05305
    0.03899
   -0.01782
   -0.06425
   -0.11619
    0.11564
   -0.02587
   -0.01716
   -0.05470
    0.06863
   -0.00470
    0.00166
   -0.03197
    0.01842
   -0.04964
   -0.02898
   -0.01862
    0.06844
   -0.04266
   -0.07700
   -0.06802
    0.09913
   -0.01696
    0.00529
   -0.05695
    0.04601
   -0.10661
   -0.00003
    0.00877
    0.06511
   -0.11540
   -0.01191
   -0.00194
    0.12355
   -0.04581
   -0.00494
   -0.01293
    0.05454
    0.06558
   -0.15229
    0.02410
   -0.01548
   -0.06011
   -0.09359
    0.05657
    0.06390
   -0.03011
   -0.05666
   -0.06914
    0.09481
   -0.01392
   -0.10873
   -0.18141
    0.12327
   -0.05060
    0.03899
    0.00655
    0.03189
   -0.05894
   -0.04683
   -0.07029
    0.09292
   -0.05947
   -0.00415
   -0.05379
    0.03440
   -0.05682
   -0.05661
   -0.01483
    0.07941
   -0.02770
   -0.02001
   -0.08190
    0.06610
   -0.08484
    0.00343
    0.02168
    0.04296
   -0.04528
   -0.12021
   -0.02967
    0.13299
   -0.00071
   -0.11353
   -0.13385
    0.13638
   -0.02674
   -0.10914
   -0.12514
    0.15039
   -0.01719
   -0.11408
   -0.04978
    0.10115
   -0.02909
   -0.12122
    0.00727
    0.11226
   -0.07487
    0.02990
   -0.01992
    0.05680
    0.05773
   -0.16309
   -0.26591
    0.18828
   -0.06271
   -0.14522
    0.06898
    0.10290
   -0.01596
   -0.09211
   -0.11174
    0.12974
    0.00684
   -0.06944
   -0.06660
    0.07030
   -0.01114
   -0.13405
   -0.05578
    0.11890
    0.03343
   -0.14205
   -0.11206
    0.11316
   -0.01744
   -0.08114
   -0.05599
    0.08844
   -0.10293
   -0.21545
   -0.10424
    0.14813
    0.00138
   -0.07468
   -0.11123
    0.10180
    0.01618
   -0.14050
    0.04249
    0.05217
   -0.02186
   -0.05297
   -0.09446
    0.10056
    0.00871
   -0.11237
   -0.09326
    0.10129
   -0.01070
   -0.03351
   -0.08275
    0.08322
   -0.02758
   -0.13673
   -0.03940
    0.08566
   -0.00690
   -0.16969
   -0.03929
    0.10753
   -0.03483
   -0.05161
   -0.13065
    0.14305
    0.01890
   -0.24385
   -0.03246
    0.13793
   -0.00572
   -0.13668
    0.02149
    0.05856
    0.05294
   -0.14668
   -0.11535
    0.07313
    0.03222
   -0.07750
   -0.23370
    0.11750
   -0.00289
   -0.14698
    0.00611
    0.08173
   -0.01449
   -0.11227
   -0.08328
    0.10753
    0.00666
   -0.10851
   -0.08006
    0.08359
    0.01852
   -0.20254
   -0.00043
    0.10272
   -0.02273
   -0.15747
   -0.12451
    0.13041
    0.02220
   -0.03085
   -0.08380
    0.04254
   -0.05918
    0.01492
   -0.01873
    0.04696
   -0.02608
   -0.04633
   -0.03958
    0.07069
   -0.05156
    0.01804
   -0.07243
    0.07589
   -0.05448
   -0.00812
    0.00721
    0.02792
   -0.04736
   -0.06159
    0.00347
    0.07407
   -0.06140
   -0.02016
    0.02408
    0.06090
   -0.01184
   -0.17264
   -0.09157
    0.12624
   -0.05685
   -0.09908
    0.12882
    0.02344
    0.00276
   -0.08238
   -0.08719
    0.07050
   -0.03418
   -0.03503
   -0.18869
    0.11626
   -0.03296
   -0.04400
   -0.04253
    0.08239
   -0.08452
   -0.02156
   -0.04105
    0.08094
   -0.03969
   -0.03659
    0.00341
    0.04245
   -0.04799
   -0.03345
   -0.02032
    0.05993
   -0.01414
   -0.01753
   -0.05669
    0.05277
   -0.04369
   -0.02534
   -0.06029
    0.04570
