IntronPotTab 1 1024 -41.58193 3.68780 29.84038 153053 6 16  842.39
    0.00143
   -0.02648
   -0.04104
    0.02850
   -0.00802
   -0.03750
   -0.10374
    0.05275
   -0.02410
   -0.01200
   -0.05279
    0.07590
   -0.00547
   -0.04559
    0.00547
    0.01944
   -0.02582
   -0.02757
    0.06212
    0.02192
    0.01478
   -0.03334
   -0.10646
    0.02996
    0.00032
   -0.02552
    0.00918
    0.00638
   -0.00239
   -0.07827
    0.06667
    0.00995
   -0.00654
   -0.02600
   -0.02589
    0.04211
    0.00309
   -0.03629
   -0.18933
    0.05621
    0.01162
   -0.04166
   -0.00756
    0.01435
    0.00472
   -0.07072
   -0.02597
    0.04012
   -0.01818
   -0.01640
   -0.00771
    0.02959
   -0.00904
   -0.01937
   -0.13863
    0.05743
   -0.01945
    0.00387
   -0.03137
    0.04021
   -0.01033
   -0.05189
    0.01304
    0.02040
   -0.00560
   -0.04312
   -0.02795
    0.05304
   -0.01736
   -0.02667
   -0.06238
    0.05949
   -0.01060
   -0.02333
   -0.05271
    0.05823
    0.00231
   -0.08473
   -0.00717
    0.04510
   -0.00934
   -0.03513
   -0.01227
    0.03874
    0.03001
   -0.02683
   -0.12470
    0.01539
   -0.02472
   -0.04381
   -0.01915
    0.06500
   -0.00417
   -0.06367
    0.07315
    0.00571
   -0.01413
   -0.05558
    0.00393
    0.05410
    0.04211
   -0.05376
   -0.09061
    0.03338
   -0.03557
    0.02376
   -0.05823
    0.06680
    0.01451
   -0.09736
    0.04480
    0.00085
   -0.01222
   -0.04764
   -0.01567
    0.04980
   -0.00381
   -0.03724
   -0.11031
    0.05542
    0.00040
   -0.03170
   -0.07813
    0.07042
   -0.00970
   -0.04774
   -0.01032
    0.03562
    0.01017
   -0.02677
   -0.05752
    0.04418
    0.00161
   -0.03787
   -0.11709
    0.05302
    0.00697
   -0.00566
   -0.07033
    0.05619
    0.01388
   -0.05067
   -0.03293
    0.03223
   -0.03677
   -0.03765
    0.01867
    0.05109
    0.02496
   -0.09468
   -0.03557
    0.03238
   -0.00453
   -0.15399
    0.00557
    0.10496
    0.01785
   -0.10718
    0.05517
    0.01069
   -0.00244
   -0.06334
   -0.01054
    0.04396
    0.02165
   -0.03726
   -0.22778
    0.06099
    0.02504
   -0.10251
    0.00162
    0.01848
   -0.02085
   -0.06346
   -0.02094
    0.05543
   -0.01691
   -0.01214
   -0.01877
    0.03597
    0.00060
   -0.05297
   -0.11896
    0.06013
   -0.01669
    0.00221
   -0.02876
    0.03674
    0.00880
   -0.05397
   -0.01609
    0.02435
   -0.01584
   -0.02246
   -0.00556
    0.02984
   -0.01856
   -0.05028
   -0.08010
    0.06672
   -0.01546
   -0.01333
   -0.05080
    0.05478
   -0.01977
   -0.02765
    0.00769
    0.02879
   -0.03330
   -0.01277
    0.02751
    0.03153
   -0.00096
   -0.00758
   -0.09076
    0.02525
   -0.06070
   -0.01306
   -0.02090
    0.09737
   -0.00109
   -0.05133
    0.07800
   -0.00625
   -0.00600
   -0.05843
   -0.01815
    0.04326
   -0.02782
   -0.03832
   -0.10858
    0.07737
   -0.00019
   -0.04931
   -0.02890
    0.04563
    0.00139
   -0.07293
    0.00409
    0.02660
   -0.01847
   -0.04285
    0.00500
    0.03168
   -0.02163
   -0.02062
   -0.07853
    0.04801
   -0.01314
   -0.00879
   -0.02249
    0.03130
   -0.00274
   -0.02749
    0.00821
    0.00782
   -0.01785
    0.00954
   -0.06369
    0.05347
   -0.02412
   -0.02732
   -0.10963
    0.07783
   -0.02137
   -0.01534
   -0.05715
    0.07123
    0.00810
   -0.05845
   -0.02931
    0.03680
   -0.03167
   -0.00896
    0.01950
    0.03517
    0.01531
   -0.04006
   -0.03992
    0.01958
   -0.00885
   -0.04996
   -0.03921
    0.05835
   -0.02213
   -0.04711
    0.05505
    0.01231
    0.01576
   -0.03009
   -0.06515
    0.04352
    0.01351
   -0.04945
   -0.15014
    0.05258
    0.01821
   -0.03954
   -0.01372
    0.01299
    0.00206
   -0.06473
   -0.02876
    0.04414
   -0.01562
   -0.03485
   -0.01989
    0.03893
   -0.00657
   -0.03909
   -0.13306
    0.06679
   -0.02558
   -0.01365
   -0.03323
    0.05338
    0.00762
   -0.06115
   -0.02241
    0.03284
    0.00798
   -0.02508
   -0.06665
    0.05368
   -0.00832
   -0.01662
   -0.07276
    0.04484
   -0.01627
   -0.00767
   -0.06016
    0.05949
    0.00169
   -0.03653
   -0.03358
    0.04138
   -0.01025
    0.02286
   -0.05513
    0.02100
   -0.03037
    0.04707
   -0.20201
    0.03710
   -0.01556
   -0.03381
   -0.06082
    0.07537
   -0.03700
   -0.04370
    0.05827
    0.02706
    0.00558
   -0.02253
    0.00214
    0.00571
    0.01898
   -0.01324
   -0.08976
    0.03573
   -0.01371
    0.02927
   -0.09947
    0.06361
   -0.06719
   -0.02117
   -0.01757
    0.07301
    0.00220
   -0.04021
   -0.05884
    0.05564
   -0.00984
   -0.00006
   -0.14022
    0.04233
   -0.02995
   -0.02121
   -0.07309
    0.09274
    0.01261
   -0.05013
   -0.03232
    0.04036
   -0.01866
   -0.03575
   -0.04007
    0.07956
   -0.00658
   -0.02874
   -0.03509
    0.05561
    0.00308
   -0.04585
   -0.08152
    0.09061
    0.06903
   -0.01731
   -0.05423
    0.00478
    0.00380
   -0.06978
    0.00819
    0.03696
    0.07695
   -0.13745
    0.06097
   -0.03580
    0.00129
   -0.02404
   -0.05721
    0.05621
    0.00474
   -0.02074
    0.05139
   -0.02158
   -0.02478
   -0.01421
   -0.02348
    0.05716
    0.00532
   -0.07544
   -0.01833
    0.06875
    0.02859
   -0.11261
   -0.01914
    0.05323
    0.03723
   -0.08139
    0.01057
    0.01007
   -0.04946
    0.02540
   -0.05881
    0.08222
    0.03180
   -0.10676
   -0.04227
    0.06603
   -0.00843
   -0.06648
   -0.01862
    0.06071
    0.02979
   -0.10009
   -0.02976
    0.05014
   -0.00854
    0.01050
   -0.12081
    0.06733
   -0.01586
   -0.03574
   -0.16048
    0.07543
   -0.02083
   -0.00960
   -0.08629
    0.08077
    0.00337
   -0.04602
   -0.02511
    0.03176
   -0.01960
   -0.02661
   -0.01377
    0.04333
   -0.02574
    0.00474
   -0.10897
    0.04846
    0.01326
   -0.13185
   -0.05453
    0.10168
   -0.01560
    0.00977
    0.02655
   -0.00873
   -0.00066
   -0.01594
   -0.07679
    0.05159
   -0.01024
   -0.05265
   -0.13770
    0.06847
   -0.01036
   -0.00156
   -0.05999
    0.04545
    0.00364
   -0.04186
   -0.05166
    0.04459
   -0.00619
   -0.01452
   -0.09961
    0.06421
   -0.00087
   -0.04077
   -0.10301
    0.04393
   -0.03475
   -0.00536
   -0.05171
    0.06836
    0.01516
   -0.02718
   -0.04215
    0.02557
   -0.00780
   -0.00457
   -0.04061
    0.03881
   -0.00773
   -0.04964
   -0.14677
    0.07883
   -0.02973
   -0.02577
   -0.03957
    0.09550
    0.02396
   -0.05080
   -0.02709
    0.02227
   -0.02231
   -0.03669
    0.06914
    0.01670
    0.00615
   -0.00755
   -0.09954
    0.02486
   -0.00082
   -0.05839
    0.03353
    0.01167
   -0.00836
   -0.09907
    0.07509
    0.02123
   -0.00467
   -0.05646
   -0.00256
    0.03930
    0.01447
   -0.07650
   -0.08956
    0.05010
   -0.01710
   -0.02231
    0.00507
    0.03627
    0.02367
   -0.10040
   -0.00719
    0.03208
   -0.01127
   -0.03340
   -0.02439
    0.03816
   -0.00584
   -0.02734
   -0.12229
    0.06153
   -0.03134
    0.00537
    0.01003
    0.02896
   -0.01759
   -0.04900
   -0.00260
    0.03312
   -0.00771
   -0.02812
   -0.05477
    0.06555
    0.00612
   -0.07922
   -0.12124
    0.09942
   -0.02482
   -0.01321
   -0.06497
    0.08246
    0.00734
   -0.06763
   -0.03341
    0.05811
   -0.00983
   -0.02716
    0.00963
    0.02331
    0.02279
   -0.02052
   -0.19208
    0.04142
   -0.03435
   -0.04535
   -0.00605
    0.08286
   -0.01492
   -0.06191
    0.06960
    0.01569
    0.03558
   -0.04133
   -0.10045
    0.09135
    0.00517
    0.04439
   -0.02844
   -0.02274
   -0.03829
    0.01035
   -0.07986
    0.09305
    0.00343
   -0.06460
   -0.01541
    0.05157
   -0.01787
   -0.04421
   -0.03117
    0.06813
    0.01430
   -0.06498
   -0.15579
    0.07666
   -0.02159
   -0.02639
   -0.07258
    0.10119
    0.00517
   -0.06573
   -0.01701
    0.05020
    0.00829
   -0.01834
   -0.07477
    0.06827
    0.03099
   -0.03114
   -0.18583
    0.04500
    0.01146
   -0.05667
   -0.04125
    0.06475
    0.03050
   -0.05280
   -0.05595
    0.04447
   -0.03138
   -0.04705
    0.01216
    0.05144
    0.02462
   -0.10072
   -0.06736
    0.05367
   -0.06543
   -0.03165
    0.02526
    0.07613
    0.00036
   -0.11955
    0.05267
    0.02889
    0.00324
   -0.04268
   -0.03735
    0.05240
    0.04588
   -0.06081
   -0.18111
    0.04779
    0.01702
   -0.13482
    0.03398
    0.01874
   -0.02829
   -0.03591
   -0.03035
    0.05566
   -0.00839
   -0.07434
    0.00215
    0.04868
    0.00349
   -0.04297
   -0.13249
    0.06794
   -0.01803
   -0.06289
   -0.00131
    0.05996
    0.00070
   -0.06290
   -0.02134
    0.04244
   -0.00487
   -0.00367
   -0.04247
    0.02802
   -0.00567
   -0.09943
   -0.07467
    0.08959
   -0.00904
   -0.01979
   -0.06840
    0.06239
    0.00322
   -0.04613
   -0.02721
    0.03380
    0.00457
   -0.02788
    0.02934
   -0.00142
    0.01518
   -0.00407
   -0.15913
    0.02179
   -0.01132
   -0.05970
   -0.00972
    0.04729
    0.00847
   -0.06326
    0.05715
    0.00543
    0.00249
   -0.03239
   -0.06532
    0.05462
   -0.01214
   -0.03987
   -0.17543
    0.08033
   -0.02287
   -0.02396
    0.00891
    0.03147
   -0.01391
   -0.05952
   -0.00428
    0.03731
   -0.00951
   -0.02776
   -0.01602
    0.03030
   -0.00561
   -0.03636
   -0.14266
    0.05867
   -0.00178
   -0.01346
   -0.03123
    0.02878
    0.00337
   -0.02856
   -0.00552
    0.01367
   -0.01550
    0.00065
   -0.02527
    0.03172
   -0.01649
   -0.04922
   -0.08518
    0.05989
    0.00709
   -0.03392
   -0.04409
    0.03815
   -0.00671
   -0.05937
    0.01677
    0.01720
   -0.02893
   -0.04891
    0.05661
    0.03601
    0.00705
   -0.05590
   -0.02062
    0.02983
    0.02561
   -0.03912
   -0.07932
    0.03982
   -0.01700
   -0.05775
    0.07222
    0.00739
    0.00154
   -0.02335
   -0.04578
    0.04035
   -0.00421
   -0.07196
   -0.14863
    0.07429
    0.03288
   -0.05504
   -0.04262
    0.02434
   -0.00494
   -0.07859
   -0.02817
    0.04884
   -0.00692
   -0.00355
    0.00921
    0.00304
   -0.01099
   -0.02873
   -0.09062
    0.04278
   -0.01058
    0.00115
   -0.02928
    0.02534
   -0.00947
   -0.00915
    0.02186
    0.00041
   -0.02071
   -0.00851
   -0.07111
    0.07346
   -0.00006
   -0.05429
   -0.07911
    0.05535
   -0.02628
   -0.02872
   -0.07883
    0.09285
    0.02231
   -0.08848
   -0.02207
    0.04571
   -0.01730
   -0.04191
   -0.02497
    0.05252
   -0.00379
    0.00716
   -0.16205
    0.03001
   -0.00022
   -0.07592
   -0.03693
    0.06585
    0.01188
   -0.09833
    0.07811
    0.02517
    0.01647
   -0.04266
    0.00123
    0.00313
    0.05940
   -0.12440
   -0.05141
    0.06271
    0.00686
   -0.04133
   -0.08100
    0.07033
    0.01698
   -0.10327
    0.00192
    0.04595
   -0.00052
   -0.04545
   -0.04986
    0.04894
   -0.00483
   -0.04888
   -0.11225
    0.04740
   -0.02886
   -0.04602
   -0.07441
    0.10212
    0.04237
   -0.06745
   -0.02020
    0.02612
    0.00213
   -0.02148
   -0.05852
    0.04641
    0.00159
   -0.04643
   -0.10721
    0.05169
    0.01187
   -0.03168
   -0.07516
    0.05771
    0.01820
   -0.05635
   -0.04012
    0.03631
   -0.01241
   -0.04956
   -0.00592
    0.03559
    0.01686
   -0.07488
   -0.08722
    0.04062
    0.00027
   -0.08230
   -0.04035
    0.07186
   -0.00800
   -0.08743
    0.06095
    0.01044
    0.01500
   -0.04236
   -0.06642
    0.05018
    0.01776
   -0.08022
   -0.11345
    0.06084
    0.01591
   -0.08863
   -0.02723
    0.05116
   -0.01225
   -0.07753
   -0.02640
    0.05851
   -0.01057
   -0.02529
   -0.02937
    0.03624
    0.00016
   -0.04182
   -0.15790
    0.06153
   -0.00578
   -0.01296
   -0.02145
    0.02248
    0.00836
   -0.04617
   -0.04277
    0.03750
   -0.01600
    0.00097
   -0.03066
    0.03024
   -0.00885
   -0.04731
   -0.16491
    0.07064
   -0.00503
   -0.02952
   -0.05395
    0.04892
   -0.00922
   -0.03532
    0.00724
    0.01489
   -0.03285
   -0.02100
    0.01961
    0.03580
    0.00136
   -0.00049
   -0.15277
    0.02743
   -0.00581
   -0.03528
   -0.05397
    0.04981
   -0.00559
   -0.04401
    0.08981
   -0.00971
   -0.01022
   -0.00014
   -0.03182
    0.02849
   -0.00397
   -0.06206
   -0.09942
    0.05121
   -0.01531
   -0.03383
   -0.03162
    0.05015
   -0.00798
   -0.05710
   -0.01463
    0.03408
   -0.01427
   -0.01799
   -0.01269
    0.02443
   -0.01895
   -0.03291
   -0.12736
    0.05138
   -0.03224
   -0.00763
   -0.00948
    0.03800
   -0.01386
   -0.02186
   -0.01243
    0.02133
