IntronPotTab 1 1024 1.33876
    0.01272
    0.09800
   -0.01417
   -0.09489
    0.06952
    0.02005
   -0.08720
   -0.04427
    0.01103
    0.08022
   -0.03621
   -0.05527
   -0.15639
    0.12766
    0.21644
   -0.10658
   -0.01494
    0.04965
   -0.04695
    0.01805
    0.04376
    0.04697
   -0.07532
   -0.04275
    0.01485
    0.02085
   -0.04395
    0.00878
   -0.04709
    0.00267
    0.07294
   -0.02558
   -0.02805
    0.06524
    0.00719
   -0.02864
   -0.00103
   -0.01447
   -0.07240
    0.06414
   -0.00079
    0.03782
    0.00041
   -0.03807
   -0.16820
    0.08189
    0.09088
   -0.00357
   -0.09977
    0.19015
   -0.02654
   -0.01771
    0.09122
   -0.01832
   -0.06582
   -0.02515
   -0.00972
    0.07426
   -0.02943
   -0.03319
   -0.25764
    0.15731
    0.20522
   -0.02360
   -0.00676
    0.02454
    0.01265
   -0.04536
    0.05295
   -0.02085
   -0.02519
   -0.02166
    0.00997
    0.01862
   -0.05284
    0.01434
   -0.01920
    0.00077
    0.02298
   -0.01486
   -0.03649
    0.03822
   -0.05075
    0.04033
    0.00747
    0.06716
   -0.05209
   -0.04496
   -0.00881
    0.03064
   -0.04837
    0.02092
   -0.02473
    0.00870
    0.02063
   -0.00376
   -0.05508
    0.05636
   -0.00551
   -0.00486
    0.02110
   -0.02221
    0.00893
    0.00284
    0.01679
    0.00333
   -0.02409
    0.00155
   -0.11222
    0.04857
    0.03556
    0.00482
    0.13574
    0.05102
   -0.08905
   -0.15607
    0.05951
   -0.02281
   -0.05073
    0.01829
    0.12804
   -0.03449
   -0.06424
   -0.04157
   -0.10297
    0.01108
    0.05266
   -0.00572
    0.01455
    0.07106
   -0.01697
   -0.06486
    0.06832
   -0.01947
   -0.07645
    0.01360
    0.05224
    0.01168
   -0.05549
   -0.01330
   -0.05330
    0.04172
    0.03360
   -0.04129
   -0.02165
    0.06784
   -0.04756
    0.02520
    0.02760
    0.06827
   -0.09563
   -0.01603
   -0.01032
    0.04645
   -0.04539
    0.01476
    0.05972
   -0.00458
    0.00374
   -0.04072
   -0.03314
    0.05275
    0.00244
   -0.00564
    0.01081
    0.00787
   -0.08554
    0.05584
    0.01414
    0.02371
    0.02191
   -0.06903
   -0.09567
    0.03528
    0.04213
    0.04107
   -0.10053
    0.12073
   -0.01619
    0.00175
    0.04394
    0.00332
   -0.04291
   -0.00688
    0.01111
    0.03544
   -0.03716
   -0.00009
   -0.12791
    0.03853
    0.01594
    0.02631
   -0.07021
    0.19965
    0.08515
   -0.10141
    0.09420
    0.01573
   -0.04963
   -0.06373
   -0.02266
    0.12385
    0.00872
   -0.09356
   -0.16587
    0.20596
    0.25713
   -0.11525
   -0.05862
    0.07264
   -0.06015
    0.03470
    0.02713
    0.05850
   -0.06246
   -0.04281
   -0.03353
    0.08595
   -0.05337
   -0.00137
   -0.07738
    0.03877
    0.01773
   -0.00762
   -0.02351
    0.01187
   -0.01728
    0.02356
   -0.03042
   -0.05425
   -0.01560
    0.08522
    0.02570
    0.00558
    0.00498
   -0.04629
   -0.10613
    0.03602
    0.00671
    0.03148
   -0.18344
    0.22126
   -0.01665
    0.01659
    0.06898
    0.04011
   -0.09195
   -0.02793
   -0.01979
    0.06240
   -0.03229
   -0.01014
   -0.28676
    0.14895
    0.13241
    0.01474
   -0.02296
    0.07468
   -0.05686
    0.00911
    0.01550
    0.00558
   -0.04765
    0.01258
   -0.01065
    0.04010
   -0.04286
    0.01571
   -0.10535
    0.06667
    0.01676
   -0.00433
   -0.03041
    0.05457
   -0.10542
    0.06296
    0.00917
    0.04320
   -0.10374
    0.02807
    0.03436
    0.02621
   -0.10344
    0.04476
   -0.00058
    0.00314
   -0.04146
    0.03214
   -0.01483
    0.04695
   -0.03213
   -0.00280
   -0.00964
    0.00208
   -0.06338
    0.05730
    0.00140
    0.02507
   -0.03831
    0.00630
   -0.04188
    0.04379
   -0.05679
    0.02977
   -0.05507
    0.04504
   -0.11603
    0.06059
    0.01758
    0.02352
   -0.08511
    0.02008
    0.01485
    0.02728
   -0.05356
    0.01860
   -0.05050
    0.03208
   -0.02422
    0.01983
   -0.00143
    0.01386
   -0.03493
    0.03308
   -0.00893
    0.01442
   -0.05812
    0.03103
   -0.00052
    0.01841
   -0.06103
    0.03546
    0.01624
    0.01548
   -0.04687
    0.01765
   -0.03134
    0.03594
   -0.05856
    0.05519
   -0.06745
    0.10044
   -0.11009
    0.00798
   -0.00847
    0.03629
   -0.09128
    0.04403
   -0.17046
    0.02322
   -0.03256
    0.06845
   -0.03182
    0.01764
   -0.01500
    0.03465
    0.00479
   -0.00691
   -0.03191
    0.02889
    0.00012
    0.02062
   -0.04493
    0.01435
   -0.09537
    0.03864
   -0.01276
    0.01285
   -0.11505
    0.09456
   -0.03790
   -0.00799
    0.00089
    0.00472
   -0.06261
    0.04231
   -0.01679
    0.03623
   -0.09697
    0.07537
   -0.15428
    0.00856
   -0.02245
    0.07692
    0.02358
    0.06400
   -0.05370
   -0.02811
    0.03505
    0.00065
   -0.05721
    0.02182
    0.00088
    0.03683
   -0.03903
    0.00981
   -0.02322
    0.05407
   -0.00823
   -0.02442
   -0.01131
    0.00907
   -0.06784
    0.07136
   -0.00368
    0.04251
   -0.05107
    0.02098
    0.02857
    0.03811
   -0.09239
    0.02491
   -0.01136
    0.01248
   -0.00215
   -0.00184
   -0.00690
    0.04385
   -0.03897
    0.00594
    0.01318
    0.03249
   -0.06835
    0.02931
    0.03677
   -0.00574
   -0.03941
    0.00154
   -0.09703
    0.04996
    0.01916
    0.00621
   -0.01190
    0.05362
   -0.07101
    0.01510
    0.01872
    0.02344
   -0.05683
    0.01807
   -0.00479
    0.01593
   -0.05837
    0.05891
   -0.08080
    0.03731
   -0.01894
    0.03644
   -0.26587
    0.38459
   -0.19528
   -0.21814
    0.03179
    0.04199
   -0.01728
   -0.06822
    0.01602
    0.07004
   -0.05806
   -0.03673
   -0.18960
    0.17245
    0.18228
   -0.07416
   -0.06795
    0.09238
   -0.06131
    0.03774
   -0.03514
    0.09849
   -0.06805
   -0.02563
    0.00093
    0.04307
   -0.06797
    0.02008
   -0.10051
    0.07468
   -0.04816
    0.00720
   -0.11949
    0.20471
   -0.13839
   -0.03451
   -0.01707
    0.00525
   -0.02839
    0.02347
   -0.02536
    0.04469
   -0.02960
    0.00611
   -0.10702
    0.05744
   -0.05889
    0.04003
   -0.18556
    0.17054
   -0.04665
   -0.02731
    0.01791
    0.05138
   -0.08739
   -0.01280
   -0.03181
    0.06230
   -0.05858
    0.03446
   -0.25332
    0.09127
    0.01065
    0.03716
    0.00221
    0.06872
   -0.01800
   -0.04883
    0.04374
    0.01235
   -0.03550
   -0.03554
    0.00183
    0.06010
   -0.03852
   -0.02577
   -0.10555
    0.08148
    0.08051
   -0.06047
   -0.00970
    0.06490
   -0.06516
    0.01500
    0.02130
    0.02876
   -0.06144
    0.00266
    0.03146
    0.02084
   -0.04718
   -0.00872
    0.02563
   -0.00286
    0.01005
   -0.02365
   -0.01272
    0.04072
   -0.00238
   -0.01917
    0.01506
   -0.01665
   -0.06411
    0.04567
    0.01518
    0.02426
   -0.01955
   -0.02424
   -0.06427
    0.04577
   -0.02176
    0.02830
   -0.06508
    0.08912
   -0.06460
    0.01975
    0.02719
    0.01430
   -0.05471
    0.00201
    0.00215
    0.04729
   -0.02269
   -0.02103
   -0.09998
    0.04924
    0.02035
   -0.00104
   -0.00570
    0.02526
   -0.02003
    0.00186
    0.03567
   -0.02269
   -0.05188
    0.03015
    0.00537
    0.01484
   -0.05068
    0.02446
    0.01029
   -0.00558
   -0.01130
    0.01359
   -0.01394
    0.02053
   -0.03138
    0.02776
   -0.02207
    0.08367
   -0.05631
   -0.00477
   -0.02455
    0.04188
   -0.06053
    0.03411
   -0.01674
    0.01409
    0.00041
   -0.00578
   -0.03375
    0.03459
   -0.01831
    0.01800
    0.01889
   -0.00461
   -0.02207
    0.00522
   -0.00850
    0.01266
   -0.02982
    0.02071
   -0.10583
    0.04022
    0.00548
    0.01819
    0.24834
   -0.04808
   -0.15244
   -0.14067
   -0.00278
    0.01726
   -0.06947
    0.04901
    0.12616
   -0.02127
   -0.07912
   -0.02606
   -0.04734
   -0.00284
   -0.00350
    0.02960
    0.00242
    0.04937
   -0.02903
   -0.00389
    0.04292
    0.00321
   -0.04459
   -0.00414
    0.00946
    0.03213
   -0.01880
   -0.01523
   -0.06559
    0.02664
    0.03589
   -0.01801
   -0.00820
   -0.00591
   -0.03334
    0.05071
    0.01137
    0.04442
   -0.06109
    0.01389
   -0.00126
    0.05494
   -0.05285
    0.01768
    0.04674
   -0.02288
    0.01285
   -0.02720
    0.01767
    0.03004
   -0.01561
   -0.03038
    0.02277
   -0.01911
   -0.03351
    0.02620
    0.02471
    0.00091
   -0.00031
   -0.03093
   -0.05738
    0.00539
    0.01778
    0.02509
   -0.02458
    0.04363
   -0.01847
   -0.00012
    0.02143
    0.03732
   -0.07720
    0.02082
    0.01369
    0.03453
   -0.04535
    0.01684
   -0.07610
    0.03565
    0.01792
   -0.00716
   -0.03358
    0.15048
   -0.04875
   -0.04335
    0.01419
    0.02993
   -0.03533
   -0.02070
   -0.00455
    0.09271
   -0.05500
   -0.02283
   -0.11915
    0.11503
    0.10620
   -0.07800
   -0.03070
    0.04960
   -0.06902
    0.04657
   -0.00609
    0.08520
   -0.07274
   -0.02083
   -0.02449
    0.09564
   -0.06931
   -0.00111
   -0.01248
    0.04645
   -0.03628
   -0.00908
   -0.00598
    0.03232
   -0.05256
    0.02192
   -0.02111
   -0.01716
   -0.06713
    0.07119
    0.03444
    0.00728
   -0.04458
   -0.00486
   -0.06485
    0.01446
    0.00747
    0.02548
   -0.08954
    0.14064
   -0.08090
    0.00354
    0.02085
    0.00932
   -0.07113
    0.02730
   -0.01832
    0.06955
   -0.04202
   -0.00212
   -0.14527
    0.04862
    0.01541
    0.02141
   -0.03128
    0.24750
    0.00890
   -0.14090
    0.15677
    0.02014
   -0.13597
   -0.09362
    0.01215
    0.14504
   -0.08650
   -0.06097
   -0.17827
    0.30741
    0.35090
   -0.11315
   -0.08104
    0.07304
   -0.01766
    0.03259
    0.04853
    0.03377
   -0.10040
   -0.00465
    0.00856
    0.00848
    0.01155
   -0.02965
   -0.14554
    0.10198
    0.18670
   -0.03081
   -0.09411
    0.14948
   -0.03066
    0.02912
    0.04065
   -0.01728
   -0.12233
    0.07040
   -0.04038
    0.09859
   -0.02582
   -0.01474
   -0.17925
    0.14038
    0.12541
    0.05830
   -0.12462
    0.20570
   -0.05073
    0.00663
    0.07486
   -0.00142
   -0.09622
    0.00609
   -0.00146
    0.07741
   -0.04002
   -0.03107
   -0.23472
    0.19634
    0.18262
    0.01263
   -0.01666
    0.02963
   -0.00745
   -0.01437
    0.00851
   -0.00342
   -0.06531
    0.04237
    0.00515
    0.01730
   -0.07671
    0.04357
    0.01686
   -0.01136
   -0.01226
    0.02251
   -0.03433
    0.01484
   -0.07617
    0.08015
   -0.02003
    0.06605
   -0.08067
    0.00552
   -0.01154
   -0.00263
   -0.06572
    0.06740
   -0.10749
    0.00507
    0.03075
    0.01968
   -0.05672
    0.02845
   -0.00078
    0.02225
    0.04771
   -0.03466
   -0.01846
    0.01378
   -0.02499
    0.01082
   -0.02033
    0.02499
   -0.12604
    0.02203
    0.03823
    0.01381
   -0.07190
    0.09930
   -0.02454
   -0.03729
    0.01183
   -0.01008
   -0.10464
    0.07386
    0.03417
    0.01100
   -0.09495
    0.06121
   -0.10979
    0.01082
   -0.00399
    0.03192
    0.00407
    0.06796
   -0.05277
   -0.00305
    0.02788
    0.00566
   -0.09462
    0.06088
    0.01340
    0.02857
   -0.04961
    0.01986
    0.00053
    0.01562
   -0.01945
    0.01838
   -0.02217
    0.03572
   -0.06580
    0.06198
   -0.02452
    0.05991
   -0.08798
    0.04884
    0.00184
    0.06086
   -0.09311
    0.02421
    0.11507
   -0.04842
   -0.03028
    0.00621
   -0.02742
    0.05046
   -0.04177
    0.02837
    0.00462
   -0.03283
   -0.07350
    0.08949
    0.02890
   -0.00287
   -0.02047
   -0.01023
   -0.06915
    0.01889
   -0.02124
    0.05796
   -0.06346
    0.06318
   -0.06625
    0.04404
    0.01880
    0.03062
   -0.10056
    0.04862
   -0.00926
    0.02635
   -0.06102
    0.04113
   -0.02216
    0.04429
   -0.07578
    0.06648
   -0.09230
    0.26309
    0.11701
   -0.10946
    0.04013
    0.04324
   -0.01693
   -0.05621
   -0.05686
    0.14071
   -0.03635
   -0.03861
   -0.17775
    0.24321
    0.31838
   -0.10193
   -0.06610
    0.08578
   -0.07301
    0.05109
   -0.01989
    0.10649
   -0.11115
   -0.02863
   -0.00452
    0.05499
   -0.04733
   -0.00082
   -0.17184
    0.05439
    0.05100
    0.00923
   -0.03899
    0.04889
   -0.03956
    0.02635
   -0.03831
    0.00521
   -0.08681
    0.07228
   -0.00184
    0.01448
   -0.01402
    0.00061
   -0.14998
    0.06070
    0.01333
    0.01989
   -0.21824
    0.25700
   -0.05236
   -0.00392
   -0.00220
    0.04827
   -0.09836
    0.00969
   -0.04284
    0.06133
   -0.05605
    0.03513
   -0.35732
    0.02655
   -0.02833
    0.11927
