25 20 2 1 48 -2.9373 2.4031 5.1454 11672
 -0.03247   0.05031   0.02328  -0.04279  -0.05565   0.06292   0.09619  -0.11559   0.04237   0.00106   0.02917  -0.07576   0.01110   0.06942  -0.00629  -0.09263  -0.21374   0.07607   0.13081  -0.06573 
 -0.03589   0.05223   0.06185  -0.08754  -0.01157   0.05496   0.04668  -0.09283   0.04538  -0.00765   0.02029  -0.05993   0.03131   0.05529  -0.00727  -0.10093  -0.21139   0.08583   0.10484  -0.04698 
 -0.01144   0.04589   0.03850  -0.07797  -0.04973   0.06910   0.05219  -0.06866   0.03472   0.01319  -0.00556  -0.04587   0.02626   0.06044  -0.04044  -0.05758  -0.26520   0.07915   0.10578  -0.01342 
 -0.03433   0.05414   0.02648  -0.04886  -0.08119   0.07036   0.07988  -0.07083   0.03506   0.00799   0.01662  -0.06184   0.02618   0.06095  -0.02029  -0.08347  -0.23309   0.09682   0.13487  -0.08635 
 -0.04171   0.05874   0.05198  -0.07677  -0.03845   0.06651   0.04904  -0.07507   0.06594  -0.01417   0.00191  -0.05990   0.05132   0.03011   0.00721  -0.11821  -0.18089   0.08308   0.10342  -0.05982 
 -0.00296   0.03960   0.03836  -0.08004  -0.05647   0.07898   0.03559  -0.05216   0.03640  -0.01278  -0.00883  -0.01663   0.04395   0.04588  -0.03971  -0.06448  -0.23144   0.10252   0.07739  -0.02590 
 -0.02601   0.05154   0.01472  -0.04168  -0.09615   0.04251   0.09176  -0.04077   0.04262   0.01160   0.00911  -0.06773   0.01429   0.06306  -0.00452  -0.09039  -0.20817   0.10084   0.11489  -0.07998 
 -0.04441   0.05536   0.05253  -0.07030  -0.03333   0.06284   0.04591  -0.07311   0.03682  -0.01237   0.03995  -0.06487   0.03074   0.03490   0.02118  -0.11257  -0.17625   0.05029   0.14558  -0.07748 
 -0.01724   0.03279   0.06145  -0.08404  -0.04277   0.06361   0.06013  -0.08081   0.02318   0.01702   0.01935  -0.06138   0.04366   0.04262  -0.02046  -0.08403  -0.20876   0.08978   0.08262  -0.02838 
 -0.02221   0.05154   0.03382  -0.06710  -0.07908   0.06978   0.08694  -0.08224   0.02549  -0.00225   0.02966  -0.05211   0.02088   0.04124  -0.00140  -0.07363  -0.22326   0.07568   0.14135  -0.07365 
 -0.04250   0.04478   0.06266  -0.07199  -0.03766   0.05054   0.06742  -0.08170   0.06776  -0.02627   0.03985  -0.08874   0.03422   0.03213   0.01449  -0.10393  -0.19133   0.07660   0.12391  -0.07086 
 -0.00953   0.03208   0.05944  -0.08966  -0.03513   0.04432   0.05508  -0.06187   0.02872   0.01197  -0.02310  -0.02215   0.02048   0.05172  -0.01898  -0.06410  -0.24404   0.08853   0.10518  -0.03334 
 -0.02984   0.04769   0.02880  -0.04854  -0.07464   0.05464   0.08947  -0.07317   0.05721   0.00003   0.01595  -0.07944   0.00771   0.02330   0.02835  -0.07302  -0.24793   0.10265   0.12998  -0.07917 
 -0.04076   0.04534   0.06545  -0.07815  -0.04428   0.07679   0.04460  -0.07455   0.05276   0.00239   0.01047  -0.07079  -0.00168   0.03504   0.02421  -0.06943  -0.22327   0.06827   0.14875  -0.07462 
 -0.03046   0.04395   0.05606  -0.07574  -0.04011   0.03454   0.06418  -0.05715   0.01952   0.00273   0.02268  -0.04392   0.02625   0.03083   0.00919  -0.08218  -0.20740   0.06821   0.11154  -0.03668 
 -0.02907   0.03351   0.05020  -0.05764  -0.06028   0.02647   0.09126  -0.06129   0.07139  -0.02806   0.03548  -0.08670   0.00450   0.04719   0.00490  -0.06718  -0.21373   0.07405   0.13085  -0.06336 
 -0.02830   0.03021   0.06465  -0.07250  -0.03462   0.06062   0.05599  -0.08190   0.05698  -0.04242   0.04812  -0.06578   0.01478   0.02542   0.01200  -0.06261  -0.21064   0.05549   0.12660  -0.03862 
 -0.02100   0.02325   0.05904  -0.06543  -0.03099   0.03166   0.05689  -0.05573   0.05172  -0.00362  -0.00556  -0.04684   0.00273   0.06401  -0.02933  -0.04389  -0.19676   0.09008   0.08331  -0.03604 
 -0.02448   0.04589   0.02575  -0.04870  -0.10509   0.07505   0.09776  -0.07569   0.04679  -0.00662   0.01596  -0.05842  -0.00824   0.05365   0.03241  -0.09825  -0.19895   0.04815   0.12759  -0.03836 
 -0.04970   0.04171   0.06823  -0.06777  -0.05543   0.05045   0.03870  -0.02636   0.07036  -0.00297   0.00550  -0.08242   0.01884   0.00847   0.02709  -0.06818  -0.18208   0.05315   0.14202  -0.07229 
 -0.01694   0.02617   0.05335  -0.06626  -0.05362   0.05848   0.04628  -0.04527   0.04622   0.01946  -0.03236  -0.04235   0.00339   0.06131  -0.01715  -0.05598  -0.23640   0.06165   0.12949  -0.03520 
 -0.03699   0.04976   0.03239  -0.04758  -0.09190   0.06556   0.09918  -0.08053   0.03441  -0.00996   0.02334  -0.04738   0.00465   0.04158   0.01231  -0.07001  -0.24521   0.07818   0.12646  -0.04568 
 -0.05277   0.04325   0.06439  -0.06160  -0.04157   0.04270   0.07097  -0.07293   0.05826  -0.02811   0.02574  -0.05882   0.01409   0.01824   0.02002  -0.06368  -0.19606   0.06848   0.11732  -0.05017 
 -0.02145   0.02457   0.05715  -0.06409  -0.02209   0.03472   0.04859  -0.05933   0.03463  -0.01226   0.00685  -0.02928   0.03086   0.03398  -0.01881  -0.05577  -0.24359   0.09523   0.08256  -0.01685 
 -0.02433   0.03749   0.02894  -0.04279  -0.09916   0.05974   0.11132  -0.08370   0.05221  -0.02291   0.01711  -0.04820   0.00169   0.04503   0.01258  -0.07095  -0.23091   0.07016   0.14804  -0.07159 
 -0.04905   0.03749   0.07308  -0.06962  -0.04341   0.04578   0.04879  -0.04619   0.07506  -0.02745   0.01650  -0.07178   0.01540  -0.00075   0.03288  -0.06052  -0.16079   0.06907   0.10087  -0.05271 
 -0.01070   0.02003   0.04965  -0.06176  -0.05280   0.04240   0.05942  -0.04506   0.04975  -0.01574   0.00556  -0.04175   0.04999   0.01380  -0.01453  -0.06386  -0.20845   0.08039   0.07371  -0.00897 
 -0.01814   0.02906   0.03096  -0.04216  -0.08699   0.06870   0.08490  -0.06946   0.03228  -0.01449   0.03038  -0.04708   0.00235   0.03695   0.00844  -0.05565  -0.25308   0.05746   0.14981  -0.04737 
 -0.05554   0.03636   0.06888  -0.05633  -0.06528   0.05763   0.05291  -0.03970   0.03810  -0.01063   0.01518  -0.04286   0.00474   0.00998   0.04298  -0.07354  -0.20021   0.06264   0.13264  -0.06003 
 -0.03746   0.02877   0.06159  -0.05715  -0.05376   0.05137   0.05395  -0.04672   0.04568  -0.01082  -0.00383  -0.03349   0.00763   0.06389  -0.02917  -0.05033  -0.20961   0.08126   0.11556  -0.05528 
 -0.03309   0.04673   0.03339  -0.04918  -0.09852   0.02370   0.09934  -0.02977   0.02928  -0.00057   0.03276  -0.06168  -0.00927   0.03118   0.03387  -0.06811  -0.19084   0.05379   0.14713  -0.07448 
 -0.05245   0.02762   0.07761  -0.06044  -0.05396   0.02704   0.05277  -0.02094   0.05807  -0.03386   0.01460  -0.04136   0.00518   0.02544   0.01536  -0.05416  -0.18502   0.05583   0.12313  -0.04938 
 -0.02616   0.01870   0.05116  -0.04534  -0.05643   0.03090   0.04717  -0.01576   0.06749  -0.03513  -0.00837  -0.03001   0.02052   0.02445  -0.00857  -0.04251  -0.15251   0.04131   0.10750  -0.03500 
 -0.01679   0.01514   0.03510  -0.03322  -0.10603   0.07795   0.09156  -0.06944   0.03267   0.01333   0.01564  -0.06435  -0.00447   0.03667   0.02865  -0.07418  -0.21774   0.05733   0.13459  -0.04651 
 -0.05866   0.04562   0.06941  -0.06476  -0.06083   0.04722   0.04341  -0.02279   0.08319  -0.04539  -0.00591  -0.04148  -0.00118   0.02224   0.03242  -0.06538  -0.16249   0.02752   0.13116  -0.04247 
 -0.01754   0.01200   0.05061  -0.04662  -0.02656   0.01427   0.03967  -0.02376   0.05305   0.00088  -0.03463  -0.02757   0.03975   0.01841  -0.02529  -0.04131  -0.21443   0.06744   0.10180  -0.02116 
 -0.01619   0.02544   0.02211  -0.03074  -0.09999   0.05773   0.07890  -0.03639   0.03483   0.00467   0.01489  -0.05592   0.00419   0.02127   0.02364  -0.05900  -0.20712   0.03989   0.10809  -0.00359 
 -0.05261   0.03050   0.05715  -0.03853  -0.05639   0.04048   0.05994  -0.03984   0.05669  -0.03086   0.00730  -0.03581   0.03368   0.01352  -0.00308  -0.05444  -0.18455  -0.00249   0.14087  -0.01249 
 -0.02054   0.00489   0.05171  -0.03727  -0.05962   0.04912   0.02671  -0.00796   0.02667   0.00285  -0.00551  -0.02538   0.01702   0.03519  -0.01983  -0.03721  -0.17250   0.04359   0.08974  -0.00644 
 -0.03449   0.03222   0.02357  -0.02113  -0.06048   0.05675   0.03949  -0.02837   0.02105  -0.01371   0.01125  -0.01714   0.00598   0.03310   0.02479  -0.07828  -0.23094   0.05918   0.10764  -0.01049 
 -0.05050   0.03394   0.04647  -0.03213  -0.06044   0.04723   0.03525  -0.01431   0.06220  -0.01431  -0.02226  -0.03273   0.02862  -0.01680   0.02674  -0.05181  -0.16474   0.04855   0.09695  -0.02345 
 -0.01934   0.01603   0.03581  -0.03229  -0.04241   0.02869   0.02609  -0.00557   0.06305  -0.02824  -0.06186   0.01139   0.02796   0.05162  -0.04484  -0.04318  -0.20665   0.04199   0.07650   0.02543 
 -0.02205   0.02398   0.00139  -0.00280  -0.11367   0.06963   0.06707  -0.02173   0.02272  -0.00884  -0.02460   0.00675  -0.00782   0.06093  -0.00451  -0.05686  -0.21408   0.08017   0.09581  -0.02881 
 -0.06781   0.05113   0.03595  -0.02340  -0.10533   0.08237   0.03450  -0.00624   0.06939  -0.02762  -0.02100  -0.02871   0.03228   0.04668  -0.03730  -0.05155  -0.16094   0.05721   0.09400  -0.03161 
 -0.02524   0.03904   0.01709  -0.03090  -0.01552   0.03981  -0.02624   0.00625   0.07586  -0.05306  -0.08796   0.03701   0.07091   0.01859  -0.08881  -0.01705  -0.16695   0.04397   0.07400   0.00574 
  0.00720   0.01200  -0.03016   0.00848   0.01389   0.06713   0.00986  -0.09618   0.11222  -0.00026  -0.09554  -0.05271   0.10719   0.07237  -0.14435  -0.08985  -0.16521   0.09097   0.06628  -0.03740 
  0.02940   0.05820  -0.03099  -0.06526   0.06692   0.02943  -0.00226  -0.11907   0.19508  -0.07707  -0.09944  -0.10021   0.16968   0.00655  -0.06551  -0.22797  -0.09867   0.11528   0.04234  -0.08894 
  0.10630   0.01781  -0.03099  -0.12614   0.15533  -0.07027  -0.06502  -0.10858   0.22332  -0.10956  -0.20289  -0.04703   0.25476  -0.06812  -0.15951  -0.23778  -0.08972   0.04814   0.02998  -0.00428 
  0.17230  -0.05695  -0.09416  -0.09178  -0.29511  -0.29601   0.38694  -0.22741  -0.08785  -0.25446   0.27062  -0.05233  -0.10537  -0.18021   0.23608  -0.11231  -0.49233  -0.24520   0.39107  -0.13673 
 -0.22152  -0.25817   0.33845  -0.14440  -1.02299  -4.06718   0.60028  -4.06718  -0.63725  -4.06718   0.62583  -4.06718  -1.39429  -4.06718   0.57315  -4.06718  -0.86078  -4.06718   0.61699  -4.06718 
 -1.04182  -4.06718   0.60718  -4.06718  -4.06718  -4.06718  -4.06718   0.59227  -4.06718  -4.06718  -4.06718  -4.06718  -4.06718  -0.97184  -4.06718   0.62557  -4.06718  -4.06718  -4.06718  -4.06718 
 -4.06718  -0.98842  -4.06718   0.57616  -4.06718  -4.06718  -4.06718  -4.06718   0.31789  -0.14222  -0.17565  -0.27660  -4.06718  -4.06718  -4.06718  -4.06718   0.45844  -0.68328  -0.04569  -0.59173 
  0.40754  -0.64064  -0.06241  -0.53996   0.19503   0.00533  -0.43138  -0.01828   0.31075  -0.16987  -0.23281  -0.16976   0.41068  -0.22559  -0.52146  -0.40210   0.17289   0.05715  -0.16279  -0.13274 
  0.28024  -0.07179  -0.40190  -0.09768  -0.87268  -1.10076   0.57371  -0.93716  -0.56308  -0.68882   0.56945  -0.71994  -0.49648  -0.56047   0.46518  -0.47132  -0.75077  -0.79269   0.57048  -0.76550 
 -0.71785  -0.85063   0.55908  -0.78615  -0.15636   0.04257  -0.00050   0.09753  -0.03047  -0.09620  -0.05493   0.13569  -0.49575  -0.20195  -0.72913   0.49168  -0.11344  -0.01546   0.02725   0.06593 
 -0.41318  -0.17918  -0.52268   0.41183   0.04045   0.05286  -0.16444   0.03480   0.10389  -0.04672  -0.17933   0.05370   0.05306   0.03137  -0.09856   0.00215  -0.08177   0.00592  -0.09589   0.11046 
 -0.04713   0.01484  -0.12533   0.11531  -0.08041   0.13968  -0.13935   0.05380   0.03461  -0.04420  -0.16827   0.11114   0.02068   0.05460  -0.07247  -0.00810  -0.18725  -0.03601  -0.02729   0.14725 
 -0.06196   0.02340  -0.09589   0.10244  -0.05094   0.15505  -0.22028   0.05799   0.07714   0.05268  -0.29362   0.04214  -0.00583   0.10826  -0.22074   0.07190  -0.16352   0.05523  -0.10447   0.11763 
 -0.03934   0.08980  -0.19821   0.08423  -0.07226   0.16268  -0.14084   0.02269  -0.00311   0.11219  -0.22585   0.02321  -0.02287   0.11115  -0.11481   0.01067  -0.27817   0.13357  -0.05070   0.06400 
 -0.09450   0.13456  -0.13343   0.04276  -0.12206   0.20817  -0.14584   0.01237  -0.01777   0.15484  -0.27156   0.00102  -0.01770   0.09998  -0.15966   0.05377  -0.19329   0.14321  -0.10287   0.05014 
 -0.08653   0.15972  -0.17637   0.03234  -0.14869   0.17637  -0.13282   0.06222  -0.09679   0.16756  -0.25258   0.03840  -0.03053   0.10488  -0.19566   0.08367  -0.29000   0.14986  -0.13860   0.09983 
 -0.14306   0.16238  -0.18929   0.07453  -0.07432   0.13368  -0.12695   0.04713  -0.03130   0.12581  -0.21518   0.02554  -0.02987   0.05188  -0.13342   0.09660  -0.26750   0.12328  -0.06861   0.08116 
 -0.10317   0.12507  -0.14383   0.06560  -0.12603   0.14834  -0.09803   0.05375  -0.05113   0.11817  -0.22571   0.05553  -0.00001   0.10046  -0.18882   0.05524  -0.29600   0.12224  -0.06702   0.09115 
 -0.11858   0.12898  -0.14598   0.07284  -0.08894   0.11328  -0.09786   0.06025  -0.02747   0.10550  -0.24200   0.05894  -0.06466   0.06365  -0.11085   0.09879  -0.28160   0.11050  -0.07984   0.10417 
 -0.11388   0.10917  -0.14019   0.08683  -0.08718   0.12258  -0.14530   0.07933  -0.03420   0.11568  -0.20981   0.03790  -0.02003   0.03119  -0.13165   0.10548  -0.25991   0.13479  -0.09572   0.08239 
 -0.10481   0.11702  -0.14988   0.07851  -0.10679   0.14513  -0.11259   0.05224  -0.03691   0.11576  -0.20308   0.03672  -0.01285   0.04668  -0.15247   0.09895  -0.29030   0.13226  -0.08365   0.08900 
 -0.11332   0.12275  -0.14190   0.07369  -0.07902   0.12724  -0.10995   0.04654  -0.04829   0.11748  -0.22078   0.05198  -0.03623   0.05325  -0.13213   0.09989  -0.28547   0.12886  -0.05995   0.07705 
 -0.11425   0.11983  -0.13427   0.07296  -0.06418   0.10555  -0.09640   0.04616  -0.04745   0.10813  -0.17107   0.03802  -0.00796   0.05272  -0.13649   0.07804  -0.23869   0.09929  -0.04863   0.08098 
 -0.09504   0.10289  -0.11556   0.06634  -0.07287   0.12549  -0.12334   0.05188  -0.03416   0.10166  -0.19490   0.04711  -0.03476   0.08141  -0.12574   0.06612  -0.23758   0.11244  -0.06408   0.07757 
 -0.09665   0.11192  -0.12926   0.06647  -0.07724   0.10992  -0.09073   0.04912  -0.03437   0.09262  -0.18063   0.05041  -0.02434   0.08589  -0.11922   0.04637  -0.28029   0.09677  -0.04506   0.09622 
 -0.10372   0.10228  -0.11175   0.07052  -0.05976   0.10647  -0.07736   0.02766  -0.01259   0.08288  -0.17261   0.03929  -0.02649   0.05897  -0.08329   0.04863  -0.22635   0.10366  -0.03415   0.06277 
 -0.08269   0.09578  -0.09493   0.05166  -0.07423   0.11562  -0.08693   0.03828  -0.03872   0.09356  -0.16774   0.04622  -0.04570   0.07049  -0.08928   0.05949  -0.26446   0.10440  -0.03260   0.07603 
 -0.10353   0.10216  -0.09628   0.06075  -0.07413   0.10762  -0.08113   0.04197  -0.00652   0.08300  -0.16443   0.02952  -0.01132   0.05647  -0.13004   0.07299  -0.20953   0.09127  -0.04464   0.07402 
 -0.07561   0.09130  -0.10699   0.05888  -0.06012   0.09596  -0.07195   0.03431  -0.02152   0.07237  -0.16001   0.05155  -0.01260   0.04533  -0.11346   0.07300  -0.23474   0.07194  -0.01633   0.08323 
 -0.08234   0.07720  -0.09016   0.06671  -0.06740   0.11403  -0.08554   0.03292  -0.00378   0.06301  -0.19383   0.06352  -0.01818   0.02774  -0.08785   0.07525  -0.22882   0.08935  -0.00884   0.06023 
 -0.07939   0.07991  -0.09130   0.06275  -0.08043   0.08809  -0.04169   0.03623  -0.00184   0.06325  -0.14458   0.03627  -0.02301   0.04143  -0.07287   0.05441  -0.26256   0.09412   0.02224   0.04653 
 -0.08864   0.07862  -0.05727   0.04717  -0.05826   0.09800  -0.08359   0.03923   0.00251   0.03139  -0.12676   0.05480  -0.00272   0.02522  -0.08208   0.05798  -0.20658   0.07067   0.00091   0.06093 
 -0.06396   0.05982  -0.07176   0.05737  -0.02850   0.09316  -0.07137   0.00627   0.01205   0.04700  -0.12853   0.03177   0.01110   0.02982  -0.09240   0.04777  -0.22401   0.07642   0.03015   0.04120 
 -0.05489   0.06609  -0.06045   0.03607  -0.06995   0.09643  -0.03541   0.01359   0.00473   0.06299  -0.10657   0.00748  -0.01165   0.03187  -0.06233   0.04346  -0.22231   0.07335   0.03086   0.04277 
 -0.06983   0.07044  -0.04206   0.02953  -0.04570   0.07656  -0.06792   0.03650   0.01676   0.03593  -0.10414   0.02401  -0.00167   0.02103  -0.06476   0.04609  -0.20077   0.05878   0.01745   0.05681 
 -0.05245   0.05154  -0.05394   0.04341  -0.06904   0.10775  -0.06016   0.02154   0.02907   0.03947  -0.14958   0.03573  -0.00341   0.02536  -0.06193   0.04110  -0.22021   0.07879   0.02457   0.04169 
 -0.06047   0.06622  -0.05763   0.03831  -0.07664   0.10745  -0.03200   0.00535   0.00460   0.02715  -0.10217   0.04268  -0.00437   0.03864  -0.07375   0.03925  -0.17500   0.04481   0.01142   0.06146 
 -0.06113   0.05536  -0.04891   0.04289  -0.03952   0.08020  -0.05224   0.01486   0.02525   0.02023  -0.08239   0.01771  -0.00516   0.02788  -0.06468   0.04290  -0.21690   0.04917   0.06715   0.03215 
 -0.05391   0.04631  -0.02785   0.02926  -0.04294   0.09362  -0.06485   0.01508   0.02347   0.04894  -0.10068   0.00112   0.02260   0.02221  -0.06574   0.01912  -0.19591   0.05999   0.04859   0.02847 
 -0.04234   0.05874  -0.04138   0.01810  -0.04577   0.07279  -0.06496   0.03780   0.04326   0.03698  -0.12826   0.01183   0.02846   0.01625  -0.06619   0.01880  -0.19865   0.05442   0.05615   0.02846 
 -0.03449   0.04811  -0.04650   0.02603  -0.03077   0.09331  -0.06608   0.00418   0.04999   0.00533  -0.10959   0.02546   0.01224   0.05380  -0.08095   0.01106  -0.15428   0.03614   0.04822   0.02950 
 -0.02616   0.04659  -0.04770   0.02112  -0.02526   0.07910  -0.08039   0.02388   0.03758  -0.00201  -0.10807   0.04357   0.00333   0.04598  -0.07199   0.02159  -0.17254   0.05237   0.04896   0.02362 
 -0.03340   0.04409  -0.04874   0.03074  -0.03010   0.11831  -0.07315  -0.01791   0.02044   0.00987  -0.10477   0.04655  -0.00143   0.06174  -0.07482   0.01184  -0.12837   0.03885   0.06720  -0.00505 
 -0.03386   0.05631  -0.04002   0.01199  -0.01926   0.09792  -0.06227  -0.01618   0.01815   0.00073  -0.11620   0.06346   0.02292   0.06482  -0.08821  -0.00792  -0.08984   0.01212   0.06638  -0.00375 
 -0.01619   0.04255  -0.04513   0.01394  -0.02401   0.12571  -0.07121  -0.03512   0.03500  -0.04000  -0.11615   0.08211   0.01831   0.06931  -0.10645   0.00896  -0.06652   0.01880   0.05087  -0.01118 
 -0.00909   0.04227  -0.05552   0.01589  -0.00954   0.14239  -0.10582  -0.04349   0.02855  -0.04205  -0.10455   0.08283   0.01433   0.06977  -0.06959  -0.02175  -0.07128  -0.00675   0.05628   0.00980 
 -0.00909   0.04003  -0.05133   0.01478  -0.00431   0.15786  -0.12544  -0.05442   0.03184  -0.04273  -0.15215   0.10494   0.02696   0.07613  -0.10357  -0.01257  -0.05628  -0.02114   0.08659  -0.01807 
 -0.00051   0.04241  -0.06241   0.01297  -0.01654   0.16834  -0.09270  -0.08230   0.02685  -0.02056  -0.13785   0.08533   0.03558   0.05873  -0.08261  -0.02210  -0.04835  -0.01410   0.08791  -0.03177 
 -0.00152   0.04907  -0.04770  -0.00483  -0.03047   0.18410  -0.13220  -0.05425   0.02487  -0.02060  -0.14451   0.09037   0.04186   0.08517  -0.12943  -0.02009  -0.06492  -0.00741   0.07492  -0.01186 
 -0.00631   0.06156  -0.07469   0.00848  -0.01232   0.16865  -0.14043  -0.04755   0.03556  -0.01646  -0.15700   0.08424   0.06591   0.04541  -0.10597  -0.02469  -0.03784   0.00849   0.04453  -0.01688 
  0.01142   0.05250  -0.08431   0.00777  -0.01302   0.15732  -0.14115  -0.03100   0.03217  -0.03624  -0.14794   0.09791   0.04313   0.05850  -0.14101   0.02041  -0.05478  -0.02658   0.07924  -0.00702 
  0.00136   0.03918  -0.07726   0.02562  -0.03881   0.16874  -0.11397  -0.03774   0.03837  -0.01456  -0.14070   0.07201   0.06612   0.03745  -0.10252  -0.01877  -0.05498  -0.00206   0.05429  -0.00375 
  0.00036   0.04921  -0.06814   0.00975  -0.02588   0.18791  -0.14298  -0.05676   0.03496  -0.00781  -0.13025   0.06380   0.05522   0.05787  -0.11163  -0.01963  -0.07950   0.00833   0.04867   0.00924 
 -0.00340   0.06343  -0.07818   0.00636  -0.01734   0.16204  -0.11228  -0.05493   0.05053  -0.02256  -0.13539   0.06475   0.03253   0.04262  -0.08684   0.00489  -0.04786   0.01227   0.04337  -0.01168 
