5 20 5 1 45 -3.1907 1.4613 2.1067 11728
 -0.05811   0.05962  -0.06788   0.05035  -0.04845   0.11193  -0.06428   0.00091   0.02197   0.05506  -0.14776   0.02510  -0.02368   0.01301  -0.13755   0.12741  -0.16914   0.08390   0.00491   0.02767 
 -0.05372   0.07149  -0.08137   0.04483  -0.03958   0.08828  -0.04230  -0.00158   0.00346   0.06324  -0.12404   0.01945  -0.01807   0.02796  -0.10760   0.08989  -0.17768   0.09609   0.00117   0.02258 
 -0.05697   0.07564  -0.06681   0.03279  -0.01985   0.06620  -0.09267   0.03941  -0.00430   0.06376  -0.11292   0.01909  -0.02476   0.05446  -0.13307   0.08944  -0.19970   0.10480  -0.00707   0.03074 
 -0.05827   0.07847  -0.08452   0.04367  -0.03130   0.06751  -0.04289   0.01117  -0.00506   0.06554  -0.13023   0.02835   0.01374   0.01853  -0.10445   0.06546  -0.19804   0.09309   0.01854   0.02202 
 -0.05388   0.06980  -0.06253   0.03306  -0.01876   0.10474  -0.06929  -0.01827   0.02622   0.07754  -0.12468  -0.01972  -0.00154   0.04011  -0.09362   0.05172  -0.19098   0.09823   0.00907   0.02083 
 -0.04126   0.08558  -0.06824   0.00991  -0.01680   0.09684  -0.12011   0.02661   0.02488   0.07440  -0.16869   0.01244  -0.00936   0.02279  -0.08377   0.06821  -0.18230   0.09608   0.00825   0.01936 
 -0.03828   0.07898  -0.09015   0.03067  -0.01238   0.06976  -0.07717   0.01721   0.01948   0.06461  -0.14815   0.01717   0.01666   0.05181  -0.09882   0.02418  -0.14542   0.06164   0.01534   0.02851 
 -0.02885   0.06599  -0.07530   0.02517  -0.04677   0.10781  -0.09199   0.02506   0.05845   0.03829  -0.14994   0.00748   0.00520   0.03484  -0.07261   0.03194  -0.19389   0.06248   0.04388   0.02917 
 -0.03594   0.06308  -0.06342   0.02544  -0.01812   0.07540  -0.10876   0.04054   0.02802   0.05955  -0.14870   0.01483   0.01182   0.01365  -0.08286   0.05465  -0.17629   0.09859  -0.00087   0.02085 
 -0.03362   0.06849  -0.08359   0.03279  -0.01874   0.07971  -0.06240   0.00244   0.00698   0.05546  -0.14828   0.03879  -0.01368   0.03165  -0.07422   0.05611  -0.14036   0.07185   0.02515   0.00759 
 -0.04032   0.06414  -0.06253   0.02745  -0.02177   0.07550  -0.04132  -0.00804   0.04585   0.02856  -0.10519   0.00335   0.03363  -0.00497  -0.07489   0.04137  -0.16030   0.05972   0.04211   0.01612 
 -0.02112   0.04437  -0.04244   0.01450  -0.00917   0.07903  -0.09205   0.01619   0.03924   0.01670  -0.10081   0.01959   0.02922  -0.02280  -0.07703   0.06382  -0.17242   0.05005   0.02540   0.04511 
 -0.02112   0.03442  -0.05882   0.03689  -0.03181   0.07316  -0.06478   0.02405   0.04919   0.00966  -0.09559   0.01304   0.04204  -0.01322  -0.09566   0.05679  -0.14366   0.02915   0.05898   0.02053 
 -0.01902   0.02742  -0.04261   0.02906   0.01686   0.04426  -0.05144  -0.01216   0.05569   0.00710  -0.06620  -0.01214   0.02463   0.01126  -0.08849   0.04786  -0.16954   0.06045   0.05183   0.01178 
 -0.01146   0.03357  -0.03423   0.00935  -0.01083   0.07459  -0.05149  -0.01020   0.09453  -0.00445  -0.11502  -0.01099   0.05077  -0.00341  -0.10240   0.04340  -0.17991   0.03238   0.06074   0.03513 
  0.00028   0.02597  -0.04618   0.01533  -0.01213   0.07701  -0.03187  -0.02906   0.07054  -0.02318  -0.11159   0.03187   0.02640  -0.01015  -0.06347   0.04415  -0.14650   0.03568   0.06454   0.01112 
 -0.00911   0.02161  -0.02993   0.01506  -0.00119   0.08919  -0.05316  -0.03550   0.07294  -0.02405  -0.08998   0.01628   0.05740  -0.00420  -0.09415   0.02923  -0.13061   0.02876   0.07933  -0.00594 
  0.00540   0.02351  -0.03257   0.00130  -0.01060   0.08615  -0.05698  -0.01775   0.06709  -0.02595  -0.08389   0.02025   0.03047   0.02287  -0.07336   0.01627  -0.09945   0.02669   0.07294  -0.01746 
  0.00128   0.02742  -0.03092   0.00015   0.00899   0.07712  -0.05551  -0.03246   0.07781  -0.04110  -0.08386   0.02214   0.06375   0.00508  -0.08856   0.00696  -0.10456   0.01251   0.08978  -0.01788 
  0.01753   0.01351  -0.02862  -0.00488  -0.00335   0.08151  -0.04849  -0.02873   0.09172  -0.05188  -0.07468   0.00962   0.06832  -0.01185  -0.07657   0.00676  -0.08635   0.00225   0.09977  -0.03153 
  0.02272   0.00600  -0.01905  -0.01174   0.01000   0.10055  -0.07563  -0.04204   0.10588  -0.05923  -0.06956  -0.00453   0.04652   0.01720  -0.05064  -0.02065  -0.08564  -0.02011   0.09110  -0.00287 
  0.02570   0.01082  -0.02195  -0.01706   0.01986   0.07808  -0.04609  -0.05628   0.11591  -0.10392  -0.08814   0.03241   0.04726   0.02010  -0.07228  -0.00271  -0.07877  -0.00866   0.12215  -0.05280 
  0.03346  -0.00225  -0.01379  -0.02050   0.02633   0.09530  -0.08306  -0.05043   0.09036  -0.08159  -0.09787   0.05023   0.06946   0.03590  -0.10112  -0.02300  -0.04195  -0.03220   0.12076  -0.05829 
  0.04055   0.00646  -0.03174  -0.02050   0.03003   0.09410  -0.07977  -0.05695   0.09103  -0.11124  -0.11621   0.08066   0.08284   0.02468  -0.13964   0.00497  -0.02997  -0.06583   0.13368  -0.05470 
  0.04728  -0.01097  -0.03806  -0.00590  -0.00626   0.15883  -0.09820  -0.07666   0.07023  -0.07641  -0.13769   0.08839   0.07249   0.04328  -0.12226  -0.01646  -0.03495  -0.04875   0.13300  -0.06455 
  0.02624   0.02655  -0.04092  -0.01647   0.01065   0.13723  -0.11789  -0.05204   0.06996  -0.13059  -0.10223   0.10479   0.07535   0.08921  -0.12703  -0.07766  -0.01764  -0.07267   0.14585  -0.07576 
  0.03610   0.01172  -0.03773  -0.01528   0.00446   0.14265  -0.12920  -0.04216   0.07938  -0.11798  -0.20313   0.13537   0.08523   0.08602  -0.15848  -0.05871   0.01712  -0.05324   0.11115  -0.08131 
  0.04625   0.02074  -0.07786  -0.00214  -0.01307   0.17372  -0.11260  -0.07683   0.05473  -0.11528  -0.20054   0.15270   0.07518   0.09997  -0.17790  -0.04599   0.02853  -0.04798   0.12741  -0.12093 
  0.03346   0.03484  -0.06878  -0.00939  -0.00542   0.21374  -0.24428  -0.05043   0.03024  -0.11657  -0.16085   0.15594   0.07127   0.12109  -0.19543  -0.05685   0.01674  -0.07484   0.11926  -0.07181 
  0.02624   0.04713  -0.09970   0.00949  -0.00579   0.21220  -0.21934  -0.06348   0.03445  -0.16467  -0.18056   0.18439   0.11068   0.09264  -0.24389  -0.04037   0.05210  -0.08341   0.11163  -0.09190 
  0.04289   0.02539  -0.10612   0.01795   0.00267   0.22707  -0.25947  -0.07287   0.01536  -0.11064  -0.21361   0.18280   0.08089   0.12329  -0.22361  -0.05271   0.07919  -0.11275   0.11279  -0.09975 
  0.04081   0.04479  -0.11563   0.00781   0.01897   0.23519  -0.28942  -0.09105  -0.02862  -0.11886  -0.19345   0.20658   0.10947   0.10988  -0.25301  -0.05684   0.06018  -0.12007   0.09920  -0.05528 
  0.03610   0.04103  -0.13071   0.02665  -0.02927   0.28414  -0.34002  -0.08886   0.03238  -0.16086  -0.21772   0.19698   0.10609   0.11570  -0.21804  -0.08762   0.07491  -0.11719   0.10227  -0.07748 
  0.03938   0.05274  -0.13404   0.01381  -0.01087   0.29218  -0.38022  -0.10889  -0.04430  -0.12889  -0.23359   0.23214   0.07985   0.16224  -0.30358  -0.05764   0.07534  -0.11363   0.10731  -0.08722 
  0.02014   0.07279  -0.15832   0.02826   0.00884   0.31667  -0.47157  -0.15017  -0.04445  -0.15382  -0.27503   0.25384   0.09359   0.14398  -0.23402  -0.10030   0.05785  -0.11599   0.07394  -0.02807 
  0.02191   0.06757  -0.18240   0.04573   0.03038   0.28210  -0.46190  -0.11021  -0.02737  -0.13685  -0.25261   0.23227   0.13081   0.09327  -0.28654  -0.04593   0.05827  -0.10038   0.06886  -0.03466 
  0.03899   0.04878  -0.18240   0.04728   0.05606   0.24123  -0.43598  -0.08236   0.01630  -0.04889  -0.27934   0.16875   0.16263  -0.03166  -0.24890   0.01972   0.05964  -0.07728   0.04464  -0.02941 
  0.06489   0.04075  -0.19113   0.03306   0.02733   0.26945  -0.49529  -0.06812   0.04886  -0.00196  -0.14962   0.05633   0.14724  -0.07806  -0.15632   0.02064  -0.04818  -0.00562   0.06330  -0.01423 
  0.03715   0.07898  -0.15327   0.00087  -0.00304   0.28085  -0.44902  -0.06593   0.09195   0.01932  -0.14413  -0.01401   0.10938  -0.01472  -0.20070   0.05182  -0.18728   0.02979   0.06398   0.03815 
  0.01353   0.10008  -0.15393   0.00215  -0.03740   0.26739  -0.37408  -0.03225   0.06043   0.05990  -0.15967  -0.01344   0.02997   0.03782  -0.14239   0.05832  -0.17731   0.07410   0.01069   0.03686 
 -0.02187   0.12148  -0.15458   0.01173   0.00744   0.18671  -0.32938   0.01581   0.04406   0.01282  -0.10587   0.02182  -0.00939  -0.00308  -0.11716   0.11489  -0.25275   0.08975   0.04568   0.02775 
 -0.03501   0.07924  -0.11045   0.04146   0.04184   0.14967  -0.36936   0.03683   0.01137   0.03050  -0.12332   0.04599  -0.00368   0.03535  -0.15913   0.10507  -0.24731   0.07779   0.01915   0.05822 
 -0.03906   0.07641  -0.13363   0.06204   0.06522   0.14806  -0.42244   0.03016   0.01912   0.01817  -0.16203   0.07151   0.01195   0.00641  -0.16039   0.11595  -0.19071   0.06199  -0.00624   0.06657 
 -0.01992   0.06375  -0.15921   0.07318   0.03361   0.19020  -0.53805   0.05188   0.05748   0.00681  -0.17173   0.05170   0.00023   0.02149  -0.18056   0.12602  -0.13420   0.08719  -0.01310   0.01927 
 -0.00970   0.08356  -0.18357   0.05905   0.11432   0.06761  -0.69561   0.10898   0.08489  -0.05991  -0.27604   0.12172   0.01454  -0.02838  -0.28709   0.19858  -0.18440   0.07561  -0.13341   0.12418 
  0.02136   0.02249  -0.30492   0.13683   0.31608  -0.03420  -0.48798  -0.28883   0.26390  -0.09451  -0.08129  -0.26770   0.20259   0.00851  -0.10647  -0.26692   0.12840   0.05854   0.02912  -0.26932 
  0.22952  -0.00550  -0.12250  -0.26385  -0.51728   0.48047  -1.31329  -0.00665  -0.31873   0.29432  -0.91338   0.10352  -0.37555   0.36163  -0.79209   0.11101  -0.73106   0.32842  -0.76094   0.12999 
 -0.44293   0.38350  -0.98156   0.06142   0.54483  -4.06926  -4.06926  -4.06926   0.59980  -4.06926  -4.06926  -4.06926   0.57335  -4.06926  -4.06926  -4.06926   0.63577  -4.06926  -4.06926  -4.06926 
  0.58718  -4.06926  -4.06926  -4.06926  -3.41543  -1.26408   0.60704  -4.06926  -4.06926  -4.06926  -4.06926  -4.06926  -4.06926  -4.06926  -4.06926  -4.06926  -4.06926  -4.06926  -4.06926  -4.06926 
 -3.38213  -1.31428   0.61235  -4.06926   0.54483  -4.06926  -4.06926  -4.06926   0.25549   0.04363  -0.37096  -0.21207   0.00830  -0.02600   0.08198  -0.09711  -4.06926  -4.06926  -4.06926  -4.06926 
  0.02557  -0.03078   0.11801  -0.14748  -0.05909   0.12208  -0.19813   0.08601  -0.01766   0.04665  -0.14799   0.06813  -0.06033   0.13358  -0.18770   0.07220  -0.13300   0.08297   0.04924  -0.03092 
 -0.05583   0.09788  -0.12556   0.04881   0.07194   0.11549  -0.24928  -0.01764   0.01068   0.05234  -0.06983  -0.01172  -0.03842   0.11122  -0.06701  -0.01728  -0.10983   0.13956  -0.01736  -0.05469 
 -0.01382   0.10745  -0.09319  -0.02245  -0.01325   0.18499  -0.19321  -0.03142   0.02246   0.01562   0.02301  -0.06263  -0.01649   0.08612  -0.04265  -0.03422  -0.17454   0.16005  -0.00319  -0.05334 
 -0.03408   0.11187  -0.04892  -0.04535   0.01390   0.12509  -0.17865   0.00230  -0.00140   0.04204  -0.01807  -0.02908   0.02612   0.08610  -0.09090  -0.03686  -0.22005   0.18001   0.01382  -0.07243 
 -0.02854   0.10877  -0.06448  -0.03298  -0.02325   0.12010  -0.05879  -0.04031   0.01245   0.04063   0.01554  -0.07466  -0.00969   0.06970  -0.01207  -0.05673  -0.23356   0.18252   0.03803  -0.09411 
 -0.04665   0.10565  -0.00594  -0.06667   0.03686   0.07874  -0.07574  -0.05208   0.04287   0.00902   0.01917  -0.07535   0.06009   0.04133  -0.02967  -0.09635  -0.17869   0.12925   0.08307  -0.09833 
  0.00962   0.06414  -0.00053  -0.08074   0.03909   0.08462  -0.08985  -0.04931   0.04632   0.02762  -0.01901  -0.06443   0.06816   0.06414  -0.07396  -0.08687  -0.19738   0.17026   0.01855  -0.07554 
  0.01463   0.08520  -0.04329  -0.06951   0.01715   0.07746  -0.01287  -0.08678   0.01472   0.06502  -0.01770  -0.07678   0.00445   0.09674  -0.06116  -0.05481  -0.16509   0.16781   0.02733  -0.10213 
 -0.01574   0.10130  -0.01825  -0.08143   0.04190   0.07829  -0.03518  -0.09945   0.01807   0.02177   0.03775  -0.08096   0.04084   0.08018  -0.05970  -0.08404  -0.16501   0.14002   0.05056  -0.08503 
  0.00214   0.07821  -0.00238  -0.08821   0.02069   0.11303  -0.07054  -0.07627   0.01732   0.05008  -0.02266  -0.05508   0.03945   0.08720  -0.08257  -0.06593  -0.18757   0.13513   0.01530  -0.02891 
 -0.00591   0.09432  -0.04261  -0.05824  -0.02223   0.11698   0.00002  -0.09918  -0.01527   0.06567  -0.00498  -0.05643   0.00565   0.07262  -0.05379  -0.03118  -0.18820   0.16781   0.04032  -0.10092 
 -0.04173   0.10673  -0.00672  -0.07255   0.00000   0.11623  -0.02121  -0.10368   0.03524   0.02458   0.00975  -0.07534   0.00807   0.09419  -0.03269  -0.09055  -0.19744   0.15690   0.06284  -0.10359 
 -0.01857   0.09580   0.00207  -0.09297  -0.00583   0.09642  -0.05189  -0.03927   0.01087   0.04445  -0.02302  -0.04052  -0.00130   0.10801  -0.08421  -0.03887  -0.16229   0.16147   0.00384  -0.06983 
 -0.02353   0.10045  -0.04126  -0.04837  -0.00945   0.11400   0.00006  -0.11259  -0.01735   0.06553   0.00914  -0.06797  -0.00583   0.09642  -0.04511  -0.05935  -0.22508   0.18847   0.01947  -0.08892 
 -0.04824   0.11741  -0.00594  -0.08178  -0.01851   0.11709  -0.01810  -0.08331   0.01251   0.05252   0.00066  -0.07524  -0.00846   0.09709  -0.04181  -0.06081  -0.19517   0.16896   0.03553  -0.09286 
 -0.03439   0.10757  -0.00891  -0.07936   0.02151   0.08585  -0.05654  -0.05736  -0.01352   0.07283  -0.05628  -0.02286   0.02268   0.08461  -0.05874  -0.06488  -0.17479   0.16888   0.02833  -0.09828 
 -0.02052   0.10433  -0.03974  -0.05824  -0.02846   0.12587   0.01164  -0.11791  -0.01125   0.06362   0.01163  -0.07457  -0.01772   0.13036  -0.04947  -0.09215  -0.19813   0.19709   0.02672  -0.12934 
 -0.04985   0.12839  -0.00161  -0.10175  -0.00764   0.08748  -0.01175  -0.06681   0.03338   0.03639   0.01016  -0.08889   0.02201   0.07893  -0.05202  -0.06360  -0.16480   0.16283   0.03601  -0.10398 
 -0.01043   0.08972  -0.00734  -0.08333   0.01279   0.12917  -0.06003  -0.09752   0.00581   0.07426  -0.02935  -0.06826   0.02555   0.08141  -0.07620  -0.04492  -0.17753   0.18071  -0.01722  -0.06937 
 -0.01530   0.11564  -0.04772  -0.07204  -0.04680   0.12326   0.01822  -0.09844  -0.01524   0.07910  -0.01090  -0.06924  -0.00647   0.09427  -0.05525  -0.04376  -0.23021   0.18780   0.03721  -0.10410 
 -0.05664   0.12160  -0.00548  -0.07954   0.00030   0.08812  -0.01039  -0.07948   0.03509   0.02449   0.00426  -0.06944   0.00682   0.09400  -0.04488  -0.07307  -0.19160   0.16578   0.04405  -0.09962 
 -0.01753   0.09184  -0.00485  -0.08074   0.01738   0.09370  -0.04746  -0.07010   0.01625   0.05880  -0.03507  -0.05395   0.04613   0.08808  -0.10930  -0.04891  -0.18466   0.18131   0.00565  -0.08794 
 -0.00649   0.10505  -0.04875  -0.06617  -0.05387   0.11028   0.03320  -0.09083  -0.01346   0.05493   0.01667  -0.06555  -0.01866   0.12173  -0.04332  -0.08404  -0.21431   0.17707   0.03727  -0.09590 
 -0.05942   0.11435   0.00950  -0.08281   0.01045   0.09522  -0.03879  -0.07137   0.01238   0.03670   0.02470  -0.07915  -0.00987   0.10309  -0.04511  -0.06402  -0.18948   0.16905   0.05195  -0.11572 
 -0.02641   0.09996  -0.00300  -0.08403  -0.00387   0.11199  -0.04752  -0.06465  -0.02142   0.05150  -0.00506  -0.03197   0.00663   0.09257  -0.05459  -0.05913  -0.23466   0.19493   0.01184  -0.08613 
 -0.04142   0.11151  -0.02584  -0.05955  -0.04939   0.11479   0.03908  -0.11030  -0.03450   0.07838  -0.00085  -0.05779  -0.00552   0.09608  -0.05911  -0.04325  -0.22329   0.19799   0.01805  -0.10471 
 -0.06371   0.12368  -0.00284  -0.07816  -0.00421   0.10256  -0.01863  -0.08249   0.00350   0.04663   0.02817  -0.08579   0.02324   0.08607  -0.03340  -0.09945  -0.17377   0.16534   0.01809  -0.08245 
 -0.02292   0.09972  -0.00238  -0.08839  -0.02549   0.11014  -0.01694  -0.06676  -0.01510   0.06902  -0.00759  -0.05861   0.02551   0.08507  -0.06324  -0.06438  -0.21635   0.17510   0.02123  -0.07441 
 -0.03750   0.10913  -0.01921  -0.06717  -0.02808   0.11978   0.00654  -0.10324  -0.01213   0.07204  -0.01533  -0.05853  -0.00846   0.10403  -0.04911  -0.06253  -0.17601   0.18469   0.03234  -0.12899 
 -0.04379   0.12032  -0.00969  -0.08681  -0.00127   0.09936  -0.00320  -0.10006   0.00504   0.04763   0.00656  -0.06608   0.00585   0.08971  -0.03163  -0.08179  -0.19248   0.16833   0.05529  -0.11650 
 -0.02763   0.10020   0.00314  -0.08997   0.01319   0.09248  -0.01095  -0.10241  -0.00418   0.08058  -0.00586  -0.08891   0.02809   0.10089  -0.09809  -0.05316  -0.21228   0.17527  -0.01368  -0.04389 
 -0.02172   0.11258  -0.03307  -0.07509  -0.04445   0.12707   0.03896  -0.13479  -0.00116   0.08105  -0.00192  -0.09730  -0.01338   0.10221  -0.03936  -0.06504  -0.21493   0.17521   0.02405  -0.07832 
 -0.05049   0.12125   0.00299  -0.09528  -0.01103   0.10607  -0.03541  -0.06035   0.00548   0.04551   0.01680  -0.07432  -0.00974   0.09490  -0.03860  -0.05978  -0.24860   0.17728   0.04631  -0.08616 
 -0.04032   0.10409  -0.00485  -0.07238  -0.00922   0.10056  -0.00212  -0.09199  -0.00855   0.07130  -0.00974  -0.06673   0.01807   0.08914  -0.07170  -0.05042  -0.20457   0.18638   0.00593  -0.08390 
 -0.03362   0.11293  -0.02163  -0.07424  -0.03313   0.10474   0.04405  -0.12450  -0.02933   0.07129  -0.00710  -0.04745  -0.01847   0.11900  -0.06758  -0.05138  -0.23175   0.18603   0.07074  -0.14126 
 -0.06041   0.12021   0.00724  -0.08786  -0.00634   0.10047   0.00949  -0.10996   0.01645   0.05207   0.01533  -0.09486   0.00931   0.06738  -0.00775  -0.08499  -0.17300   0.14344   0.05105  -0.08528 
 -0.02172   0.09059   0.01368  -0.09546  -0.02613   0.11002  -0.00987  -0.07350  -0.01053   0.05963  -0.02724  -0.03326   0.01379   0.10138  -0.06862  -0.06594  -0.20928   0.18029   0.03327  -0.09991 
 -0.03750   0.11092  -0.02146  -0.06734  -0.06396   0.11480   0.03633  -0.08878  -0.01932   0.08605   0.01339  -0.10019  -0.00134   0.08951  -0.04146  -0.05948  -0.24116   0.18834   0.04557  -0.10805 
 -0.06288   0.12148   0.01084  -0.09138  -0.01754   0.09806  -0.01174  -0.06716  -0.01578   0.04170   0.03085  -0.06057   0.00013   0.07873  -0.04772  -0.03904  -0.18091   0.15594   0.04853  -0.09620 
 -0.03859   0.09246   0.00314  -0.06700  -0.02757   0.11700  -0.01563  -0.07441  -0.01138   0.04313  -0.01104  -0.02648   0.04693   0.06379  -0.07694  -0.05019  -0.24024   0.17300   0.01459  -0.05143 
 -0.03579   0.09898  -0.02438  -0.04998  -0.05813   0.11085   0.05077  -0.10962   0.01337   0.07407  -0.00686  -0.09927  -0.02464   0.09352  -0.02991  -0.04941  -0.19756   0.17400   0.03964  -0.10415 
 -0.05226   0.11470   0.01069  -0.09244  -0.03979   0.12900  -0.01069  -0.08081  -0.00852   0.05640   0.02634  -0.08331  -0.00935   0.09283  -0.02780  -0.07053  -0.16730   0.12630   0.05295  -0.06672 
 -0.04236   0.09959   0.00784  -0.07799  -0.00214   0.08846  -0.00267  -0.08541  -0.01700   0.06875  -0.02974  -0.03614   0.03448   0.09262  -0.09279  -0.05563  -0.22055   0.16564   0.03243  -0.06904 
 -0.03069   0.10469  -0.02633  -0.06103  -0.06199   0.11076   0.06559  -0.12582  -0.00671   0.05409   0.00968  -0.06465  -0.01567   0.13440  -0.08034  -0.06516  -0.22419   0.17504   0.04565  -0.09597 
 -0.06041   0.11752   0.00980  -0.08681  -0.00459   0.11245  -0.05048  -0.06140   0.01510   0.04766   0.01447  -0.08613   0.02781   0.06045  -0.02509  -0.07888  -0.19366   0.14390   0.06441  -0.08782 
 -0.01932   0.09022  -0.00068  -0.08109  -0.02519   0.10489  -0.00539  -0.07313  -0.00410   0.04706  -0.01687  -0.03340   0.02163   0.08497  -0.06426  -0.05762  -0.21869   0.15830   0.03688  -0.06384 
 -0.03594   0.09739  -0.01522  -0.05694  -0.03729   0.12911   0.02347  -0.12622  -0.01379   0.06098   0.00735  -0.06382  -0.02677   0.12680  -0.05447  -0.06813  -0.21884   0.17182   0.03901  -0.08659 
 -0.05860   0.12125   0.00177  -0.08507  -0.02974   0.09255   0.00636  -0.06544   0.02684   0.02774   0.02178  -0.08175   0.02191   0.08517  -0.04501  -0.08111  -0.15595   0.14115   0.05813  -0.10174 
 -0.01857   0.08508   0.00739  -0.08403  -0.03097   0.08856   0.00850  -0.06158   0.01581   0.05726  -0.00710  -0.07780   0.03074   0.08740  -0.07233  -0.06494  -0.20963   0.16933   0.03092  -0.07950 
