IntronPotTab 1 1024 -16.71247 2.57649 16.52717 7032 6 16  498.83
   -0.03026
    0.02128
    0.03683
    0.01618
   -0.02359
   -0.00908
   -0.07874
    0.04754
   -0.02251
   -0.00615
    0.00281
    0.02958
   -0.05361
   -0.01176
    0.06620
    0.01439
   -0.02565
   -0.03235
    0.05792
    0.02775
    0.01444
   -0.03108
   -0.09277
    0.02434
    0.07011
   -0.35296
    0.06973
    0.13183
   -0.03667
   -0.10390
    0.14878
    0.02634
    0.00128
   -0.03847
   -0.03761
    0.04254
   -0.03953
    0.01942
   -0.15213
    0.05894
    0.00755
   -0.02169
    0.02878
   -0.02122
   -0.01833
   -0.04275
   -0.03308
    0.04191
   -0.04813
    0.03059
    0.04636
    0.02004
   -0.04101
   -0.02213
   -0.06162
    0.06669
   -0.01403
   -0.02573
    0.00968
    0.02244
   -0.07690
    0.01175
    0.04258
    0.02605
   -0.00763
   -0.04036
    0.02123
    0.02189
   -0.04108
   -0.02686
    0.04428
    0.05072
    0.00156
   -0.05277
   -0.06074
    0.06151
   -0.05713
   -0.04166
    0.00360
    0.05995
   -0.01935
   -0.05142
   -0.02453
    0.05656
   -0.02154
    0.04180
   -0.17032
    0.03693
    0.02263
   -0.16996
   -0.03243
    0.07335
   -0.04806
   -0.04924
    0.05071
    0.04024
    0.01443
   -0.06058
   -0.02113
    0.03356
   -0.21734
    0.12260
   -0.07771
    0.25599
    0.04683
   -0.12791
    0.03223
   -0.00059
   -0.03021
   -0.08825
   -0.00074
    0.06214
   -0.00651
   -0.05537
    0.02648
    0.02054
   -0.05127
    0.00294
   -0.03861
    0.05643
   -0.00353
   -0.04833
   -0.02259
    0.04630
   -0.07975
   -0.00701
    0.02512
    0.03596
   -0.00592
    0.02242
   -0.06138
    0.05062
   -0.01435
    0.00903
   -0.13963
    0.05323
   -0.02796
    0.00366
    0.03507
    0.01217
   -0.03496
   -0.01833
    0.00960
    0.02683
   -0.05430
   -0.00320
   -0.00603
    0.06128
   -0.01063
   -0.00396
   -0.11153
    0.04315
   -0.04599
   -0.17205
    0.08782
    0.09183
   -0.04785
   -0.10683
    0.05102
    0.06177
   -0.01778
   -0.00297
   -0.02217
    0.04579
   -0.04812
    0.04198
   -0.18945
    0.07966
   -0.02325
   -0.04824
    0.08099
   -0.00579
   -0.09898
    0.01552
    0.02121
    0.04049
   -0.03794
    0.00805
    0.01309
    0.02765
   -0.02514
   -0.02654
   -0.06955
    0.05808
   -0.03309
   -0.01101
   -0.00590
    0.04598
   -0.05676
    0.02676
   -0.02251
    0.03290
   -0.03967
    0.02322
    0.02698
    0.02537
   -0.05219
   -0.01303
    0.01512
    0.05939
   -0.04238
   -0.02187
    0.01727
    0.04923
   -0.07303
    0.03225
    0.04729
    0.03320
   -0.04439
   -0.04802
    0.03850
    0.05888
   -0.04066
   -0.01199
   -0.00311
    0.05092
   -0.01340
   -0.11055
    0.02204
    0.06002
   -0.08111
   -0.07605
    0.14738
    0.03718
   -0.00961
   -0.02551
   -0.03829
    0.04467
   -0.02878
    0.04822
   -0.39868
    0.12298
   -0.02608
   -0.02242
    0.01461
    0.03161
   -0.03763
   -0.06456
   -0.00295
    0.04899
   -0.08576
    0.02878
    0.06993
    0.04005
   -0.06666
   -0.00193
   -0.05900
    0.07420
   -0.03897
    0.01615
   -0.00022
    0.03649
   -0.06731
    0.03448
    0.03186
    0.01109
   -0.00197
   -0.00409
   -0.00585
    0.00752
   -0.03563
    0.00725
   -0.18580
    0.08081
   -0.03541
   -0.02840
   -0.01271
    0.05882
   -0.02989
   -0.02473
    0.02712
    0.01649
   -0.02954
    0.01957
    0.00666
    0.01981
   -0.04437
    0.05453
   -0.14304
    0.05235
   -0.03493
   -0.10411
    0.04914
    0.06023
   -0.05246
   -0.04703
    0.05964
    0.03255
    0.01609
   -0.05673
   -0.05491
    0.04662
   -0.00876
    0.01377
   -0.32475
    0.09681
    0.03807
    0.02208
   -0.00628
   -0.05237
   -0.03399
   -0.07599
   -0.06405
    0.08714
   -0.03897
   -0.02036
   -0.01005
    0.04960
   -0.05247
   -0.02469
   -0.09260
    0.08906
   -0.01777
   -0.10854
    0.02978
    0.06307
   -0.05620
   -0.03230
    0.00682
    0.03755
    0.02175
   -0.08927
   -0.01131
    0.03701
    0.00521
   -0.01261
   -0.10559
    0.03587
   -0.01428
   -0.07491
   -0.07668
    0.11098
   -0.03049
   -0.04966
   -0.03198
    0.06393
   -0.03054
   -0.02654
   -0.05621
    0.07628
   -0.04712
    0.02014
   -0.19509
    0.07534
   -0.01692
   -0.04952
   -0.12044
    0.11280
   -0.10785
   -0.01485
   -0.00384
    0.07369
    0.04168
   -0.06910
   -0.11403
    0.09591
   -0.00723
   -0.04026
   -0.23462
    0.15243
    0.01582
   -0.09740
   -0.06146
    0.08427
   -0.03426
   -0.16846
    0.06092
    0.07828
   -0.02472
   -0.01050
    0.00179
    0.03489
   -0.05234
   -0.00836
   -0.10096
    0.07320
   -0.04297
   -0.04720
   -0.02966
    0.09533
   -0.06783
   -0.08242
    0.00405
    0.07906
   -0.00774
   -0.01761
   -0.04988
    0.06291
    0.02400
    0.02488
   -0.29246
    0.12231
   -0.08968
   -0.05706
    0.03546
    0.12023
   -0.04958
   -0.03547
   -0.06348
    0.09414
    0.02765
    0.15943
   -0.01364
   -0.07321
    0.02689
    0.09691
   -0.32148
    0.09448
    0.04988
    0.15274
   -0.21775
    0.01520
   -0.09104
   -0.01460
   -0.10564
    0.13385
    0.01309
   -0.02037
   -0.10576
    0.08569
    0.05283
    0.06359
   -0.35552
    0.13510
   -0.06404
    0.02584
    0.02964
    0.02922
   -0.01563
   -0.03382
   -0.07600
    0.06934
   -0.00597
   -0.04612
   -0.02511
    0.04979
    0.04155
   -0.07254
   -0.20549
    0.12834
   -0.07099
   -0.02081
   -0.05614
    0.12239
   -0.04094
   -0.03034
   -0.11771
    0.10714
   -0.03277
    0.00355
   -0.04516
    0.06372
   -0.03728
   -0.02815
   -0.06825
    0.06427
   -0.01660
   -0.05287
   -0.02096
    0.06141
   -0.05456
   -0.05640
   -0.00037
    0.06315
   -0.04428
   -0.04398
   -0.00773
    0.08084
   -0.04233
    0.03788
   -0.15097
    0.05049
   -0.02437
   -0.11960
   -0.08441
    0.13858
   -0.06509
   -0.02710
    0.09803
    0.02276
   -0.00501
   -0.03387
   -0.11179
    0.08349
   -0.00906
   -0.05548
   -0.26515
    0.10824
    0.00392
   -0.03584
   -0.04802
    0.04528
   -0.04150
   -0.09928
   -0.06066
    0.09759
   -0.05113
   -0.01043
    0.00335
    0.05757
   -0.03222
   -0.02337
   -0.07227
    0.05309
   -0.04772
   -0.06584
    0.00286
    0.08311
   -0.06985
   -0.01885
    0.01716
    0.03370
   -0.03039
    0.01805
   -0.01307
    0.04260
   -0.03830
   -0.02015
   -0.17654
    0.09184
   -0.06236
   -0.02081
   -0.03777
    0.12145
   -0.03545
   -0.01923
    0.02612
    0.01699
   -0.02648
    0.00991
   -0.01600
    0.03024
   -0.02586
   -0.05330
   -0.11078
    0.08813
    0.07758
   -0.35495
   -0.00924
    0.15719
   -0.02867
   -0.11758
    0.09376
    0.03460
    0.00134
   -0.01021
   -0.05580
    0.05430
   -0.00347
    0.00438
   -0.12958
    0.03370
   -0.02149
   -0.02032
    0.02514
    0.02019
   -0.01528
   -0.04548
    0.00534
    0.02021
   -0.02944
   -0.01124
   -0.04088
    0.05592
   -0.03079
   -0.04165
   -0.11828
    0.08902
   -0.03167
   -0.02352
   -0.00630
    0.05773
   -0.05186
   -0.01026
    0.01486
    0.02483
   -0.01891
   -0.07033
   -0.05072
    0.10444
   -0.01226
   -0.03584
   -0.01214
    0.04197
   -0.02194
   -0.11587
   -0.04882
    0.14365
   -0.05548
   -0.00456
   -0.06947
    0.09787
   -0.01783
   -0.06343
    0.00555
    0.05904
   -0.07110
    0.03651
   -0.12733
    0.07814
    0.06993
   -0.23666
   -0.01104
    0.13386
   -0.06485
   -0.07392
    0.07934
    0.05286
    0.05794
   -0.15753
   -0.07152
    0.09060
    0.13212
   -0.17606
    0.11382
   -0.02071
    0.04528
   -0.22682
    0.12831
    0.08073
    0.27986
   -0.22035
    0.19272
   -0.08596
   -0.02709
   -0.04380
    0.01049
    0.04488
   -0.02656
   -0.04427
   -0.12162
    0.09072
   -0.04149
   -0.09401
   -0.02611
    0.14611
   -0.05000
   -0.04045
   -0.00741
    0.05996
   -0.02312
    0.01971
   -0.04965
    0.07465
    0.01076
   -0.02470
   -0.23048
    0.09272
   -0.02013
   -0.05586
    0.00390
    0.05363
   -0.01855
   -0.05390
   -0.00706
    0.04027
   -0.02713
   -0.02970
   -0.04256
    0.06499
   -0.05048
   -0.03769
   -0.14195
    0.12772
    0.07094
   -0.17773
   -0.03583
    0.06219
   -0.05054
   -0.09017
    0.02483
    0.06261
   -0.01969
   -0.06493
   -0.00566
    0.06753
   -0.04331
   -0.04577
   -0.13360
    0.10742
   -0.00380
   -0.03536
    0.00689
    0.01717
   -0.05547
   -0.06367
    0.01042
    0.04834
   -0.06534
   -0.02511
    0.02987
    0.06186
   -0.00788
   -0.04604
   -0.12272
    0.08138
   -0.05326
    0.01332
    0.00465
    0.04280
   -0.06309
    0.00325
   -0.03804
    0.05893
   -0.03397
    0.00030
   -0.06009
    0.06901
   -0.02948
   -0.07159
   -0.11464
    0.09281
   -0.03691
   -0.04285
   -0.00862
    0.06353
   -0.05889
   -0.00776
   -0.00258
    0.04627
   -0.03698
   -0.08098
    0.03185
    0.06682
   -0.06837
   -0.03187
   -0.05414
    0.10541
   -0.04071
   -0.17104
   -0.00259
    0.12951
   -0.08109
   -0.04449
    0.09064
    0.04435
    0.01044
   -0.06449
   -0.07475
    0.06609
   -0.01379
   -0.06537
   -0.02680
    0.05427
   -0.03162
   -0.05462
    0.01652
    0.05346
   -0.02602
   -0.06688
    0.00247
    0.04080
   -0.04897
   -0.00423
    0.01851
    0.03917
   -0.06139
   -0.02806
   -0.13521
    0.10541
   -0.02845
   -0.01558
   -0.01780
    0.05285
   -0.07686
    0.03519
    0.01177
    0.02140
   -0.01223
   -0.00675
    0.02300
    0.00822
   -0.03114
   -0.00577
   -0.10986
    0.05655
   -0.00094
    0.01594
   -0.02156
    0.00527
   -0.05257
    0.02083
    0.06767
    0.00109
   -0.04423
   -0.02564
    0.04635
    0.04911
   -0.00565
   -0.03861
   -0.03796
    0.03446
   -0.02315
   -0.05785
    0.01982
    0.03867
   -0.06360
   -0.05006
    0.13127
    0.01609
    0.00818
   -0.05212
   -0.01379
    0.02398
   -0.04643
   -0.00930
   -0.19271
    0.08525
    0.02610
   -0.02526
   -0.01504
   -0.00459
   -0.03377
   -0.03336
   -0.03654
    0.04650
   -0.03547
    0.02184
    0.03497
    0.00791
   -0.03705
    0.01244
   -0.10615
    0.05661
   -0.01936
   -0.04945
    0.04252
    0.02016
   -0.05746
    0.02707
    0.06084
    0.00151
   -0.00575
   -0.06836
   -0.01187
    0.05233
   -0.04912
   -0.02044
   -0.03225
    0.06354
   -0.00075
   -0.11175
   -0.08986
    0.11874
   -0.05230
   -0.03995
   -0.01601
    0.06156
   -0.03577
   -0.06937
    0.02471
    0.06475
   -0.04768
    0.05686
   -0.14924
    0.03762
   -0.03390
   -0.12131
   -0.08261
    0.13939
   -0.04118
   -0.07644
    0.09785
    0.03378
    0.00902
   -0.13042
   -0.05206
    0.09364
    0.01546
   -0.01506
   -0.12541
    0.02953
    0.03011
   -0.10520
   -0.08694
    0.08540
   -0.00708
   -0.11253
   -0.03291
    0.07650
   -0.02952
   -0.00938
    0.03114
    0.01814
   -0.04754
   -0.03297
   -0.18821
    0.08880
   -0.00735
   -0.08966
   -0.02822
    0.07541
   -0.02301
   -0.07650
    0.01247
    0.04755
   -0.01222
    0.00912
   -0.03877
    0.03968
   -0.04719
    0.01521
   -0.10376
    0.07503
   -0.00749
   -0.01278
   -0.02244
    0.03014
   -0.03632
   -0.02189
   -0.02006
    0.04550
   -0.03057
    0.00062
   -0.01687
    0.03497
   -0.01796
   -0.02155
   -0.17126
    0.06973
    0.12978
    0.17491
    0.01823
   -0.13882
   -0.04430
   -0.08072
    0.04737
    0.04158
   -0.00444
   -0.08933
   -0.02893
    0.06754
   -0.02500
   -0.04887
   -0.18967
    0.10146
   -0.00178
   -0.06201
    0.01889
    0.01914
   -0.05517
   -0.03824
   -0.04950
    0.06896
   -0.05711
    0.01955
    0.02186
    0.03410
   -0.04227
    0.00018
   -0.13055
    0.07746
   -0.04156
    0.01009
    0.01718
    0.02191
   -0.05560
    0.02955
   -0.03611
    0.03605
   -0.02756
    0.02764
    0.02511
    0.01019
   -0.04805
   -0.04765
   -0.01069
    0.07468
   -0.02500
   -0.03380
   -0.01155
    0.04766
   -0.08535
    0.02361
    0.03799
    0.02692
   -0.05067
   -0.02571
    0.04192
    0.05351
   -0.03911
   -0.00301
   -0.05600
    0.04468
   -0.04891
   -0.05169
   -0.02166
    0.08263
   -0.06649
   -0.07194
    0.16105
    0.01701
   -0.01266
   -0.01654
   -0.05241
    0.05377
   -0.03477
   -0.00091
   -0.19216
    0.07257
   -0.02383
   -0.04433
   -0.01966
    0.05757
   -0.05285
   -0.04820
    0.00509
    0.04513
   -0.05811
    0.03036
    0.03317
    0.03076
   -0.05868
   -0.01497
   -0.06704
    0.06328
   -0.04327
   -0.01136
    0.00951
    0.04136
   -0.04845
    0.02751
    0.07058
   -0.01428
