14 20 13 1 37 -4.3729 2.2639 4.1593 6982
 -0.08736  -0.03592  -0.03295   0.10013  -0.06967   0.00906  -0.01044   0.07682  -0.09199  -0.07728  -0.08714   0.13393  -0.07318   0.01999  -0.07521   0.10392  -0.06750  -0.01104   0.02031   0.03536 
 -0.08691  -0.00861  -0.00958   0.08005  -0.07715  -0.00393  -0.07047   0.11303  -0.06132  -0.06782  -0.19174   0.12737  -0.04132   0.00796  -0.10818   0.09775  -0.08398  -0.02550   0.04887   0.03619 
 -0.08100  -0.01817  -0.02818   0.08730  -0.10480  -0.02604  -0.03094   0.12773  -0.05418  -0.07626  -0.20534   0.12754  -0.08765   0.01059  -0.04359   0.10459  -0.11227  -0.03943   0.05588   0.05172 
 -0.10654  -0.03072  -0.00318   0.09893  -0.06178  -0.04206  -0.03825   0.10107  -0.04163  -0.06601  -0.16962   0.10878  -0.04772  -0.01673  -0.03907   0.08175  -0.11251  -0.03042   0.02538   0.06242 
 -0.08577  -0.03231  -0.01415   0.09051  -0.07337  -0.05207  -0.07967   0.12968  -0.08471  -0.03755  -0.17370   0.12854  -0.04282   0.00803  -0.09639   0.09381  -0.11164  -0.02108   0.02129   0.06034 
 -0.09428  -0.02244  -0.03819   0.10146  -0.07475  -0.00947  -0.05051   0.10550  -0.04749  -0.05841  -0.14012   0.10511  -0.03626  -0.08390  -0.10971   0.13159  -0.12260  -0.02749   0.03125   0.06322 
 -0.09219  -0.03231  -0.02502   0.09893  -0.07612   0.00135  -0.05727   0.10523  -0.04491  -0.04191  -0.20941   0.10758  -0.06763  -0.05488  -0.08792   0.13678  -0.08773  -0.02136   0.02768   0.04639 
 -0.08645  -0.02049  -0.02936   0.09233  -0.09198  -0.03062  -0.04460   0.12471  -0.03989  -0.12767  -0.14727   0.12640  -0.01793  -0.06415  -0.07880   0.09481  -0.10740  -0.05515   0.06538   0.05056 
 -0.08645  -0.05909  -0.00281   0.09624  -0.05892  -0.02558  -0.08885   0.11198  -0.05928  -0.01077  -0.21482   0.10539  -0.04210  -0.00106  -0.08678   0.09307  -0.09798   0.00321   0.04397   0.03388 
 -0.08168  -0.00334  -0.02659   0.08113  -0.07536  -0.02372  -0.04638   0.10956  -0.04886  -0.05368  -0.10124   0.09689  -0.06340  -0.02478  -0.06527   0.11159  -0.10227  -0.02564   0.03224   0.05293 
 -0.08759  -0.02597  -0.01684   0.09035  -0.07930  -0.00008  -0.06502   0.11136  -0.04517  -0.05489  -0.18580   0.10956  -0.02216  -0.03202  -0.12077   0.10396  -0.11609  -0.02737   0.05060   0.05148 
 -0.08645  -0.02244  -0.02463   0.09126  -0.04755  -0.00919  -0.06146   0.08536  -0.05479  -0.04526  -0.20705   0.11599  -0.02869  -0.06888  -0.06724   0.10104  -0.07164  -0.02001   0.03841   0.03270 
 -0.06572  -0.02518  -0.02306   0.07739  -0.09201   0.01728  -0.07752   0.11965  -0.01559  -0.06695  -0.18083   0.09005  -0.05780  -0.05417  -0.11455   0.13978  -0.11407  -0.00796   0.02069   0.05667 
 -0.08851  -0.01585  -0.04389   0.09729  -0.08701   0.00241  -0.06887   0.11813  -0.09055  -0.04969  -0.07537   0.12002  -0.01924  -0.00249  -0.08617   0.07227  -0.06873  -0.05815   0.04515   0.04244 
 -0.08304  -0.02873  -0.01454   0.08746  -0.07749   0.00474  -0.08730   0.11614  -0.03047  -0.06340  -0.17728   0.10025  -0.02918  -0.05739  -0.07505   0.10059  -0.08628  -0.03102   0.06013   0.03395 
 -0.07496  -0.02834  -0.01723   0.08284  -0.06235  -0.00800  -0.10536   0.11435  -0.06387  -0.10450  -0.18343   0.14115   0.01748  -0.06806  -0.11034   0.07596  -0.11013  -0.01341   0.02416   0.05548 
 -0.07318  -0.03271  -0.04760   0.09489  -0.07832  -0.01766  -0.07786   0.12158  -0.06204  -0.11286  -0.10965   0.13072  -0.01927  -0.05711  -0.10290   0.10408  -0.06226  -0.03006   0.03173   0.03487 
 -0.07274  -0.04160  -0.02857   0.09081  -0.06457  -0.00866  -0.11953   0.12114  -0.07677  -0.11976  -0.15874   0.15098  -0.00229  -0.02030  -0.17176   0.10063  -0.08459  -0.03437   0.05237   0.03823 
 -0.07385  -0.03673  -0.04144   0.09459  -0.03453  -0.04153  -0.15073   0.11608  -0.08299  -0.14381  -0.18677   0.16635  -0.01431  -0.05764  -0.11698   0.10578  -0.06671  -0.02791   0.04933   0.02791 
 -0.06204  -0.05151  -0.04389   0.09278  -0.05009   0.01503  -0.14969   0.10931  -0.06417  -0.15501  -0.16026   0.15392   0.00723  -0.03333  -0.17748   0.09923  -0.03974  -0.04108   0.01662   0.03373 
 -0.05117  -0.04038  -0.06838   0.08974  -0.05288   0.02108  -0.16602   0.11434  -0.07530  -0.16317  -0.18912   0.16751   0.01384  -0.02791  -0.15300   0.08073  -0.08353  -0.03237   0.06437   0.03092 
 -0.06637  -0.03552  -0.04595   0.09066  -0.08651   0.06570  -0.14535   0.11810  -0.08555  -0.17099  -0.17050   0.17330   0.03203  -0.14307  -0.13996   0.10129  -0.04214  -0.05644   0.03442   0.03257 
 -0.06247  -0.04901  -0.05428   0.09594  -0.06304   0.03377  -0.18902   0.12456  -0.10299  -0.19475  -0.14573   0.18598   0.01292  -0.09211  -0.14900   0.10619  -0.03085  -0.03763   0.02215   0.02472 
 -0.05795  -0.04694  -0.06881   0.09714  -0.08069   0.05077  -0.22221   0.14059  -0.10071  -0.12254  -0.24053   0.17738  -0.02119  -0.05624  -0.19797   0.14087  -0.05650  -0.06691   0.01860   0.05130 
 -0.07853  -0.03916  -0.09202   0.11575  -0.03611   0.04148  -0.24387   0.11220  -0.09851  -0.16736  -0.27679   0.19282   0.01885  -0.12182  -0.14185   0.10813  -0.07115  -0.06500   0.04622   0.04560 
 -0.06463  -0.05612  -0.07012   0.10544  -0.04875   0.01907  -0.19083   0.11856  -0.09880  -0.12723  -0.10644   0.15854   0.02402  -0.08575  -0.16376   0.09849  -0.04984  -0.07722   0.03328   0.04471 
 -0.05838  -0.05782  -0.05978   0.09819  -0.06972   0.07791  -0.23687   0.12424  -0.09419  -0.13987  -0.25084   0.17995   0.03803  -0.10905  -0.22090   0.11284  -0.08416  -0.12909   0.07079   0.06081 
 -0.07186  -0.06422  -0.06621   0.11171  -0.04342   0.05806  -0.26237   0.11634  -0.08200  -0.14829  -0.22326   0.17186   0.01772  -0.10262  -0.18053   0.11698  -0.08520  -0.06384   0.06073   0.04526 
 -0.06768  -0.04570  -0.06578   0.10235  -0.06434   0.03483  -0.21037   0.13085  -0.07946  -0.06511  -0.21504   0.14193  -0.01508  -0.09008  -0.08472   0.10490  -0.10628  -0.08020   0.04888   0.06630 
 -0.08554  -0.04488  -0.05218   0.10910  -0.07922   0.04140  -0.27337   0.15459  -0.08858  -0.09301  -0.27108   0.16449  -0.03782  -0.10689  -0.08290   0.12968  -0.17269  -0.06122   0.07894   0.07348 
 -0.11793  -0.04242  -0.04554   0.12553  -0.09471   0.02068  -0.34362   0.18592  -0.13819  -0.04972  -0.21189   0.17038  -0.05515  -0.12659  -0.13754   0.17008  -0.16858  -0.05610   0.02930   0.09225 
 -0.13776  -0.04119  -0.08565   0.14861  -0.10179   0.04693  -0.28977   0.17202  -0.18189  -0.03085  -0.19437   0.18300  -0.11329  -0.06387  -0.02489   0.14439  -0.17744  -0.05430   0.01124   0.10201 
 -0.16589  -0.02205  -0.06405   0.14980  -0.12355   0.06377  -0.29566   0.18134  -0.14628  -0.09841  -0.17829   0.18649  -0.11176  -0.09181  -0.09171   0.18078  -0.19526  -0.04358   0.04747   0.09005 
 -0.17391  -0.02834  -0.05051   0.15152  -0.11647   0.06852  -0.38856   0.19056  -0.19303  -0.04589  -0.10427   0.18043  -0.14003  -0.08661  -0.12419   0.20682  -0.26029  -0.03370   0.07353   0.09609 
 -0.20757  -0.01355  -0.04144   0.15885  -0.14582   0.01705  -0.41113   0.22781  -0.16241  -0.07178  -0.10481   0.17493  -0.16090  -0.05764  -0.09364   0.19865  -0.27232  -0.03777   0.05692   0.10808 
 -0.22168  -0.02715  -0.04554   0.17051  -0.13944   0.05072  -0.49506   0.22372  -0.14728  -0.08605  -0.19635   0.18546  -0.16718  -0.04797  -0.06026   0.18626  -0.26913  -0.04700   0.06181   0.10808 
 -0.22044  -0.02597  -0.04554   0.16963  -0.12860   0.03785  -0.73775   0.24126  -0.18360  -0.07308  -0.12135   0.18812  -0.14666  -0.14349  -0.08452   0.21253  -0.27283  -0.04936   0.04490   0.11682 
 -0.22168  -0.03997  -0.06968   0.18162  -0.09202   0.00433  -0.71678   0.22865  -0.17630  -0.05445  -0.12779   0.17936  -0.14304  -0.09914  -0.08082   0.19713  -0.29226  -0.04695   0.04465   0.12132 
 -0.21858  -0.03633  -0.06578   0.17816  -0.11244   0.02403  -0.77099   0.23822  -0.22065  -0.04453  -0.18718   0.20380  -0.18155  -0.10305  -0.05686   0.20929  -0.31588  -0.04349   0.05477   0.12212 
 -0.24637  -0.02953  -0.06277   0.18591  -0.11698   0.04777  -0.88274   0.23902  -0.13131  -0.09338  -0.17082   0.17611  -0.15701  -0.12972  -0.01560   0.18731  -0.27461  -0.00644   0.09582   0.08023 
 -0.21611  -0.01662  -0.02267   0.15742  -0.08384   0.03352  -0.89827   0.22429  -0.14720  -0.02589  -0.17812   0.16162  -0.14835  -0.05992  -0.09997   0.19490  -0.26340   0.00468   0.09027   0.07539 
 -0.19538   0.00444  -0.05428   0.15126  -0.08658   0.06458  -1.09482   0.22268  -0.11479  -0.16312  -0.24616   0.19715  -0.15322  -0.11455  -0.09885   0.21328  -0.24806  -0.04085   0.09235   0.08607 
 -0.18237  -0.04078  -0.07012   0.16543  -0.10237  -0.01217  -1.10780   0.25513  -0.11709  -0.07968  -0.14296   0.15955  -0.12376  -0.15857   0.01756   0.16039  -0.24969  -0.03790   0.08975   0.08682 
 -0.18666  -0.04694  -0.03940   0.15989  -0.15486  -0.02856  -0.64919   0.26725  -0.23290  -0.15074  -0.14780   0.23434  -0.15113  -0.05135  -0.11110   0.19751  -0.30466  -0.04125   0.05023   0.12048 
 -0.24538  -0.04984  -0.07406   0.19473  -0.29012  -0.19877  -1.11534   0.36548  -0.31626  -0.25655  -0.44584   0.30706  -0.19664  -0.27578  -0.19962   0.29395  -0.50253  -0.30640  -0.08373   0.24793 
 -0.38604  -0.26436  -0.20681   0.30333   0.08027  -0.09948  -0.19298   0.01664   0.04978  -0.30025   0.16429   0.01068   0.01960  -0.21330   0.23413  -0.17371  -0.21924  -0.33768   0.44204  -0.17140 
 -0.13802  -0.27470   0.37920  -0.09400  -0.94449   0.69196  -3.84404  -0.09285  -0.71775   0.50370  -1.80815  -0.06214  -0.92907   0.65081  -2.04402  -0.12996  -1.03817   0.60199  -2.22073  -0.14320 
 -0.92588   0.62985  -2.15635  -0.13365   0.41339  -3.84404  -3.84404  -3.84404   0.44227  -3.84404  -3.84404  -3.84404   0.46114  -3.84404  -3.84404  -3.84404   0.58909  -3.84404  -3.84404  -3.84404 
  0.47826  -3.84404  -3.84404  -3.84404  -3.84404  -1.99913   0.77303  -3.84404  -3.84404  -3.84404  -3.84404  -3.84404  -3.84404  -3.84404  -3.84404  -3.84404  -3.84404  -3.84404  -3.84404  -3.84404 
 -3.84404  -2.06139   0.77492  -3.84404  -3.84404  -3.84404  -3.84404  -3.84404   0.04436  -0.30229   0.45876  -0.22256  -0.17023  -0.20884   0.43744  -0.40014  -3.84404  -3.84404  -3.84404  -3.84404 
 -0.15266  -0.21238   0.51500  -0.46273  -0.21746  -0.10480   0.01403   0.20162  -0.13504  -0.04120  -0.11855   0.15170  -0.12049  -0.02921  -0.09819   0.16747  -0.35909  -0.05450   0.25161   0.02449 
 -0.14397  -0.05318   0.01583   0.12116  -0.00207  -0.02508   0.00687   0.01042   0.00444  -0.10551   0.05267   0.03271  -0.00290   0.02107   0.08039  -0.07716  -0.05984  -0.08993   0.17534  -0.02899 
 -0.03872  -0.05234   0.11827  -0.00670  -0.07592   0.06920   0.05953   0.01719  -0.03106   0.02975   0.09581  -0.02000  -0.02652   0.00391   0.15942  -0.12124  -0.15464   0.06501   0.27646  -0.15105 
 -0.07585   0.04706   0.18128  -0.07512  -0.06614   0.03028   0.07383   0.01820  -0.04696  -0.00803   0.12851   0.00618   0.00318   0.04381   0.04903  -0.07253  -0.18126   0.04537   0.18293  -0.03133 
 -0.06053   0.03354   0.11144  -0.02594  -0.12976   0.04406   0.15785   0.01480  -0.01732  -0.09908   0.06710   0.04637  -0.01451   0.02072   0.10673  -0.08793  -0.12395   0.05717   0.20727  -0.08992 
 -0.07652   0.01959   0.15509  -0.03538  -0.08122   0.02518   0.20304  -0.06732   0.03721  -0.04218   0.12653  -0.06893   0.01147   0.04401   0.13605  -0.18764  -0.14978   0.06761   0.29510  -0.18135 
 -0.04573   0.03388   0.21534  -0.13365  -0.03963  -0.00853   0.14659  -0.04745  -0.02565   0.02657   0.15339  -0.04972   0.02684   0.11114   0.06333  -0.19060  -0.14702   0.02747   0.19589  -0.04925 
 -0.02582   0.04439   0.13977  -0.09053  -0.10358   0.04038   0.16783  -0.01715   0.04201  -0.09100   0.07556  -0.02485  -0.01540   0.06771   0.09595  -0.11260  -0.18053   0.02611   0.25392  -0.08431 
 -0.05603   0.01852   0.16788  -0.06500  -0.09616   0.06558   0.23342  -0.10912  -0.01029  -0.06719   0.15704  -0.01082  -0.04190   0.07922   0.17241  -0.18404  -0.15855   0.05325   0.30862  -0.18323 
 -0.07341   0.04271   0.23823  -0.13390  -0.05796  -0.01112   0.13848  -0.01669  -0.03146   0.00302   0.10593  -0.00650   0.04551   0.06781   0.08041  -0.20264  -0.23745   0.08175   0.21273  -0.05122 
 -0.03770   0.04237   0.14165  -0.07736  -0.08459   0.02256   0.17162  -0.03147  -0.01348  -0.04221   0.10627   0.00093  -0.02788   0.06859   0.11403  -0.11570  -0.16866   0.01911   0.25734  -0.09028 
 -0.06616   0.02135   0.17883  -0.06609  -0.09298   0.02344   0.24281  -0.09627   0.00076  -0.01934   0.15421  -0.05005   0.01190   0.02027   0.12628  -0.15288  -0.21180   0.07373   0.30381  -0.15790 
 -0.06268   0.03216   0.22716  -0.12557  -0.05070   0.04755   0.16267  -0.08029  -0.06733  -0.03200   0.13622   0.03461   0.02354   0.10143   0.03565  -0.14215  -0.19884   0.10152   0.18692  -0.05955 
 -0.04677   0.06434   0.13272  -0.07512  -0.09321   0.04995   0.16065  -0.02754  -0.00040  -0.07351   0.10162   0.00528  -0.01813   0.03268   0.09868  -0.08310  -0.17865   0.00946   0.25714  -0.07915 
 -0.06485   0.01135   0.16964  -0.05342  -0.08941   0.04972   0.22721  -0.09939  -0.00011  -0.03395   0.16893  -0.04723   0.00417   0.03784   0.13821  -0.17130  -0.14074   0.04605   0.28994  -0.16411 
 -0.05434   0.03182   0.22362  -0.13111  -0.08231   0.05623   0.14540  -0.03044  -0.05708   0.05059   0.10401  -0.01122   0.00988   0.08461   0.08149  -0.15265  -0.20105   0.07287   0.19335  -0.04592 
 -0.05945   0.06880   0.13869  -0.06981  -0.08254   0.04298   0.18347  -0.05668  -0.01471  -0.03487   0.08487   0.00647  -0.01513   0.02365   0.11903  -0.10312  -0.13587  -0.00851   0.22032  -0.05761 
 -0.05710   0.01027   0.16636  -0.05767  -0.09716   0.03929   0.25610  -0.11818   0.00595  -0.02323   0.17700  -0.06588  -0.00348   0.01548   0.12289  -0.11905  -0.17077   0.05248   0.30595  -0.17040 
 -0.06268   0.02731   0.23522  -0.13136  -0.06088   0.05286   0.16706  -0.07427  -0.03031   0.05048   0.10065  -0.03743   0.03203   0.10473   0.02860  -0.15341  -0.22488   0.10957   0.16319  -0.03414 
 -0.04221   0.08403   0.12109  -0.08480  -0.11692  -0.00050   0.21960  -0.02916  -0.00786  -0.07654   0.11463   0.00951   0.00808   0.01922   0.09820  -0.11125  -0.13032  -0.00922   0.25587  -0.09515 
 -0.05731  -0.01202   0.18614  -0.06176  -0.09009   0.06178   0.21506  -0.09263   0.03608   0.02673   0.14525  -0.12835  -0.01958   0.06971   0.12443  -0.14231  -0.19463   0.04668   0.32485  -0.17796 
 -0.06247   0.05366   0.22891  -0.14422  -0.04219   0.02118   0.13794  -0.05286  -0.02766   0.01476   0.13129  -0.02884   0.03659   0.07932   0.06224  -0.17356  -0.19741   0.08964   0.19106  -0.05604 
 -0.02901   0.05660   0.13080  -0.08777  -0.11030   0.07717   0.18753  -0.04975   0.02557  -0.08310   0.05792  -0.00238  -0.00323   0.04809   0.09733  -0.11594  -0.16470   0.06711   0.21516  -0.07987 
 -0.05646   0.03764   0.15845  -0.06850  -0.06071   0.05189   0.22338  -0.13690   0.01826   0.01306   0.14499  -0.09073   0.00517   0.07584   0.10536  -0.16533  -0.14543   0.05008   0.27799  -0.14823 
 -0.03933   0.05169   0.20482  -0.14343  -0.05197   0.00647   0.15662  -0.04848   0.00870  -0.04058   0.07361  -0.01142   0.00551   0.05226   0.07869  -0.11245  -0.17338   0.09249   0.17812  -0.05914 
 -0.03182   0.03354   0.13135  -0.06960  -0.10218   0.06351   0.16247  -0.02725   0.00013  -0.07199   0.09442   0.00673   0.00493   0.07056   0.06736  -0.11524  -0.16132   0.04667   0.22227  -0.07577 
 -0.06031   0.03559   0.15275  -0.05853  -0.07435   0.03161   0.24284  -0.12726   0.03364   0.01674   0.14703  -0.11721   0.02392   0.07631   0.08618  -0.17567  -0.17987   0.08776   0.30156  -0.18628 
 -0.04221   0.05952   0.21670  -0.15989  -0.04433   0.07985   0.14658  -0.09560  -0.01367  -0.01379   0.12076  -0.02128   0.02794   0.12528   0.04712  -0.18952  -0.16760   0.08794   0.18499  -0.06491 
 -0.02404   0.07726   0.12500  -0.10388  -0.09953   0.02206   0.20947  -0.05027   0.00745  -0.06795   0.16828  -0.03598  -0.01622   0.06122   0.09652  -0.10641  -0.16854   0.05414   0.20685  -0.06234 
 -0.05881   0.02312   0.17239  -0.06894  -0.07322   0.01037   0.23841  -0.10908   0.04699  -0.00308   0.15951  -0.12956  -0.01246   0.04736   0.14268  -0.15753  -0.15098   0.06157   0.30665  -0.19239 
 -0.04283   0.03457   0.23110  -0.15639  -0.05692   0.06726   0.11737  -0.04422  -0.05121   0.03857   0.11659  -0.01397   0.02618   0.07714   0.06756  -0.15793  -0.19820   0.11617   0.19013  -0.07251 
 -0.04036   0.07726   0.12500  -0.08503  -0.09762   0.01985   0.18556  -0.02808  -0.00194  -0.06077   0.11688  -0.00575   0.00017   0.02646   0.10422  -0.11139  -0.14465   0.06549   0.20703  -0.08261 
 -0.05455   0.02065   0.16076  -0.06176  -0.08210   0.06911   0.18272  -0.07313   0.00049  -0.03936   0.19781  -0.06015  -0.01517   0.07870   0.13133  -0.16765  -0.17664   0.06622   0.30713  -0.17881 
 -0.06268   0.05202   0.21737  -0.12934  -0.05386   0.03398   0.14922  -0.05508  -0.00341  -0.02152   0.08381  -0.01276   0.00854   0.11330   0.04845  -0.14203  -0.17120   0.11315   0.17433  -0.07092 
 -0.03566   0.06943   0.12081  -0.08118  -0.08406   0.04646   0.17365  -0.04760   0.02530  -0.07297   0.09654  -0.02213  -0.01622   0.07118   0.08717  -0.10470  -0.15975   0.03859   0.24386  -0.09294 
 -0.05096   0.02766   0.16459  -0.07313  -0.07976   0.05796   0.22314  -0.11329   0.02003  -0.01118   0.14072  -0.07329   0.01705   0.05246   0.12180  -0.18615  -0.16276   0.06466   0.28007  -0.15005 
 -0.04407   0.04672   0.20943  -0.13877  -0.03253   0.01398   0.11200  -0.03995  -0.01783   0.03568   0.05392  -0.02191  -0.01320   0.09880   0.05840  -0.10370  -0.17503   0.11131   0.19473  -0.08522 
 -0.03749   0.06943   0.11544  -0.07490  -0.09388   0.02899   0.18508  -0.03682  -0.00460  -0.03721   0.06379   0.00490  -0.03691   0.09065   0.10608  -0.11324  -0.12040   0.04629   0.23118  -0.10874 
 -0.06053   0.03696   0.16510  -0.06960  -0.09374   0.04540   0.20969  -0.07134   0.00611  -0.02946   0.19002  -0.06922  -0.01040   0.01967   0.12794  -0.11779  -0.16255   0.06657   0.29158  -0.16677 
 -0.05967   0.03319   0.21557  -0.11691  -0.06455   0.06028   0.15522  -0.06302  -0.03619   0.04768   0.11037  -0.03320  -0.00722   0.09157   0.06698  -0.11493  -0.18947   0.08137   0.17557  -0.04224 
 -0.05561   0.07383   0.13327  -0.07290  -0.09590   0.00427   0.20319  -0.03834  -0.02247  -0.03312   0.09213   0.01067  -0.05029   0.05440   0.13256  -0.09414  -0.18611   0.07843   0.19799  -0.06042 
 -0.08078   0.03422   0.16838  -0.05089  -0.10206   0.04931   0.25891  -0.12240  -0.00919   0.01647   0.17991  -0.07617   0.00398   0.02074   0.13397  -0.14979  -0.20158   0.08212   0.29450  -0.15792 
 -0.07076   0.04971   0.23284  -0.13594  -0.04137   0.02375   0.17861  -0.09440  -0.02857   0.04027   0.04810  -0.01147  -0.00122   0.09154   0.06395  -0.12107  -0.16604   0.08861   0.18646  -0.06740 
 -0.03851   0.06658   0.13409  -0.08685  -0.07676   0.04297   0.17892  -0.05931   0.03144  -0.05727   0.03124  -0.01334  -0.01377   0.05503   0.06228  -0.06975  -0.17614   0.03832   0.21957  -0.06055 
 -0.04823   0.02592   0.14538  -0.05874  -0.04909   0.00266   0.22635  -0.12427   0.01529  -0.03509   0.18166  -0.07278   0.01007   0.04374   0.13717  -0.18636  -0.13315   0.06321   0.28012  -0.16933 
 -0.03444   0.02592   0.21939  -0.14657  -0.05745   0.02856   0.13531  -0.03546   0.00775  -0.01842   0.03949  -0.01065   0.00332   0.08443   0.03936  -0.09678  -0.16425   0.11911   0.16088  -0.06777 
 -0.03323   0.05952   0.10711  -0.06631  -0.11828   0.01676   0.18002  -0.00023   0.00354  -0.02219   0.02679   0.00054   0.01321   0.01675   0.08214  -0.09980  -0.16584   0.04565   0.20205  -0.05465 
 -0.06355   0.01959   0.14591  -0.04028  -0.09558   0.00783   0.22591  -0.06412   0.00641  -0.00132   0.12906  -0.05667  -0.00572   0.03446   0.11689  -0.12362  -0.15048   0.08816   0.27262  -0.16696 
 -0.06160   0.04136   0.20851  -0.11301  -0.05620   0.03428   0.14265  -0.04648  -0.00203   0.02070   0.09964  -0.04808   0.01098   0.09420   0.04408  -0.12245  -0.12665   0.10564   0.13714  -0.06111 
