9 20 3 1 47 -2.5472 2.2224 3.9865 6967
 -0.06370   0.09702   0.10718  -0.06104  -0.12791   0.09392   0.16901  -0.02470  -0.04291   0.00429   0.00172   0.03925  -0.04787   0.10810   0.04425  -0.05204  -0.25333   0.10112   0.18859  -0.03649 
 -0.10824   0.08405   0.12230  -0.02282  -0.10110   0.03854   0.23320  -0.08418  -0.03176  -0.00071   0.17043  -0.03284  -0.03398   0.08887   0.12602  -0.14022  -0.17843   0.10580   0.27550  -0.16660 
 -0.08643   0.07068   0.21333  -0.11280  -0.09919   0.09691   0.08646   0.00786  -0.05352  -0.00609   0.12440   0.01292  -0.00339   0.12139   0.03289  -0.11484  -0.21221   0.14696   0.12903  -0.03985 
 -0.07269   0.10058   0.08848  -0.04161  -0.10554   0.06906   0.14629  -0.01342  -0.04105   0.01516   0.03096   0.02249  -0.04058   0.07937   0.05369  -0.04607  -0.23673   0.12901   0.19305  -0.06577 
 -0.09943   0.08436   0.12286  -0.03081  -0.11865   0.07304   0.20649  -0.05667   0.00465  -0.01500   0.11299  -0.03812  -0.03542   0.09647   0.10947  -0.12490  -0.20041   0.13034   0.22966  -0.11977 
 -0.08529   0.08497   0.17755  -0.08913  -0.04580   0.05197   0.09848  -0.03400  -0.02904   0.02217   0.09153  -0.01536   0.00785   0.09622   0.03022  -0.10564  -0.23742   0.18264   0.07984  -0.02263 
 -0.05489   0.10175   0.07116  -0.04785  -0.14820   0.11200   0.17480  -0.02145  -0.03510   0.04148   0.03501  -0.00105  -0.03695   0.11889   0.04909  -0.07974  -0.21554   0.10898   0.15739  -0.03354 
 -0.10609   0.10116   0.11808  -0.03303  -0.08629   0.03638   0.23931  -0.10928  -0.00303   0.01173   0.11391  -0.04699  -0.04493   0.09856   0.13956  -0.15109  -0.16823   0.14685   0.23835  -0.16323 
 -0.07336   0.08923   0.19521  -0.12264  -0.07790   0.07362   0.11579  -0.02198  -0.03785   0.01501   0.09666  -0.00379   0.03354   0.12585  -0.00984  -0.14007  -0.20084   0.17908   0.11858  -0.06155 
 -0.04813   0.10875   0.07680  -0.06364  -0.10313   0.03925   0.16037  -0.01072  -0.04299  -0.01783   0.02278   0.04506  -0.02890   0.15843   0.03779  -0.11970  -0.23742   0.12007   0.15019  -0.02605 
 -0.09265   0.08221   0.10572  -0.02322  -0.06625   0.05653   0.18824  -0.09112   0.00680   0.03495   0.12187  -0.08017  -0.02986   0.09006   0.10548  -0.12230  -0.19940   0.11324   0.28725  -0.17533 
 -0.06894   0.08405   0.19663  -0.12489  -0.07821   0.13835   0.11137  -0.06199  -0.04191   0.01579   0.11555  -0.00785   0.01131   0.10143   0.03787  -0.12363  -0.24213   0.20161   0.09953  -0.04757 
 -0.06153   0.12466   0.08574  -0.06844  -0.09527   0.09893   0.14166  -0.03927  -0.05801   0.00915  -0.00109   0.05049  -0.03592   0.10575   0.08487  -0.10502  -0.18570   0.14426   0.12983  -0.05094 
 -0.08597   0.09910   0.09808  -0.03506  -0.11096   0.08623   0.23052  -0.10162   0.00231   0.04811   0.15339  -0.10151  -0.01240   0.14996   0.10040  -0.21222  -0.18635   0.13714   0.24927  -0.15588 
 -0.07447   0.11421   0.19331  -0.14094  -0.07473   0.08872   0.11080  -0.03108  -0.06651   0.04343   0.07399   0.01385  -0.00442   0.15664   0.04656  -0.16642  -0.25773   0.18783   0.12742  -0.04924 
 -0.07092   0.12799   0.08727  -0.06277  -0.10951   0.06729   0.17007  -0.02831  -0.04916   0.02316  -0.00982   0.03738  -0.03173   0.12115   0.08335  -0.12449  -0.23249   0.13949   0.16749  -0.05406 
 -0.09591   0.09702   0.11836  -0.03914  -0.08747   0.04113   0.21498  -0.08218  -0.03038   0.04886   0.13299  -0.05078  -0.04612   0.12587   0.10409  -0.13225  -0.21762   0.15790   0.23670  -0.14135 
 -0.08941   0.10730   0.18197  -0.10676  -0.04896   0.07655   0.09826  -0.04491  -0.06610   0.01407   0.07858   0.02979  -0.00651   0.18271   0.02002  -0.16617  -0.17297   0.13793   0.14803  -0.06642 
 -0.05681   0.11421   0.08544  -0.06494  -0.10844   0.09657   0.15595  -0.03543  -0.02353  -0.01290   0.09649  -0.00133  -0.04336   0.13255   0.08140  -0.11706  -0.16752   0.12793   0.14980  -0.06350 
 -0.08030   0.09434   0.12146  -0.05376  -0.10087   0.08055   0.19340  -0.06872  -0.00954   0.03261   0.13357  -0.06337  -0.03139   0.11765   0.11627  -0.16151  -0.23437   0.13939   0.27544  -0.16204 
 -0.08460   0.10234   0.19260  -0.11843  -0.05178   0.06231   0.08128  -0.02016  -0.04281   0.01763   0.11705  -0.00875   0.03361   0.10994   0.01517  -0.14784  -0.19744   0.16917   0.13861  -0.07024 
 -0.04148   0.10028   0.08145  -0.06756  -0.10704   0.06928   0.16476  -0.02748  -0.05257   0.02942  -0.03089   0.04245  -0.04924   0.12696   0.07903  -0.10072  -0.25133   0.11348   0.17309  -0.03302 
 -0.10298   0.08983   0.11949  -0.02900  -0.10714   0.09673   0.20302  -0.08269   0.01885   0.01731   0.09138  -0.06829  -0.02767   0.11574   0.09512  -0.13876  -0.21736   0.13615   0.25560  -0.14418 
 -0.07917   0.10322   0.18075  -0.11305  -0.07624   0.09963   0.11138  -0.03685  -0.08115   0.06961   0.08266   0.00622  -0.01545   0.13603   0.03046  -0.10884  -0.22925   0.17511   0.13420  -0.05652 
 -0.07894   0.12827   0.08818  -0.05589  -0.12648   0.04001   0.16551   0.00778  -0.06250   0.03830   0.04345   0.02397  -0.04221   0.15350   0.06062  -0.11841  -0.21833   0.16639   0.14580  -0.06350 
 -0.10609   0.11164   0.11036  -0.03485  -0.10404   0.06997   0.21919  -0.08537  -0.00216  -0.01623   0.17897  -0.06141  -0.00400   0.09943   0.11761  -0.19052  -0.20513   0.12225   0.27999  -0.16989 
 -0.07403   0.08159   0.20714  -0.12840  -0.07041   0.08450   0.10933  -0.03232  -0.05854   0.04811   0.07549   0.00293   0.01650   0.12550   0.03697  -0.15658  -0.19661   0.22192   0.09866  -0.08580 
 -0.05425   0.13075   0.07960  -0.07642  -0.10185   0.08807   0.11059  -0.00104  -0.07573   0.00305   0.04574   0.05468  -0.01656   0.12604   0.07573  -0.14447  -0.26427   0.17166   0.14577  -0.04747 
 -0.09943   0.10759   0.09600  -0.02779  -0.10677   0.10355   0.19681  -0.08149  -0.03831   0.04356   0.13278  -0.03798  -0.03110   0.12870   0.07461  -0.12346  -0.19604   0.15224   0.24200  -0.15491 
 -0.09149   0.11848   0.17258  -0.10485  -0.05702   0.09816   0.09374  -0.04539  -0.08769   0.05436   0.14966  -0.00473  -0.02223   0.17033   0.02237  -0.12782  -0.25211   0.19400   0.10285  -0.03958 
 -0.08120   0.14027   0.08021  -0.05760  -0.10367   0.07363   0.11341   0.00709  -0.04709  -0.00240   0.02175   0.04078  -0.03040   0.13506   0.01247  -0.07070  -0.23195   0.16307   0.10721  -0.02792 
 -0.09381   0.10439   0.06608  -0.01131  -0.11869   0.07694   0.20087  -0.05345  -0.02814   0.06091   0.15009  -0.07136  -0.03788   0.13254   0.09950  -0.14624  -0.19460   0.13089   0.24757  -0.14342 
 -0.09685   0.10991   0.18489  -0.10413  -0.07701   0.08131   0.09015  -0.00870  -0.05853   0.05540   0.09417  -0.00920   0.00260   0.13724   0.01123  -0.11962  -0.20724   0.17632   0.13306  -0.06688 
 -0.06653   0.12326   0.07805  -0.05695  -0.10228   0.08451   0.10183   0.00768  -0.06733   0.08653  -0.03311   0.01947  -0.00947   0.11488   0.05330  -0.11952  -0.16445   0.13457   0.14097  -0.06307 
 -0.08210   0.11307   0.07929  -0.03567  -0.11867   0.08494   0.18214  -0.04048  -0.00761   0.01663   0.10200  -0.03968  -0.00614   0.09609   0.09754  -0.15635  -0.16908   0.14949   0.23906  -0.16597 
 -0.07447   0.09969   0.16730  -0.10223  -0.06391   0.08621   0.10874  -0.04073  -0.05198   0.08177   0.08851  -0.03293   0.01810   0.14077   0.02765  -0.16674  -0.20915   0.20262   0.09608  -0.06092 
 -0.05702   0.13784   0.07649  -0.07709  -0.13083   0.10148   0.12873   0.00596  -0.07296   0.04726   0.03147   0.03131  -0.02571   0.15219   0.01168  -0.09307  -0.22396   0.16185   0.14204  -0.05464 
 -0.10417   0.12298   0.08391  -0.02660  -0.10674   0.05954   0.18615  -0.04134  -0.01350   0.02555   0.12349  -0.04866  -0.02932   0.16539   0.07913  -0.17351  -0.19239   0.18294   0.23256  -0.17581 
 -0.08347   0.12466   0.16425  -0.11062  -0.04046   0.08372   0.04021  -0.01892  -0.05978   0.02387   0.06585   0.02286  -0.00862   0.15252   0.02713  -0.13373  -0.24966   0.19802   0.15001  -0.07806 
 -0.06370   0.12633   0.06863  -0.05567  -0.11161   0.12867   0.11314  -0.01863  -0.05008   0.00748   0.02827   0.03599  -0.03641   0.13840   0.04738  -0.09747  -0.18941   0.15091   0.11076  -0.04064 
 -0.09196   0.11564   0.07742  -0.02759  -0.06485   0.09479   0.11687  -0.05181  -0.03767   0.06214   0.06085  -0.02205  -0.03926   0.15388   0.09692  -0.16544  -0.16905   0.14059   0.21857  -0.13484 
 -0.07514   0.12158   0.13692  -0.09214  -0.07338   0.08435   0.03556   0.02055  -0.07851   0.06473   0.05014   0.01874  -0.01975   0.16338  -0.02376  -0.08293  -0.17126   0.15513   0.09834  -0.04423 
 -0.07358   0.12494   0.03600  -0.02500  -0.11502   0.10620   0.09214   0.01402  -0.04955   0.02095  -0.03190   0.04497  -0.05010   0.17102  -0.00951  -0.06210  -0.17974   0.14864   0.09959  -0.03632 
 -0.09896   0.11989   0.04915  -0.00748  -0.08368   0.11070   0.10010  -0.02694  -0.05590   0.01933   0.13060  -0.00273  -0.03425   0.12474   0.08764  -0.12932  -0.10225   0.11881   0.19512  -0.13695 
 -0.07314   0.10263   0.13091  -0.07419  -0.04629   0.07210  -0.03932   0.03792  -0.04852   0.02154   0.03413   0.02460   0.05797   0.11204  -0.06287  -0.12394  -0.15455   0.11427   0.02988   0.01287 
 -0.03574   0.08771  -0.01707  -0.00633  -0.05822   0.11171   0.04676  -0.01955  -0.03088   0.06475  -0.08022   0.01300   0.06975   0.15181  -0.03875  -0.21642  -0.14160   0.14663   0.12143  -0.06981 
 -0.04646   0.12438   0.03975  -0.05270  -0.00667   0.27851   0.03406  -0.26733   0.11479   0.14010  -0.00081  -0.35195   0.08715   0.30316  -0.03287  -0.70197  -0.09116   0.35052   0.13416  -0.40507 
  0.03180   0.28144   0.04246  -0.38528   0.23143  -0.22744  -0.29441  -0.24511   0.31146  -0.44450  -0.38504  -0.36209   0.30884  -0.18479  -0.39088  -0.43460   0.04461   0.02701   0.05237  -0.07671 
  0.28563  -0.22747  -0.28206  -0.28740  -0.66272  -0.89225   0.69647  -0.69682  -0.27064  -0.59821   0.64532  -0.05410  -0.31125  -0.62596   0.53666  -0.45116  -0.89637  -0.69537   0.65205  -0.52949 
 -0.55100  -0.80246   0.66969  -0.53694  -1.91791  -3.84311   0.77164  -3.84311  -1.34407  -3.84311   0.97449  -3.84311  -2.55418  -3.84311   0.69731  -3.84311  -1.75759  -3.84311   0.73722  -3.84311 
 -2.20848  -3.84311   0.77467  -3.84311  -3.84311  -3.84311  -3.84311   0.52193  -3.84311  -3.84311  -3.84311  -3.84311  -3.84311  -1.17585  -3.84311   0.53679  -3.84311  -3.84311  -3.84311  -3.84311 
 -3.84311  -1.18024  -3.84311   0.47372  -3.84311  -3.84311  -3.84311  -3.84311   0.40088  -3.84311  -0.30269  -0.93253  -3.84311  -3.84311  -3.84311  -3.84311   0.42177  -0.57341  -0.14764  -0.42953 
  0.31256  -0.56094  -0.11416  -0.36830   0.13000  -0.02045  -0.42641  -0.03412   0.12612  -0.29029  -0.37861   0.04540   0.31877  -0.25519  -0.43587  -0.40291   0.08160  -0.02045  -0.10456  -0.00706 
  0.18997  -0.09493  -0.34970  -0.08137  -0.40801  -0.26271   0.53615  -0.19639  -0.15012  -0.27496   0.46534  -0.00075  -0.21113  -0.22266   0.36565  -0.11153  -0.27228  -0.24614   0.45956  -0.20930 
 -0.30172  -0.27099   0.49037  -0.16798  -0.10051   0.02611  -0.12787   0.13934  -0.14742   0.02164  -0.20207   0.14516  -0.29045  -0.02994  -0.40977   0.31215  -0.15397  -0.04914  -0.01163   0.10045 
 -0.20664  -0.01995  -0.19410   0.19959  -0.06429   0.08026  -0.19120   0.10663  -0.06879  -0.05775  -0.26659   0.13880  -0.05420   0.05485  -0.34298   0.15969  -0.00459  -0.03729  -0.11727   0.06299 
 -0.06697   0.00242  -0.16596   0.11409  -0.10113   0.11375  -0.21015   0.12620  -0.10138   0.00782  -0.25580   0.13141   0.00376   0.07062  -0.32857   0.09959  -0.16431   0.12713  -0.15840   0.07951 
 -0.12119   0.10087  -0.20409   0.11424  -0.09131   0.12274  -0.27944   0.13091  -0.14071   0.01487  -0.30594   0.15727  -0.05578   0.13311  -0.25171   0.09497  -0.15395   0.19533  -0.21571   0.05205 
 -0.13452   0.14509  -0.25650   0.11105  -0.09659   0.06330  -0.13632   0.12428  -0.13290  -0.02935  -0.28159   0.16834  -0.02544   0.15837  -0.20463   0.03179  -0.18221   0.17635  -0.15422   0.05821 
 -0.14044   0.11678  -0.18603   0.11279  -0.09400   0.05685  -0.16274   0.13274  -0.14768  -0.08021  -0.25329   0.19066  -0.00025   0.07654  -0.28048   0.08678  -0.18395   0.13698  -0.09855   0.06398 
 -0.13863   0.07881  -0.16488   0.12464  -0.06524   0.05032  -0.19228   0.12065  -0.06464  -0.06497  -0.18700   0.12787  -0.07029   0.09912  -0.24096   0.12340  -0.13953   0.07655  -0.10545   0.07852 
 -0.10800   0.05459  -0.15894   0.11640  -0.09586   0.10306  -0.10279   0.09455  -0.14713  -0.03717  -0.21108   0.17037  -0.04076   0.08265  -0.23756   0.10738  -0.15213   0.14057  -0.12991   0.05940 
 -0.13325   0.09939  -0.14940   0.10770  -0.10454   0.13221  -0.16108   0.10607  -0.15415   0.04384  -0.35275   0.15628  -0.03524   0.09896  -0.18682   0.07541  -0.16368   0.18247  -0.20017   0.05991 
 -0.14018   0.14242  -0.21311   0.10579  -0.11386   0.15817  -0.15855   0.09883  -0.16349   0.06737  -0.25519   0.13904  -0.03519   0.16518  -0.26440   0.05842  -0.18825   0.17995  -0.16873   0.06248 
 -0.15493   0.15871  -0.20231   0.10225  -0.12239   0.13671  -0.17360   0.12106  -0.18851   0.08934  -0.30508   0.14653  -0.06347   0.04418  -0.13390   0.10952  -0.13249   0.13526  -0.15114   0.06037 
 -0.14961   0.12827  -0.18947   0.11279  -0.12864   0.09775  -0.15135   0.13744  -0.18069   0.08493  -0.35082   0.14968  -0.05127   0.06832  -0.23566   0.12310  -0.12920   0.10823  -0.12737   0.06592 
 -0.14697   0.10846  -0.18433   0.12011  -0.13036   0.16371  -0.14955   0.10562  -0.14158   0.01710  -0.24012   0.14906  -0.03989  -0.00033  -0.18099   0.12838  -0.14724   0.13447  -0.12730   0.05989 
 -0.14356   0.11278  -0.16271   0.11047  -0.11398   0.06928  -0.14640   0.13776  -0.15262   0.01416  -0.27960   0.16104  -0.08941   0.07289  -0.24313   0.15148  -0.13144   0.09876  -0.16985   0.08344 
 -0.14122   0.08129  -0.19643   0.13273  -0.10334   0.06847  -0.09375   0.11338  -0.12339  -0.00566  -0.24810   0.14961  -0.09593   0.10662  -0.26470   0.14488  -0.14838   0.08439  -0.09522   0.07527 
 -0.14122   0.07445  -0.13750   0.12068  -0.11632   0.06231  -0.10735   0.13033  -0.14952  -0.00352  -0.30907   0.16996  -0.06220   0.06387  -0.18682   0.11823  -0.12294   0.10034  -0.08792   0.05447 
 -0.13504   0.07601  -0.13445   0.11568  -0.09774   0.00691  -0.09994   0.13551  -0.10803  -0.01948  -0.31679   0.15422  -0.04043   0.05816  -0.16332   0.09439  -0.16344   0.08619  -0.08387   0.07668 
 -0.12944   0.05394  -0.12841   0.12068  -0.11597   0.05053  -0.12111   0.13916  -0.16468   0.01699  -0.20032   0.15619  -0.08513   0.01892  -0.18433   0.15530  -0.13033   0.05902  -0.07291   0.07199 
 -0.14330   0.05229  -0.11755   0.12591  -0.11424   0.07813  -0.20713   0.15058  -0.09667  -0.03666  -0.18396   0.13747  -0.05253   0.05438  -0.16573   0.10765  -0.16164   0.06084  -0.03851   0.07173 
 -0.13504   0.05328  -0.11223   0.11940  -0.11295   0.03222  -0.12962   0.14658  -0.09766  -0.03232  -0.19967   0.13864  -0.06914  -0.00015  -0.19296   0.15464  -0.13279   0.06944  -0.05181   0.06092 
 -0.12667   0.04128  -0.10935   0.11897  -0.08188   0.02385  -0.14417   0.13087  -0.08112  -0.03285  -0.17295   0.12409  -0.09377   0.03306  -0.13646   0.13866  -0.16108   0.08289  -0.06844   0.07213 
 -0.12617   0.04965  -0.11031   0.11539  -0.08554   0.04101  -0.16596   0.13345  -0.10441  -0.05040  -0.23792   0.15496  -0.04724  -0.02894  -0.11014   0.11982  -0.14174   0.04838  -0.09033   0.08685 
 -0.11847   0.02580  -0.12991   0.12661  -0.09009   0.04572  -0.11651   0.12019  -0.10827  -0.02102  -0.20861   0.14184  -0.11459   0.06932  -0.09673   0.12001  -0.11660   0.03346  -0.09384   0.08380 
 -0.12367   0.03755  -0.11271   0.11983  -0.10006   0.00923  -0.09812   0.13582  -0.08998  -0.06312  -0.11915   0.13311  -0.02816   0.02013  -0.18139   0.10937  -0.12577   0.01341  -0.07669   0.08998 
 -0.11235   0.00610  -0.10365   0.12323  -0.08229   0.02245  -0.09663   0.11655  -0.11951  -0.06643  -0.22867   0.16830  -0.11343   0.07523  -0.17258   0.14489  -0.13963   0.03236  -0.06364   0.08387 
 -0.13045   0.02475  -0.10270   0.12591  -0.07497  -0.03958  -0.08580   0.12906  -0.09617  -0.04641  -0.11067   0.12906  -0.08194   0.04467  -0.15974   0.13322  -0.10883   0.04081  -0.04444   0.06047 
 -0.10969   0.01624  -0.07888   0.10989  -0.10440   0.00193  -0.08164   0.13616  -0.09009  -0.05579  -0.11989   0.13048  -0.05902   0.02085  -0.09766   0.10210  -0.14405   0.05167  -0.04940   0.07267 
 -0.12243   0.02299  -0.07268   0.11265  -0.09325   0.04351  -0.13613   0.12970  -0.08481  -0.01821  -0.15951   0.11814  -0.08332   0.04188  -0.10665   0.11510  -0.15879   0.02997  -0.04418   0.08560 
 -0.12717   0.03241  -0.08834   0.11654  -0.09171   0.02435  -0.13138   0.13445  -0.08950  -0.06391  -0.10129   0.12991  -0.05851   0.00399  -0.09663   0.10910  -0.11807   0.01590  -0.02747   0.06857 
 -0.11138   0.00830  -0.07181   0.11178  -0.12139   0.01988  -0.07822   0.14078  -0.04701  -0.03980  -0.25533   0.11477  -0.06463  -0.01528  -0.14864   0.14261  -0.14124   0.03470  -0.04950   0.07870 
 -0.11896   0.01696  -0.09017   0.11869  -0.08881   0.00787  -0.06043   0.11442  -0.10318  -0.06058  -0.15838   0.14689  -0.07047   0.01918  -0.12720   0.12429  -0.11225   0.02316  -0.03979   0.06769 
 -0.11333   0.01048  -0.07005   0.11149  -0.09288  -0.02180  -0.09747   0.14097  -0.08311  -0.08597  -0.13260   0.13941  -0.06053  -0.01160  -0.15659   0.14086  -0.13552  -0.02147  -0.03431   0.09228 
 -0.11528  -0.02582  -0.07843   0.12898  -0.09249  -0.00767  -0.09733   0.13584  -0.09978  -0.05857  -0.13066   0.13957  -0.08221   0.02800  -0.15768   0.14036  -0.11684   0.00028  -0.00761   0.06649 
 -0.11871  -0.00203  -0.05969   0.11611  -0.11406  -0.01290  -0.07435   0.14577  -0.06097  -0.06473  -0.14937   0.11919  -0.04277   0.00674  -0.07953   0.08658  -0.12057   0.02341  -0.03379   0.06900 
 -0.11017   0.00353  -0.06055   0.10916  -0.07247  -0.02850  -0.07090   0.11806  -0.04905  -0.06814  -0.27649   0.13030  -0.08631  -0.01842  -0.13885   0.15593  -0.10129  -0.03154  -0.00364   0.06987 
 -0.09474  -0.02979  -0.06398   0.11352  -0.09990   0.03107  -0.05379   0.11172  -0.06788  -0.08731  -0.10674   0.12516  -0.05091   0.02347  -0.14732   0.11453  -0.10924  -0.02262  -0.01042   0.07286 
 -0.10465  -0.00919  -0.04833   0.10653  -0.05076   0.02106  -0.10795   0.09376  -0.06711  -0.04902  -0.12733   0.11341  -0.06938  -0.03064  -0.15107   0.15296  -0.14306  -0.02355  -0.03108   0.09480 
 -0.10109  -0.01338  -0.07710   0.11568  -0.06345   0.00477  -0.09722   0.10775  -0.05803  -0.04695  -0.13803   0.10787  -0.07278   0.02415  -0.09391   0.11002  -0.11068  -0.00685  -0.01096   0.06784 
 -0.09544  -0.00166  -0.05545   0.10032  -0.08132   0.01028  -0.08059   0.11481  -0.03481  -0.08274  -0.15483   0.10763  -0.04702  -0.01819  -0.14395   0.12845  -0.12435  -0.00681   0.00115   0.06894 
 -0.09381  -0.01300  -0.05630   0.10402  -0.07357   0.01022  -0.08896   0.11139  -0.05600  -0.05161  -0.16442   0.11282  -0.05860  -0.05899  -0.13439   0.14959  -0.10482  -0.00279  -0.02256   0.06819 
 -0.09219  -0.01147  -0.06875   0.10667  -0.08167  -0.00091  -0.05635   0.11036  -0.08234  -0.03421  -0.19361   0.12863  -0.06329  -0.00755  -0.07304   0.10762  -0.09241   0.00383  -0.01095   0.05528 
 -0.09685  -0.00092  -0.04708   0.09793  -0.11486   0.01011  -0.05483   0.13146  -0.06090  -0.09488  -0.07640   0.11722  -0.04463  -0.00587  -0.09214   0.09993  -0.10092  -0.00616   0.00435   0.05693 
 -0.10132  -0.01300  -0.03362   0.10061  -0.05827  -0.02680  -0.08656   0.11104  -0.04527  -0.05161  -0.24681   0.11722  -0.04372  -0.01682  -0.12653   0.11849  -0.11626  -0.00452   0.01211   0.05999 
 -0.08574  -0.01492  -0.05503   0.09912  -0.06552  -0.02037  -0.09872   0.11920  -0.03984  -0.03076  -0.20174   0.09760  -0.04744   0.02422  -0.10246   0.09272  -0.09269  -0.02785   0.02920   0.05059 
 -0.07985  -0.01415  -0.04255   0.09037  -0.09912   0.00402  -0.05938   0.12357  -0.06957  -0.03359  -0.11272   0.10594  -0.07375   0.07834  -0.10441   0.08730  -0.09780  -0.00210  -0.00467   0.05762 
