IntronPotTab 1 1024 -53.04657 3.30176 32.22145 54602 6 16 2115.66
    0.01129
    0.00325
    0.00653
   -0.02131
    0.00239
    0.01493
   -0.01531
   -0.00275
   -0.00758
    0.01302
   -0.03032
    0.01621
    0.00214
    0.00719
    0.00852
   -0.01128
    0.02456
   -0.00853
   -0.03223
   -0.00907
    0.00568
    0.01980
   -0.01602
   -0.01691
    0.00047
    0.01035
   -0.02627
    0.01447
    0.01851
   -0.00773
   -0.01734
    0.00488
    0.02959
   -0.01730
   -0.04488
    0.00583
    0.00785
    0.00287
   -0.00268
   -0.01016
   -0.02260
    0.01142
    0.02246
    0.00084
   -0.01481
   -0.01955
    0.01549
    0.00815
   -0.00403
   -0.00282
    0.00374
    0.00418
    0.00370
   -0.01159
    0.00713
   -0.00160
    0.00320
    0.00666
   -0.02401
    0.01105
   -0.00130
    0.00179
    0.01956
   -0.01041
    0.01957
   -0.00459
   -0.03589
   -0.00501
    0.02022
   -0.02377
   -0.02425
   -0.00553
    0.00884
    0.00522
   -0.03396
    0.00689
    0.00850
   -0.03740
   -0.00832
    0.01495
    0.03801
    0.00571
   -0.07873
    0.01953
    0.02194
    0.02386
   -0.03791
   -0.03595
    0.00348
    0.01658
   -0.03000
   -0.00326
    0.02783
   -0.03143
   -0.02054
    0.02105
    0.03024
   -0.01274
   -0.03393
   -0.00411
    0.02066
   -0.00569
   -0.02391
   -0.00604
    0.00924
    0.03947
   -0.07092
    0.02721
    0.01605
   -0.02994
   -0.00599
    0.01087
    0.02491
   -0.03393
   -0.01137
   -0.00055
    0.03060
   -0.02794
   -0.02633
    0.01499
    0.03172
    0.01595
   -0.07460
    0.02988
    0.00176
   -0.03118
   -0.00860
    0.01879
    0.04570
   -0.00565
   -0.08056
    0.00327
    0.01031
   -0.00618
   -0.02128
    0.00757
   -0.02170
    0.01716
   -0.01236
    0.02345
    0.01874
   -0.03421
   -0.02703
    0.02456
    0.02667
   -0.01906
   -0.02886
    0.01510
    0.01487
    0.00366
   -0.02574
   -0.00794
    0.01534
   -0.00912
   -0.02103
    0.01152
    0.01450
   -0.02324
   -0.01178
    0.02232
    0.03848
   -0.02710
   -0.02439
   -0.00854
    0.02084
   -0.02393
   -0.01835
    0.00860
   -0.01040
   -0.02446
    0.03327
    0.00114
   -0.00749
   -0.01374
   -0.01288
    0.03158
    0.03890
   -0.10123
    0.01700
    0.03130
    0.02854
   -0.03832
   -0.00094
    0.00032
    0.00073
   -0.00338
   -0.02202
    0.02642
   -0.00908
   -0.02527
   -0.00187
    0.01956
    0.00927
   -0.00912
   -0.01261
   -0.00262
    0.01784
   -0.01685
   -0.01282
   -0.00713
   -0.00824
    0.00973
   -0.02212
    0.01558
    0.01488
   -0.00500
   -0.01367
   -0.00488
    0.00732
   -0.01546
   -0.01280
    0.00836
    0.01525
    0.01188
   -0.01259
   -0.02108
    0.00690
    0.00857
   -0.02399
    0.00165
    0.01324
    0.00404
   -0.01389
   -0.00112
    0.02277
   -0.03306
   -0.01264
    0.00238
    0.02191
   -0.00790
   -0.02086
   -0.00706
   -0.01485
    0.00650
    0.01730
   -0.00602
    0.00655
   -0.02850
    0.00997
    0.00162
    0.01007
   -0.01943
    0.01274
   -0.00738
    0.01516
   -0.00626
    0.00668
   -0.01830
    0.01095
    0.00992
   -0.03677
    0.00704
    0.00288
   -0.00012
    0.00877
   -0.00648
   -0.00466
    0.00755
   -0.01180
    0.00861
   -0.00058
    0.00517
   -0.03087
    0.01650
   -0.00974
    0.00037
   -0.03945
    0.03363
   -0.00934
   -0.00824
   -0.01910
    0.02030
   -0.01848
    0.04256
   -0.03873
   -0.00062
   -0.00648
    0.04918
   -0.04317
   -0.00311
   -0.00326
    0.02276
   -0.04938
    0.01809
   -0.01653
    0.01647
   -0.03993
    0.02419
    0.01041
   -0.00622
   -0.00984
   -0.00027
    0.00621
    0.01211
   -0.02664
    0.00153
   -0.02409
    0.02919
    0.00400
   -0.00491
   -0.07009
    0.01897
    0.00137
    0.02816
    0.02104
   -0.00133
   -0.04748
   -0.00010
    0.00106
    0.00683
   -0.01702
    0.00705
   -0.01082
    0.01559
   -0.04314
    0.02850
   -0.00262
   -0.00981
   -0.02213
    0.01465
    0.01224
    0.00115
   -0.03010
    0.00388
    0.00521
   -0.00504
   -0.03945
    0.02081
    0.01978
    0.01150
   -0.03074
   -0.00998
   -0.00313
   -0.01849
   -0.02763
    0.02607
    0.00467
    0.01337
   -0.04264
    0.01637
   -0.00455
    0.02127
   -0.03578
    0.00425
    0.03685
    0.04526
   -0.00609
   -0.07029
   -0.03432
    0.00501
   -0.02379
    0.03095
    0.03456
   -0.01584
   -0.04625
    0.00682
    0.00998
   -0.00305
   -0.03312
    0.00860
   -0.03367
    0.00816
    0.01898
    0.01439
   -0.09841
    0.01980
    0.00746
    0.06599
    0.01662
   -0.02304
   -0.00914
    0.00270
    0.00407
   -0.01995
   -0.02412
    0.03878
   -0.00153
    0.00056
   -0.04206
    0.04362
   -0.00674
   -0.03327
   -0.02771
    0.03960
    0.01707
   -0.01304
   -0.04500
    0.01279
    0.00665
   -0.00550
   -0.03065
    0.02056
    0.00514
    0.00953
   -0.03671
    0.01500
    0.00914
   -0.03736
   -0.03250
    0.04048
    0.00944
    0.00885
   -0.03390
    0.01398
    0.00020
    0.02547
   -0.03456
    0.00817
   -0.00316
    0.00427
   -0.02851
    0.02436
   -0.00952
   -0.00053
   -0.02979
    0.03460
    0.02468
   -0.01983
   -0.01807
   -0.00205
    0.00194
   -0.01146
   -0.02131
    0.02601
   -0.08947
    0.03685
    0.06272
    0.03384
   -0.02908
   -0.04633
   -0.01082
    0.06059
    0.04112
   -0.12019
    0.01135
    0.05912
    0.00656
   -0.02308
   -0.00279
    0.01484
   -0.01160
    0.00376
   -0.04993
    0.04923
   -0.01844
   -0.02480
   -0.01786
    0.03171
   -0.00760
    0.00809
   -0.03272
    0.02214
    0.00727
   -0.01297
   -0.03670
    0.02365
    0.00016
    0.00039
   -0.02572
    0.01567
    0.01811
   -0.01593
   -0.02261
    0.00710
    0.00475
    0.00002
   -0.01780
    0.00792
   -0.00440
    0.05288
   -0.02477
   -0.01390
    0.02006
    0.02481
   -0.05651
    0.00441
   -0.01921
    0.04266
   -0.01845
   -0.01044
    0.01526
    0.00169
   -0.01395
   -0.01040
    0.00081
    0.01805
   -0.00880
   -0.00990
   -0.02993
    0.03972
    0.02648
   -0.04101
    0.00018
    0.00246
    0.00456
   -0.00502
    0.01694
   -0.03413
   -0.00065
    0.00084
    0.00403
    0.01199
    0.00017
   -0.01213
    0.00731
    0.00560
   -0.02712
    0.01447
   -0.01490
   -0.00024
   -0.00386
    0.01003
    0.00839
   -0.00872
   -0.00117
   -0.00589
   -0.00895
    0.00676
   -0.01506
    0.01445
   -0.04050
    0.01518
   -0.00791
    0.04300
   -0.00818
   -0.01501
   -0.00289
    0.01716
   -0.00347
    0.00177
    0.00316
    0.00064
   -0.02508
    0.05184
   -0.03905
    0.03439
   -0.00755
   -0.00521
   -0.00471
    0.02336
    0.00256
   -0.02265
   -0.01122
    0.02123
   -0.02956
   -0.00874
    0.03157
    0.01615
    0.00100
    0.01390
    0.00178
   -0.01186
   -0.01447
    0.01017
    0.02500
   -0.01503
   -0.04772
   -0.01961
    0.02696
    0.02275
    0.01303
    0.00208
   -0.03923
    0.00648
   -0.00000
   -0.01325
   -0.00359
    0.01546
    0.00153
   -0.01630
    0.00135
    0.01204
    0.00456
   -0.02155
   -0.01618
    0.01623
    0.01241
   -0.00765
   -0.03724
    0.01020
    0.02200
   -0.04179
   -0.02057
    0.01162
    0.00548
   -0.00207
   -0.02945
    0.02111
    0.02155
   -0.05636
   -0.01129
    0.02074
    0.00803
   -0.01242
   -0.01292
    0.01204
    0.00378
    0.03981
   -0.02708
   -0.02696
    0.00259
    0.00718
   -0.01711
    0.00314
    0.00812
   -0.02574
   -0.00620
    0.01995
    0.01848
   -0.02228
   -0.01637
    0.00565
    0.00602
   -0.00854
   -0.00409
    0.00346
   -0.01165
    0.00795
    0.00828
   -0.00491
    0.00030
   -0.03635
    0.01312
    0.01172
    0.01927
   -0.03112
   -0.01840
    0.00704
    0.00836
   -0.02890
   -0.00694
    0.02392
    0.01179
   -0.01138
   -0.02531
    0.03241
    0.01135
   -0.03981
   -0.03043
    0.03351
    0.02770
   -0.05419
   -0.03503
    0.00856
    0.02853
   -0.07504
    0.00392
    0.03295
    0.00961
   -0.01230
   -0.01001
    0.01445
    0.01856
   -0.05173
   -0.01352
    0.03174
    0.01414
   -0.01969
   -0.01089
    0.00591
    0.01128
    0.01623
   -0.03272
   -0.01105
    0.01063
   -0.01132
   -0.01072
    0.01054
   -0.00211
   -0.02120
   -0.01335
    0.02722
    0.05409
   -0.11573
    0.00793
    0.00725
   -0.00791
    0.00202
   -0.00579
    0.01556
   -0.00617
   -0.00787
    0.02072
   -0.01278
   -0.00836
   -0.02844
   -0.00590
    0.03044
    0.00852
   -0.04010
    0.00197
    0.01165
    0.02271
   -0.09330
    0.03184
    0.04508
   -0.01877
   -0.01541
   -0.00310
    0.03688
   -0.00053
   -0.03660
   -0.01067
    0.02607
    0.02196
    0.01158
   -0.07011
    0.00631
    0.08523
    0.02694
   -0.08185
   -0.04103
    0.00544
   -0.00140
   -0.02760
    0.01335
    0.00976
    0.00060
   -0.01652
    0.00339
    0.01995
   -0.01153
    0.00821
   -0.01944
    0.02558
   -0.07164
    0.01384
    0.02632
    0.00117
    0.00770
   -0.02098
    0.00896
    0.00680
   -0.00320
    0.00143
   -0.00355
    0.03038
   -0.01925
   -0.02275
   -0.00622
    0.01211
   -0.00969
    0.00883
   -0.01293
   -0.01802
    0.00256
    0.03342
   -0.01705
   -0.00987
   -0.04027
    0.04082
   -0.02372
    0.01319
   -0.00456
   -0.01176
   -0.00494
    0.00438
   -0.01673
   -0.00341
    0.01155
   -0.00400
    0.00153
   -0.01363
    0.01254
    0.00191
   -0.00935
   -0.01036
    0.00933
   -0.00299
    0.01209
   -0.01134
    0.00272
   -0.00619
    0.02973
   -0.03959
    0.00977
   -0.01226
    0.01637
   -0.02799
    0.01358
   -0.02538
    0.01321
    0.00223
    0.01214
   -0.00833
    0.01600
   -0.03395
    0.01573
   -0.00296
    0.03314
   -0.04021
    0.00236
    0.02370
    0.04048
   -0.12181
    0.06846
    0.03972
   -0.02436
   -0.07806
    0.03915
    0.02105
   -0.02311
   -0.01297
   -0.00396
    0.00559
    0.01034
   -0.03506
    0.00371
    0.00072
    0.01250
   -0.01338
   -0.00064
   -0.01177
   -0.01578
   -0.01475
    0.02125
   -0.01571
   -0.00139
   -0.01466
    0.01558
   -0.00286
   -0.01060
   -0.01911
    0.02052
   -0.01688
    0.01765
   -0.02908
    0.01721
   -0.01409
   -0.01762
   -0.00677
    0.01613
   -0.00593
   -0.01092
   -0.01720
    0.02490
    0.01032
   -0.03330
   -0.01893
    0.02208
   -0.00694
   -0.00354
   -0.03720
    0.03175
   -0.00631
   -0.04119
   -0.01416
    0.03522
    0.00972
   -0.00081
   -0.05119
    0.02827
    0.03198
    0.06805
   -0.12824
    0.01114
    0.01081
    0.00684
   -0.04870
    0.01778
    0.03243
   -0.02875
   -0.02317
    0.02273
    0.02091
   -0.02666
   -0.01331
    0.00243
    0.00486
   -0.00802
   -0.03291
    0.01744
   -0.00972
    0.00016
    0.01467
   -0.00140
    0.00097
   -0.03817
   -0.00078
    0.02319
    0.01635
   -0.02642
   -0.02775
    0.01382
   -0.00282
   -0.03459
   -0.01714
    0.03596
   -0.00406
   -0.00710
   -0.03718
    0.03944
    0.00450
   -0.05173
   -0.01495
    0.03927
    0.02578
   -0.02539
   -0.05388
    0.01496
    0.01336
   -0.03385
   -0.03576
    0.03596
   -0.00082
   -0.00788
   -0.03262
    0.03067
    0.01681
   -0.05622
   -0.03265
    0.03704
    0.01468
   -0.00516
   -0.05001
    0.02966
    0.01106
   -0.00209
   -0.03490
    0.01433
    0.00457
   -0.01535
   -0.02937
    0.03715
    0.01949
   -0.01201
   -0.03003
    0.03204
    0.02794
   -0.03625
   -0.02987
    0.00931
    0.01225
   -0.01022
   -0.03961
    0.02158
   -0.00954
   -0.01768
    0.02285
    0.00925
    0.00328
   -0.05634
   -0.01353
    0.05051
   -0.01172
   -0.00825
   -0.01923
    0.02393
    0.01187
   -0.02900
   -0.01147
    0.01946
   -0.02502
    0.00096
   -0.05190
    0.04432
   -0.00843
   -0.03662
   -0.01394
    0.02810
    0.00060
    0.00281
   -0.01066
    0.00337
   -0.00579
    0.00182
   -0.02063
    0.01809
   -0.00293
    0.00031
   -0.01629
    0.01181
   -0.01251
    0.00011
    0.00951
    0.00329
    0.00504
   -0.00476
   -0.03175
    0.01833
   -0.00527
    0.02963
   -0.02553
   -0.00084
   -0.00072
    0.00735
   -0.02568
    0.01524
    0.00950
   -0.02110
   -0.00484
    0.01085
    0.00870
   -0.00188
   -0.00554
   -0.00571
    0.00571
    0.00101
   -0.02178
    0.00490
   -0.03508
    0.01471
    0.00633
    0.00983
   -0.02095
   -0.02720
    0.00491
    0.02109
   -0.00160
   -0.00667
   -0.01425
    0.01001
   -0.00244
    0.00086
   -0.01058
    0.01032
   -0.02210
    0.01103
   -0.02540
    0.02702
   -0.00892
    0.00490
   -0.01128
    0.00815
