IntronPotTab 1 1024 -24.83051 1.31277 6.79623 75601 6 16  156.13
   -0.03508
   -0.00621
   -0.01480
    0.06090
   -0.05526
   -0.05156
   -0.11758
    0.12785
   -0.06731
   -0.03060
   -0.09488
    0.14706
   -0.09139
   -0.02971
    0.03190
    0.07114
   -0.05950
   -0.02153
   -0.06901
    0.11602
   -0.01743
   -0.06235
   -0.09041
    0.10216
   -0.03818
   -0.07284
   -0.08481
    0.12217
   -0.03114
   -0.09093
    0.01718
    0.06135
   -0.03948
   -0.04334
   -0.07507
    0.12212
   -0.06150
   -0.10256
   -0.16348
    0.11600
   -0.03500
   -0.03164
   -0.02338
    0.07082
   -0.05748
   -0.07575
   -0.05567
    0.09052
   -0.05882
   -0.02528
    0.02786
    0.05186
   -0.05708
   -0.10838
   -0.08968
    0.12166
   -0.03127
   -0.02059
   -0.09393
    0.09337
   -0.08328
   -0.03072
    0.04269
    0.04525
   -0.02199
   -0.06864
   -0.04403
    0.10538
   -0.01297
   -0.13018
   -0.12954
    0.12372
   -0.02476
   -0.09389
   -0.16512
    0.14710
   -0.02293
   -0.11610
   -0.00760
    0.07864
   -0.00737
   -0.08918
   -0.08096
    0.09299
   -0.04740
   -0.01949
   -0.16829
    0.10899
    0.02653
   -0.13999
   -0.07179
    0.09635
   -0.00966
   -0.09800
   -0.05108
    0.08152
    0.01709
   -0.12755
   -0.06399
    0.09324
    0.03241
   -0.12981
   -0.14809
    0.09108
   -0.00395
   -0.12394
   -0.01084
    0.06848
   -0.00199
   -0.11310
   -0.10285
    0.10441
   -0.00084
   -0.09956
    0.03771
    0.03079
   -0.01375
   -0.17488
   -0.17639
    0.12886
    0.02860
   -0.12855
   -0.09851
    0.08331
    0.00542
   -0.10675
   -0.00283
    0.05009
   -0.00280
    0.00665
   -0.16059
    0.14278
   -0.03419
   -0.06373
   -0.21046
    0.14159
   -0.05860
   -0.03267
   -0.10583
    0.16781
   -0.03546
   -0.05589
   -0.08587
    0.09499
   -0.04157
   -0.06401
   -0.11536
    0.13959
   -0.02691
   -0.11535
   -0.19308
    0.14444
   -0.02932
   -0.05937
   -0.11910
    0.12653
    0.01556
   -0.09540
   -0.05175
    0.06024
   -0.00778
   -0.04091
   -0.13195
    0.12347
   -0.04032
   -0.09488
   -0.18377
    0.12865
   -0.09841
   -0.08524
   -0.07830
    0.14463
   -0.16401
   -0.03001
   -0.07892
    0.12972
   -0.03745
   -0.07610
    0.01368
    0.06461
   -0.04561
   -0.11214
   -0.17413
    0.12969
   -0.02111
   -0.06699
   -0.11846
    0.11141
   -0.01995
   -0.07609
   -0.06138
    0.06481
   -0.05658
    0.01335
   -0.00438
    0.05953
   -0.03723
   -0.08715
   -0.09447
    0.11230
   -0.03634
   -0.03924
   -0.06185
    0.08413
   -0.03054
   -0.01236
    0.04104
    0.01501
   -0.05234
   -0.03282
   -0.03769
    0.08411
   -0.04473
   -0.06660
   -0.09921
    0.11664
   -0.00897
   -0.07524
   -0.08981
    0.09170
   -0.04109
   -0.07310
    0.05104
    0.04159
   -0.01982
   -0.08210
   -0.06966
    0.08017
   -0.04153
   -0.10471
   -0.12073
    0.11062
   -0.04176
   -0.07491
   -0.06743
    0.10353
   -0.06824
   -0.09575
    0.01210
    0.07106
   -0.06564
   -0.01628
    0.06544
    0.02903
   -0.04317
   -0.09780
   -0.06410
    0.09784
    0.00050
   -0.04435
   -0.06132
    0.05338
   -0.06052
    0.00141
    0.03710
    0.01176
   -0.02345
   -0.04244
   -0.06318
    0.09393
   -0.05988
   -0.07036
   -0.13391
    0.15096
   -0.04706
   -0.06486
   -0.14018
    0.14889
   -0.05864
   -0.05756
   -0.02861
    0.09421
   -0.06898
    0.00348
   -0.08337
    0.10461
   -0.03368
    0.01813
   -0.18867
    0.12536
   -0.04624
   -0.02829
   -0.07903
    0.09454
   -0.04199
   -0.08033
    0.02683
    0.05694
   -0.00977
   -0.06677
   -0.09756
    0.10966
   -0.06515
   -0.10920
   -0.14762
    0.12006
   -0.00060
   -0.00052
    0.00187
   -0.00008
   -0.04058
   -0.09245
   -0.05159
    0.08623
   -0.04386
   -0.07278
    0.00311
    0.06230
   -0.04855
   -0.12300
   -0.14784
    0.13698
   -0.02033
   -0.03552
   -0.09338
    0.08117
   -0.05096
   -0.06901
   -0.01580
    0.06467
   -0.00875
   -0.07170
   -0.07448
    0.10653
    0.00736
   -0.15570
   -0.17188
    0.15227
   -0.03076
   -0.12303
   -0.13993
    0.17089
   -0.01401
   -0.12690
   -0.01101
    0.08570
   -0.03539
   -0.03251
   -0.04832
    0.07576
   -0.08719
    0.00724
   -0.14523
    0.13640
   -0.01572
   -0.06023
   -0.08296
    0.10526
   -0.08016
   -0.05125
   -0.01660
    0.08712
   -0.01199
   -0.11160
   -0.07760
    0.11896
    0.03883
   -0.15092
   -0.07472
    0.11179
   -0.01533
   -0.14802
   -0.02630
    0.08530
   -0.00552
   -0.15569
   -0.03784
    0.10406
   -0.03499
   -0.08230
    0.02618
    0.07648
   -0.02132
   -0.17100
   -0.16888
    0.14043
   -0.01299
   -0.10244
   -0.07394
    0.11798
    0.02068
   -0.13874
   -0.05580
    0.09003
    0.01682
   -0.09826
   -0.18505
    0.13819
   -0.00204
   -0.05678
   -0.21294
    0.16171
   -0.02055
   -0.04890
   -0.14468
    0.11949
   -0.06334
   -0.09325
   -0.12668
    0.14953
   -0.03733
   -0.02535
   -0.14125
    0.13106
    0.00699
   -0.05845
   -0.20894
    0.16118
    0.01139
   -0.05131
   -0.09821
    0.07855
   -0.02347
   -0.07686
   -0.06294
    0.08033
    0.02330
   -0.11977
   -0.17611
    0.13375
    0.01895
   -0.04476
   -0.19563
    0.12709
   -0.05692
   -0.09429
    0.01660
    0.07498
   -0.07373
   -0.09574
   -0.12487
    0.12026
   -0.03534
   -0.11130
    0.00789
    0.08516
   -0.03288
   -0.06618
   -0.20912
    0.14466
   -0.00549
   -0.02150
   -0.13451
    0.09638
   -0.02339
   -0.10239
   -0.07854
    0.08298
   -0.06475
   -0.01960
   -0.04048
    0.10140
   -0.07109
   -0.08115
   -0.14111
    0.13261
   -0.05491
   -0.07336
   -0.02834
    0.10606
   -0.02744
   -0.04635
    0.01728
    0.03853
   -0.04720
   -0.02604
   -0.09282
    0.10432
   -0.05708
    0.00652
   -0.16098
    0.10451
   -0.02585
   -0.05613
   -0.11045
    0.10662
   -0.03485
   -0.05061
    0.03623
    0.03339
   -0.04609
   -0.03788
   -0.10147
    0.11021
   -0.05983
   -0.08613
   -0.14495
    0.11808
   -0.04243
   -0.05607
   -0.00489
    0.06178
   -0.06757
   -0.10848
   -0.00129
    0.07197
   -0.03824
   -0.03534
   -0.00055
    0.05346
   -0.04393
   -0.10147
   -0.10932
    0.08813
   -0.01826
   -0.05934
   -0.09875
    0.09115
   -0.02067
   -0.04153
   -0.01769
    0.04191
   -0.04832
   -0.01293
   -0.07308
    0.11492
   -0.04799
   -0.06439
   -0.17312
    0.13720
   -0.08338
   -0.02768
   -0.10521
    0.20734
   -0.07705
   -0.03015
   -0.03794
    0.09324
   -0.06306
   -0.03616
   -0.07888
    0.11713
   -0.03232
   -0.06969
   -0.15350
    0.13524
   -0.03462
   -0.02951
   -0.13413
    0.14696
   -0.01297
   -0.09300
    0.00207
    0.05532
   -0.01326
   -0.02959
   -0.13957
    0.12596
   -0.05862
   -0.12750
   -0.20403
    0.12347
   -0.05740
   -0.03383
   -0.00331
    0.10049
   -0.05011
   -0.06497
   -0.05653
    0.08040
   -0.05469
   -0.03422
    0.00172
    0.06101
   -0.04915
   -0.11310
   -0.14956
    0.14113
   -0.03003
   -0.02829
   -0.11535
    0.12715
   -0.03815
   -0.04494
   -0.01284
    0.04947
   -0.01889
   -0.08235
   -0.07366
    0.12481
    0.00162
   -0.12628
   -0.17357
    0.13601
   -0.00614
   -0.11076
   -0.13770
    0.16980
   -0.00889
   -0.11311
   -0.01653
    0.08330
   -0.02035
   -0.07546
   -0.06107
    0.08721
   -0.13161
    0.03439
   -0.21230
    0.18622
    0.00704
   -0.07309
   -0.10884
    0.10722
   -0.00056
   -0.12369
   -0.03185
    0.08573
    0.01055
   -0.13532
   -0.07487
    0.10573
    0.03662
   -0.14792
   -0.12725
    0.10353
   -0.00093
   -0.09787
   -0.03849
    0.07301
   -0.00966
   -0.11179
   -0.08224
    0.09736
    0.00282
   -0.09077
   -0.00723
    0.05507
    0.00779
   -0.18526
   -0.19052
    0.13057
    0.03869
   -0.13192
   -0.10579
    0.12103
    0.06757
   -0.13894
   -0.03883
    0.06908
   -0.01427
   -0.01330
   -0.15781
    0.14737
   -0.03573
   -0.04761
   -0.22473
    0.14073
   -0.03933
   -0.03512
   -0.08874
    0.15406
   -0.03110
   -0.08112
   -0.11356
    0.11343
   -0.06550
   -0.03673
   -0.10493
    0.13828
   -0.01957
   -0.14398
   -0.15130
    0.13847
   -0.03918
   -0.07372
   -0.08968
    0.15497
    0.02080
   -0.10816
   -0.07000
    0.07201
   -0.00578
   -0.07565
   -0.13673
    0.12048
    0.01331
   -0.14659
   -0.17132
    0.09513
   -0.03453
   -0.10929
   -0.05777
    0.11061
   -0.11124
   -0.12204
   -0.11984
    0.11571
   -0.07844
   -0.07137
    0.06951
    0.07352
   -0.03273
   -0.09559
   -0.21495
    0.14812
   -0.02667
   -0.07466
   -0.10140
    0.14202
   -0.04001
   -0.09581
   -0.07542
    0.08183
   -0.03580
    0.01433
   -0.12789
    0.09680
   -0.03618
   -0.10256
   -0.16416
    0.13702
   -0.03435
   -0.03020
   -0.10483
    0.09697
   -0.02217
   -0.02099
   -0.02239
    0.04540
   -0.04060
   -0.02684
   -0.04998
    0.07954
   -0.04164
   -0.05027
   -0.16286
    0.11875
   -0.02463
   -0.03580
   -0.06634
    0.07564
   -0.01812
   -0.05654
   -0.00052
    0.04403
   -0.01726
   -0.06071
   -0.12946
    0.10387
   -0.04584
   -0.11568
   -0.16979
    0.12415
   -0.02583
   -0.07866
   -0.05432
    0.08277
   -0.05979
   -0.10492
    0.00633
    0.06688
   -0.03907
   -0.03261
    0.00005
    0.05165
   -0.04354
   -0.10606
   -0.13992
    0.10991
    0.00070
   -0.05828
   -0.09370
    0.07584
   -0.03528
   -0.01077
   -0.01148
    0.02947
   -0.04845
   -0.01266
    0.02193
    0.05465
   -0.04825
   -0.07373
   -0.11776
    0.12429
   -0.03865
    0.00423
   -0.08373
    0.08294
   -0.08134
    0.01556
    0.03654
    0.03113
   -0.07494
   -0.02800
   -0.05795
    0.10769
   -0.02513
   -0.03563
   -0.13978
    0.08620
   -0.03252
   -0.03694
   -0.10073
    0.09348
   -0.06010
   -0.07543
    0.05843
    0.05017
   -0.03330
   -0.05752
   -0.07094
    0.09924
   -0.07228
   -0.13064
   -0.15854
    0.12236
   -0.02991
   -0.05033
    0.01840
    0.04302
   -0.06428
   -0.06346
   -0.01216
    0.06957
   -0.06693
   -0.01274
    0.04014
    0.03236
   -0.07134
   -0.08045
   -0.11520
    0.11870
   -0.03559
   -0.01137
   -0.08216
    0.07355
   -0.05542
    0.00578
    0.06148
    0.00124
   -0.01902
   -0.08981
   -0.07800
    0.12273
   -0.01967
   -0.15128
   -0.16330
    0.14351
   -0.03288
   -0.09325
   -0.17720
    0.17509
   -0.01724
   -0.13260
    0.02005
    0.08822
   -0.04764
   -0.07784
   -0.07384
    0.11457
   -0.07461
   -0.02479
   -0.17037
    0.13282
   -0.00390
   -0.10126
   -0.11013
    0.13091
   -0.01973
   -0.12198
    0.01480
    0.08121
   -0.00200
   -0.18537
   -0.11621
    0.14076
   -0.02762
   -0.15719
   -0.13411
    0.14620
   -0.03293
   -0.15137
   -0.09382
    0.13026
   -0.01842
   -0.16915
   -0.02223
    0.10685
   -0.01701
   -0.09767
    0.00098
    0.06449
   -0.02469
   -0.19057
   -0.13799
    0.11100
   -0.00219
   -0.12004
   -0.09248
    0.10439
    0.04028
   -0.12254
   -0.00091
    0.06055
   -0.00424
   -0.03986
   -0.15832
    0.12592
   -0.03123
   -0.08558
   -0.20468
    0.13613
   -0.02981
   -0.03399
   -0.12917
    0.11889
   -0.05338
   -0.05886
   -0.08262
    0.10848
   -0.04572
   -0.05201
   -0.17678
    0.14543
   -0.04071
   -0.07580
   -0.21031
    0.12385
   -0.04422
   -0.06541
   -0.15649
    0.14200
    0.00458
   -0.09490
   -0.08764
    0.07557
    0.00831
   -0.09443
   -0.15904
    0.12449
   -0.03811
   -0.09824
   -0.23578
    0.12824
   -0.05190
   -0.19684
   -0.00431
    0.12734
   -0.05942
   -0.09132
   -0.10143
    0.11171
   -0.05233
   -0.06880
    0.00185
    0.07184
   -0.04065
   -0.10632
   -0.21173
    0.12330
   -0.03342
   -0.05918
   -0.10619
    0.09535
   -0.03358
   -0.04113
   -0.05825
    0.06008
   -0.07551
    0.01844
    0.03118
    0.05477
   -0.05281
   -0.10506
   -0.12320
    0.12963
   -0.04488
   -0.03357
   -0.03800
    0.07693
   -0.04510
   -0.01261
    0.06254
    0.00520
   -0.06023
   -0.04486
   -0.05883
    0.10419
   -0.06515
   -0.03727
   -0.11597
    0.10339
   -0.01563
   -0.09332
   -0.11023
    0.09774
   -0.03836
   -0.06079
    0.06061
    0.02253
   -0.03882
   -0.07874
   -0.06541
    0.09308
   -0.06506
   -0.11553
   -0.13296
    0.11870
   -0.05017
   -0.07590
   -0.07395
    0.09623
   -0.08899
   -0.08636
    0.02543
    0.05861
   -0.06895
   -0.00718
    0.04584
    0.03634
   -0.05471
   -0.06742
   -0.05379
    0.07478
   -0.00972
   -0.03864
   -0.05596
    0.05644
   -0.06268
   -0.00296
    0.04634
    0.00706
