IntronPotTab 1 1024 -16.21782 3.05557 22.21829 26534 6 16  462.82
   -0.00174
   -0.03274
    0.04756
   -0.01023
   -0.03069
   -0.05565
   -0.08127
    0.08281
   -0.00831
   -0.03223
   -0.02262
    0.04807
   -0.03471
   -0.05932
    0.03183
    0.03205
   -0.04899
   -0.04048
    0.07484
    0.04021
   -0.01476
   -0.06548
   -0.07291
    0.07340
   -0.03797
    0.00606
   -0.02338
    0.05230
   -0.05617
   -0.12263
    0.14673
    0.02691
   -0.00994
   -0.03947
   -0.02014
    0.04648
    0.02967
   -0.10206
   -0.11067
    0.03886
    0.00963
   -0.06242
    0.02193
    0.01169
   -0.01359
   -0.09683
   -0.02901
    0.06118
   -0.05630
   -0.00653
    0.04541
    0.04193
   -0.04656
   -0.02588
   -0.16941
    0.09997
   -0.03833
    0.03772
   -0.05743
    0.06418
   -0.05794
   -0.03287
    0.04652
    0.02744
   -0.00810
   -0.02872
   -0.01239
    0.03436
    0.00290
   -0.03888
   -0.06482
    0.03864
   -0.00709
   -0.04956
   -0.02699
    0.05497
   -0.04288
   -0.04335
    0.03001
    0.03176
   -0.02840
   -0.07583
    0.07488
    0.03599
   -0.02915
   -0.01631
   -0.22285
    0.08813
   -0.05156
    0.01632
   -0.02542
    0.06327
   -0.07610
   -0.10661
    0.17217
    0.02232
    0.01876
   -0.06673
   -0.03603
    0.04048
    0.03911
   -0.11017
   -0.18505
    0.09605
    0.02431
   -0.01143
   -0.07847
    0.03031
    0.00626
   -0.07245
   -0.03641
    0.06004
   -0.02604
   -0.03580
    0.01850
    0.03434
   -0.03086
   -0.08448
   -0.21577
    0.13202
   -0.01661
   -0.02616
   -0.00806
    0.04001
   -0.06343
   -0.03042
    0.01841
    0.04047
   -0.03411
    0.02720
    0.00119
    0.04265
   -0.00417
   -0.02549
   -0.12723
    0.04815
   -0.03370
    0.01344
   -0.00869
    0.05213
   -0.02335
   -0.03140
    0.02378
    0.01410
   -0.05113
   -0.05111
    0.05249
    0.04839
   -0.01529
   -0.03662
   -0.09693
    0.05333
   -0.12921
    0.06543
    0.03355
    0.11632
   -0.03702
   -0.09193
    0.09872
    0.01061
   -0.01960
   -0.00460
   -0.02460
    0.04872
   -0.00943
   -0.00881
   -0.11374
    0.03252
   -0.01088
   -0.01830
   -0.01689
    0.03300
   -0.10114
   -0.01239
   -0.00334
    0.07286
   -0.04669
   -0.02679
    0.04453
    0.03640
   -0.02188
   -0.05103
   -0.18506
    0.10055
   -0.06701
    0.02171
   -0.00242
    0.07076
   -0.04714
   -0.03595
    0.00699
    0.03825
   -0.04871
    0.03507
    0.01149
    0.03737
   -0.02056
   -0.07893
   -0.06384
    0.07859
   -0.01774
   -0.01359
   -0.03075
    0.04443
   -0.06208
    0.00033
    0.06290
    0.02207
   -0.06653
   -0.04662
    0.11009
    0.04349
   -0.04809
   -0.03581
   -0.07610
    0.08276
   -0.09271
    0.04653
   -0.00595
    0.10727
   -0.07237
   -0.11159
    0.16206
    0.02425
   -0.01541
   -0.02682
   -0.03691
    0.04737
   -0.02682
   -0.10013
   -0.08309
    0.09183
   -0.02053
   -0.05705
   -0.03062
    0.07250
   -0.04573
   -0.04443
   -0.01243
    0.05437
   -0.05409
   -0.00776
    0.06649
    0.02618
   -0.06506
   -0.03863
   -0.14101
    0.10680
   -0.06070
    0.04218
   -0.03038
    0.06098
   -0.04865
   -0.00872
    0.07694
   -0.00473
   -0.04230
   -0.00357
    0.00308
    0.05117
   -0.04268
   -0.02557
   -0.12107
    0.08089
   -0.01963
   -0.02573
   -0.07232
    0.08349
   -0.03457
   -0.04103
    0.02858
    0.02418
   -0.05805
    0.01231
    0.06338
    0.02562
   -0.05372
    0.00853
   -0.09310
    0.08232
   -0.04591
    0.02301
    0.00376
    0.02195
   -0.06798
   -0.09648
    0.11331
    0.03153
    0.00894
   -0.05345
   -0.03582
    0.03615
    0.00955
   -0.10138
   -0.22964
    0.08844
    0.00406
   -0.00940
   -0.02385
    0.01858
   -0.02748
   -0.09263
   -0.03426
    0.07492
   -0.06126
   -0.03555
    0.03274
    0.05777
   -0.06284
   -0.04802
   -0.14989
    0.13058
   -0.06061
    0.01793
   -0.03894
    0.06904
   -0.04666
   -0.04823
    0.04098
    0.02402
   -0.00468
   -0.02033
   -0.03623
    0.04520
   -0.01614
   -0.06107
   -0.11581
    0.09310
   -0.00187
   -0.07631
   -0.02625
    0.07621
   -0.01388
   -0.02988
    0.01540
    0.01401
   -0.02713
   -0.05045
    0.06607
    0.03270
   -0.08450
    0.10927
   -0.26079
    0.04549
   -0.11795
    0.09292
   -0.00660
    0.09762
   -0.11676
   -0.04993
    0.09935
    0.04762
    0.01385
   -0.00358
   -0.08372
    0.05285
    0.01136
   -0.05245
   -0.20616
    0.10206
    0.02124
   -0.03268
   -0.02252
    0.01641
    0.00676
   -0.04618
   -0.01860
    0.02964
   -0.01797
   -0.01273
   -0.04234
    0.05523
   -0.04308
   -0.01203
   -0.26034
    0.10832
   -0.05840
   -0.00213
   -0.01935
    0.07176
   -0.07560
   -0.02838
   -0.04359
    0.07394
   -0.04015
   -0.01850
    0.00582
    0.06006
    0.02510
   -0.04091
   -0.14576
    0.05665
   -0.02724
    0.02410
   -0.05889
    0.05785
   -0.02043
   -0.04724
    0.00468
    0.03250
   -0.02700
   -0.09032
    0.03178
    0.05909
   -0.05550
    0.03655
   -0.09858
    0.08347
   -0.09475
    0.09379
   -0.08130
    0.07865
   -0.03411
   -0.03923
   -0.01826
    0.04725
    0.05785
   -0.08269
   -0.10047
    0.05432
    0.03530
   -0.09878
   -0.11238
    0.07164
    0.00315
   -0.02504
    0.04089
   -0.01804
   -0.11114
   -0.03121
   -0.01017
    0.09021
   -0.05066
   -0.01109
    0.01889
    0.04788
    0.01662
   -0.02864
   -0.22666
    0.09145
   -0.10795
    0.05050
   -0.03149
    0.10097
   -0.02992
   -0.03587
   -0.04432
    0.05176
   -0.06020
   -0.00661
   -0.04539
    0.09538
   -0.03822
   -0.04379
   -0.13080
    0.08526
   -0.04534
   -0.00823
   -0.06079
    0.08895
   -0.04986
   -0.06232
    0.04923
    0.03644
   -0.04246
   -0.10246
    0.07572
    0.06660
   -0.06364
    0.00999
   -0.16953
    0.08928
   -0.09362
   -0.03777
   -0.04796
    0.16420
   -0.11642
   -0.01192
    0.12815
    0.02008
   -0.02248
   -0.00755
   -0.05228
    0.05437
   -0.05303
   -0.06363
   -0.13834
    0.10368
   -0.00545
   -0.04262
   -0.02625
    0.04211
   -0.04773
   -0.07385
   -0.02152
    0.06787
   -0.05161
   -0.00337
    0.00230
    0.05380
   -0.05313
   -0.04630
   -0.18165
    0.10032
   -0.05293
    0.02090
   -0.05328
    0.07436
   -0.06894
   -0.03871
    0.00341
    0.05087
   -0.03528
    0.01000
    0.00728
    0.03829
   -0.02485
   -0.06119
   -0.11929
    0.07934
   -0.05294
   -0.00506
   -0.02379
    0.09092
   -0.02494
   -0.02904
    0.00263
    0.02625
   -0.04798
   -0.06537
    0.06140
    0.05365
   -0.03726
   -0.07179
   -0.13012
    0.11179
   -0.05868
    0.02518
   -0.01089
    0.06111
   -0.06357
   -0.10039
    0.13619
    0.01619
   -0.00223
   -0.03769
   -0.02945
    0.04447
    0.00173
   -0.10143
   -0.12415
    0.06614
   -0.02291
   -0.01483
    0.02393
    0.02003
   -0.06834
   -0.04097
   -0.00639
    0.06229
   -0.04859
   -0.01425
   -0.01322
    0.06007
   -0.04331
   -0.04009
   -0.18404
    0.11361
   -0.08053
    0.04251
   -0.02077
    0.08930
   -0.04765
   -0.00133
    0.04251
    0.00648
   -0.02367
   -0.03078
   -0.04716
    0.07823
   -0.01540
   -0.03125
   -0.11806
    0.06509
   -0.00417
   -0.08497
   -0.02651
    0.09078
   -0.02850
   -0.05090
   -0.00066
    0.04492
   -0.03571
   -0.04808
    0.08631
    0.02697
   -0.06873
   -0.02194
   -0.17245
    0.12447
   -0.08618
    0.02677
   -0.05863
    0.11934
   -0.06223
   -0.09386
    0.15188
    0.01443
    0.02437
   -0.02201
   -0.14426
    0.12249
   -0.00978
   -0.05898
   -0.11984
    0.09809
   -0.03207
   -0.03813
   -0.04382
    0.08006
   -0.02048
   -0.05924
   -0.02556
    0.06273
   -0.01166
   -0.04482
   -0.03251
    0.05733
   -0.03439
   -0.04429
   -0.22627
    0.11041
   -0.03208
   -0.05732
   -0.03929
    0.11013
   -0.02708
   -0.02741
   -0.01721
    0.03912
   -0.00544
   -0.02106
   -0.03300
    0.04600
    0.01585
   -0.04528
   -0.14702
    0.04148
   -0.01849
    0.02048
    0.00135
    0.01077
   -0.02425
   -0.02897
   -0.01824
    0.04047
   -0.05082
   -0.06163
    0.04720
    0.04784
   -0.04841
   -0.05472
   -0.18560
    0.13082
   -0.04200
   -0.00563
   -0.00262
    0.04630
   -0.01815
   -0.08797
    0.07085
    0.00589
    0.01405
   -0.04701
   -0.05018
    0.04143
   -0.00732
   -0.06291
   -0.11173
    0.06053
   -0.01715
   -0.09403
    0.08222
   -0.00166
   -0.07780
   -0.06049
   -0.00326
    0.06517
   -0.05015
   -0.04752
    0.05340
    0.04246
   -0.01673
   -0.03539
   -0.23832
    0.10825
   -0.08777
    0.05959
   -0.04321
    0.11114
   -0.03716
   -0.03531
   -0.00001
    0.03248
   -0.05467
    0.05144
   -0.04414
    0.06272
   -0.02565
   -0.09535
   -0.13811
    0.10934
   -0.01659
   -0.02457
   -0.05865
    0.06807
   -0.05623
   -0.01549
    0.00438
    0.04701
   -0.05041
   -0.10270
    0.11459
    0.05504
   -0.05828
   -0.05133
   -0.16901
    0.12104
   -0.08127
    0.00019
    0.01164
    0.08979
   -0.08406
   -0.09708
    0.12613
    0.04172
    0.00895
   -0.06736
   -0.10316
    0.08451
   -0.03483
   -0.06213
   -0.20768
    0.10338
   -0.02301
   -0.01798
   -0.04072
    0.06103
   -0.04315
   -0.08436
    0.02014
    0.05108
   -0.04010
    0.00000
   -0.02057
    0.05179
   -0.04493
   -0.06503
   -0.24480
    0.12358
   -0.06053
    0.03857
   -0.03693
    0.06917
   -0.05340
   -0.00879
    0.03632
    0.01436
   -0.04586
    0.00794
    0.03404
    0.03621
   -0.02123
   -0.05548
   -0.08473
    0.06441
   -0.01272
    0.00820
   -0.05585
    0.04421
   -0.05134
   -0.03371
    0.04979
    0.02166
   -0.06588
   -0.05278
    0.07300
    0.05549
   -0.00186
   -0.05947
   -0.16087
    0.06479
   -0.06087
   -0.03023
    0.00232
    0.06806
   -0.03552
   -0.16469
    0.14341
    0.03612
    0.00720
   -0.06118
   -0.06331
    0.05897
    0.00703
   -0.10595
   -0.10585
    0.05889
    0.01656
   -0.03545
   -0.02099
    0.01671
   -0.01426
   -0.09839
   -0.03505
    0.06267
   -0.06173
    0.00140
    0.04629
    0.03061
   -0.04113
   -0.05300
   -0.19035
    0.10122
   -0.05471
    0.03860
   -0.02504
    0.04469
   -0.05459
   -0.00001
    0.05649
    0.00708
   -0.02264
   -0.02591
   -0.02170
    0.05438
   -0.01039
   -0.05474
   -0.14593
    0.07590
   -0.00200
   -0.09087
   -0.04598
    0.08898
   -0.03592
   -0.08314
    0.02353
    0.05113
   -0.05868
   -0.08446
    0.10493
    0.05899
   -0.08553
    0.03834
   -0.18468
    0.08624
   -0.06640
   -0.02982
   -0.03411
    0.10638
   -0.06770
   -0.10887
    0.15513
    0.03198
    0.02541
   -0.04627
   -0.08685
    0.05445
    0.02802
   -0.02068
   -0.18596
    0.02768
    0.03163
   -0.03985
   -0.12185
    0.07625
   -0.02811
   -0.09086
   -0.03406
    0.08109
   -0.04228
   -0.02619
   -0.01826
    0.06611
   -0.06227
   -0.06480
   -0.23684
    0.10996
   -0.02568
   -0.03151
   -0.03402
    0.06098
   -0.05398
   -0.06413
   -0.01016
    0.06157
   -0.04664
    0.01695
    0.00339
    0.04937
   -0.02394
   -0.02823
   -0.09939
    0.06057
   -0.02409
    0.01916
   -0.02669
    0.03417
   -0.01110
   -0.02820
   -0.01972
    0.03149
   -0.03897
   -0.06780
   -0.02106
    0.07043
   -0.03613
   -0.06040
   -0.09997
    0.08072
   -0.06740
   -0.03580
   -0.02294
    0.09535
   -0.04199
   -0.11635
    0.04551
    0.04534
    0.01442
   -0.05779
   -0.06742
    0.05541
    0.00645
   -0.06613
   -0.18202
    0.05698
   -0.03254
   -0.05286
    0.02085
    0.04638
   -0.04721
   -0.05170
   -0.05772
    0.08266
   -0.05132
   -0.02930
    0.02314
    0.05187
   -0.05533
   -0.02326
   -0.17506
    0.10509
   -0.07441
    0.02174
   -0.01852
    0.07161
   -0.02225
   -0.01776
   -0.01131
    0.02409
   -0.06640
    0.04573
    0.00143
    0.05235
   -0.03540
   -0.07219
   -0.11588
    0.09287
   -0.04843
    0.00989
   -0.02103
    0.05530
   -0.07325
    0.00269
    0.04575
    0.02339
   -0.07508
   -0.06880
    0.10526
    0.06251
   -0.06187
   -0.00794
   -0.05887
    0.06310
   -0.08547
   -0.01853
   -0.02955
    0.12287
   -0.06308
   -0.11562
    0.17781
    0.01555
   -0.02491
   -0.02299
   -0.02220
    0.04795
   -0.03269
   -0.08547
   -0.12115
    0.08382
   -0.04327
   -0.05011
   -0.01034
    0.07393
   -0.06271
   -0.05813
   -0.00415
    0.05771
   -0.06300
   -0.00823
    0.04839
    0.03947
   -0.07900
    0.00775
   -0.18545
    0.08414
   -0.07613
    0.01568
   -0.01421
    0.07793
   -0.08766
   -0.01577
    0.03436
    0.04189
