IntronPotTab 1 1024 -9.92669 1.80918 9.18009 22971 6 16  176.86
    0.00460
   -0.04242
   -0.04082
    0.04413
   -0.06497
   -0.06430
   -0.07490
    0.13345
   -0.06997
   -0.00665
   -0.12489
    0.16118
   -0.14492
   -0.00810
    0.01398
    0.09845
   -0.04997
   -0.02434
   -0.07053
    0.11050
   -0.00507
   -0.05129
   -0.09720
    0.08683
   -0.00901
   -0.06012
   -0.11101
    0.11448
   -0.05765
   -0.09174
    0.03070
    0.07425
   -0.01695
   -0.09493
   -0.09367
    0.13042
   -0.08638
   -0.14613
   -0.11619
    0.13944
   -0.03826
   -0.03601
   -0.00595
    0.07490
   -0.04195
   -0.10678
   -0.09347
    0.11866
   -0.06423
   -0.02416
    0.05582
    0.04397
   -0.08454
   -0.11261
   -0.02320
    0.13071
   -0.04587
   -0.07416
   -0.07891
    0.13881
   -0.11048
   -0.03409
    0.06402
    0.04800
   -0.00251
   -0.08487
   -0.09818
    0.12984
    0.02368
   -0.22231
   -0.06044
    0.11054
    0.00227
   -0.16719
   -0.25672
    0.20799
   -0.03352
   -0.13062
   -0.03996
    0.12154
    0.01016
   -0.11324
   -0.13244
    0.11539
    0.00076
   -0.08428
   -0.16346
    0.09329
    0.06411
   -0.22101
   -0.07000
    0.08718
   -0.05011
   -0.12841
   -0.04708
    0.12187
    0.02525
   -0.23234
   -0.06725
    0.14097
    0.04839
   -0.20692
   -0.19250
    0.15468
    0.09001
   -0.20870
    0.00395
    0.01888
    0.00048
   -0.19422
   -0.08244
    0.13782
   -0.00152
   -0.10855
    0.01602
    0.04944
   -0.01670
   -0.25132
   -0.05434
    0.13418
    0.02372
   -0.14926
   -0.14114
    0.12862
   -0.04487
   -0.10637
   -0.01882
    0.09012
    0.01689
   -0.05595
   -0.17099
    0.15298
   -0.01941
   -0.11180
   -0.13394
    0.12305
   -0.01265
   -0.03491
   -0.18131
    0.14937
   -0.06831
   -0.06650
   -0.13163
    0.14950
   -0.01478
   -0.13235
   -0.10160
    0.13173
    0.00302
   -0.14934
   -0.20026
    0.14656
    0.00844
   -0.13727
   -0.17175
    0.14150
    0.01406
   -0.12560
   -0.06292
    0.08905
    0.01916
   -0.08867
   -0.19382
    0.15247
   -0.07489
   -0.14933
   -0.21223
    0.18255
   -0.08299
   -0.11415
   -0.07260
    0.13704
   -0.16889
   -0.09449
   -0.12771
    0.16859
   -0.00291
   -0.14031
    0.01087
    0.05604
   -0.03086
   -0.14262
   -0.08210
    0.10027
    0.00549
   -0.13983
   -0.13072
    0.12554
   -0.00676
   -0.13772
   -0.07512
    0.09019
   -0.06145
    0.01552
   -0.02215
    0.07549
   -0.01604
   -0.15344
   -0.02873
    0.10428
   -0.03701
   -0.00502
   -0.09708
    0.09297
   -0.03512
   -0.00925
    0.04559
    0.01512
   -0.03103
   -0.03940
   -0.06449
    0.08161
   -0.04757
   -0.07489
   -0.00016
    0.08721
   -0.00506
   -0.11407
   -0.08243
    0.11675
   -0.06127
   -0.06493
    0.07869
    0.03349
   -0.02545
   -0.11262
   -0.08120
    0.10131
   -0.11738
   -0.13906
    0.00679
    0.16580
   -0.01731
   -0.09643
   -0.05552
    0.09384
   -0.07451
   -0.11622
    0.01309
    0.08488
   -0.08960
   -0.00927
    0.08666
    0.03409
   -0.06277
   -0.12521
    0.04497
    0.09618
    0.00251
   -0.06696
   -0.06632
    0.07244
   -0.10786
    0.01698
    0.06357
    0.01212
   -0.01787
   -0.06383
   -0.10293
    0.12599
   -0.06596
   -0.10962
   -0.06244
    0.14331
   -0.01076
   -0.08989
   -0.23668
    0.17236
   -0.09891
   -0.03616
   -0.07439
    0.13270
   -0.04268
    0.01184
   -0.10820
    0.08708
   -0.02696
   -0.07352
   -0.12860
    0.12392
    0.02448
   -0.01510
   -0.13536
    0.07073
   -0.02979
   -0.07342
    0.06984
    0.02094
   -0.02542
   -0.12331
   -0.09494
    0.13734
   -0.09247
   -0.19040
   -0.10261
    0.15285
    0.03689
   -0.04671
   -0.00604
   -0.01350
   -0.03679
   -0.12773
   -0.01121
    0.07827
   -0.03830
   -0.08512
   -0.00790
    0.06728
   -0.07619
   -0.11273
   -0.05164
    0.12859
   -0.02867
   -0.06890
   -0.09933
    0.11656
   -0.07311
   -0.10223
   -0.00228
    0.08039
    0.01044
   -0.12305
   -0.15341
    0.16394
    0.00147
   -0.18680
   -0.12612
    0.16506
    0.00935
   -0.15705
   -0.24096
    0.20403
   -0.02875
   -0.12148
   -0.05639
    0.11695
   -0.00291
   -0.05578
   -0.15064
    0.09757
   -0.08275
   -0.03463
   -0.15729
    0.15342
   -0.01973
   -0.16428
   -0.14055
    0.21612
   -0.12899
   -0.03933
   -0.05860
    0.11620
   -0.01581
   -0.17405
   -0.18283
    0.21101
   -0.01088
   -0.10236
   -0.36252
    0.29668
   -0.03314
   -0.14196
   -0.08534
    0.13481
   -0.00226
   -0.16586
   -0.10254
    0.14590
   -0.03388
   -0.04687
   -0.04007
    0.09933
   -0.06946
   -0.17188
   -0.11269
    0.16141
   -0.00788
   -0.10284
   -0.10234
    0.13612
   -0.00601
   -0.13826
   -0.11305
    0.13241
    0.02451
   -0.15950
   -0.25175
    0.19037
    0.00718
   -0.12915
   -0.21166
    0.20460
   -0.00735
   -0.08789
   -0.17873
    0.17377
   -0.11243
   -0.08184
   -0.16215
    0.17068
    0.01459
   -0.08777
   -0.20295
    0.15756
    0.00648
   -0.01422
   -0.18728
    0.11719
    0.12066
    0.01010
   -0.40905
    0.20413
    0.00587
   -0.09700
   -0.10653
    0.09793
    0.01485
   -0.21922
   -0.19890
    0.17809
    0.02003
   -0.19115
   -0.14773
    0.15942
   -0.04156
   -0.13935
   -0.03677
    0.09854
   -0.10306
   -0.24526
   -0.11592
    0.17749
   -0.04849
   -0.14016
    0.02135
    0.09612
   -0.03333
   -0.18500
   -0.17764
    0.17770
   -0.02660
   -0.10294
   -0.16005
    0.16657
   -0.03497
   -0.16300
   -0.04948
    0.09160
   -0.06155
    0.00166
   -0.12076
    0.13568
   -0.08566
   -0.16366
   -0.07170
    0.16451
   -0.07062
   -0.02470
   -0.07420
    0.13761
   -0.04584
   -0.04343
   -0.01770
    0.07180
   -0.03902
   -0.00187
   -0.07439
    0.08062
   -0.09250
   -0.01472
   -0.03782
    0.09969
    0.04766
   -0.09540
   -0.21169
    0.13919
   -0.08874
    0.01476
    0.04265
    0.00672
   -0.03230
   -0.10488
   -0.07957
    0.10394
   -0.09871
   -0.11030
   -0.16068
    0.16599
   -0.03372
   -0.07358
    0.03467
    0.04367
   -0.04358
   -0.15463
    0.00440
    0.07698
   -0.03632
    0.01221
   -0.05139
    0.05948
   -0.08562
   -0.11620
   -0.03173
    0.10705
   -0.00574
   -0.07443
   -0.13088
    0.11622
   -0.03701
   -0.04288
   -0.04726
    0.06554
   -0.05441
   -0.00579
   -0.10189
    0.13348
   -0.01663
   -0.10087
   -0.11034
    0.11063
   -0.06155
    0.00840
   -0.17931
    0.18912
   -0.12585
    0.00657
   -0.10917
    0.13273
   -0.07125
   -0.03053
   -0.09900
    0.13079
   -0.04251
    0.00758
   -0.23138
    0.14477
    0.00899
   -0.06582
   -0.13129
    0.11262
   -0.00754
   -0.08918
    0.02046
    0.04182
   -0.00128
   -0.07837
   -0.11682
    0.12104
   -0.09664
   -0.17582
   -0.11587
    0.14245
   -0.01886
   -0.10735
    0.02368
    0.07763
   -0.01449
   -0.08816
   -0.09333
    0.08377
   -0.03774
   -0.04231
    0.00286
    0.05120
   -0.08272
   -0.13319
   -0.02804
    0.14251
   -0.02062
   -0.07068
   -0.10075
    0.13616
   -0.07385
   -0.03010
    0.00869
    0.04713
   -0.00453
   -0.09341
   -0.14876
    0.16220
    0.01196
   -0.22126
   -0.07517
    0.14442
    0.01923
   -0.11197
   -0.25647
    0.20420
    0.00968
   -0.12228
   -0.05955
    0.10263
    0.00393
   -0.12856
   -0.10439
    0.10876
   -0.11791
    0.04533
   -0.09798
    0.13648
    0.01551
   -0.20244
   -0.08117
    0.16164
    0.02085
   -0.14087
   -0.02353
    0.08605
    0.04613
   -0.25295
   -0.14719
    0.16355
    0.01641
   -0.17410
   -0.11696
    0.15523
    0.14087
   -0.23502
   -0.08051
    0.05660
    0.03015
   -0.14947
   -0.10500
    0.11416
   -0.00920
   -0.09031
   -0.02235
    0.07693
   -0.03438
   -0.20125
   -0.15205
    0.17998
    0.03249
   -0.08608
   -0.16151
    0.12331
    0.04662
   -0.09961
   -0.07236
    0.08044
    0.00332
   -0.06513
   -0.20920
    0.17513
   -0.05075
   -0.08624
   -0.21470
    0.17570
   -0.00497
   -0.07620
   -0.16723
    0.16493
   -0.05391
   -0.11221
   -0.14532
    0.15507
   -0.03532
   -0.08700
   -0.06194
    0.10314
   -0.05191
   -0.09228
   -0.29787
    0.22175
    0.03424
   -0.17824
   -0.19618
    0.15673
    0.03412
   -0.12956
   -0.12948
    0.11037
    0.00726
   -0.09975
   -0.17540
    0.13576
    0.03915
   -0.21780
   -0.13372
    0.09040
   -0.03325
   -0.11259
   -0.03019
    0.09705
   -0.14028
   -0.14941
   -0.21889
    0.15691
   -0.04314
   -0.11864
    0.02796
    0.08030
   -0.03537
   -0.10933
   -0.17715
    0.14728
   -0.00829
   -0.12286
   -0.14805
    0.16681
   -0.05027
   -0.14294
   -0.08075
    0.10035
   -0.05364
    0.01061
   -0.14974
    0.13059
   -0.02965
   -0.10825
   -0.10173
    0.12207
   -0.02658
   -0.00828
   -0.12879
    0.09627
   -0.01072
   -0.02819
   -0.04958
    0.05340
   -0.01876
   -0.02084
   -0.09952
    0.07784
   -0.07293
   -0.03174
   -0.12776
    0.12264
    0.02947
   -0.13069
   -0.07790
    0.07214
   -0.08918
   -0.01434
    0.01818
    0.04519
   -0.01156
   -0.09217
   -0.14814
    0.12067
   -0.10352
   -0.09239
   -0.09498
    0.14544
   -0.04026
   -0.11176
   -0.04035
    0.11565
   -0.06088
   -0.14574
    0.00827
    0.08313
   -0.03910
   -0.01025
    0.00122
    0.04083
   -0.07944
   -0.12109
   -0.05008
    0.12235
    0.01666
   -0.05636
   -0.12192
    0.08478
   -0.06344
    0.02592
   -0.01145
    0.02269
   -0.05118
   -0.01240
    0.02148
    0.05951
   -0.05729
   -0.08133
   -0.03627
    0.11210
   -0.02379
    0.03199
   -0.11338
    0.06543
   -0.11552
    0.03005
    0.00802
    0.05598
   -0.06932
   -0.04424
   -0.04005
    0.10403
   -0.01833
   -0.04624
   -0.09138
    0.07395
   -0.02820
    0.01294
   -0.10035
    0.08081
   -0.07023
   -0.04077
    0.04844
    0.03952
   -0.02691
   -0.15713
   -0.07215
    0.12955
   -0.10145
   -0.15774
   -0.08723
    0.13311
   -0.03280
   -0.03318
    0.02670
    0.03224
   -0.05407
   -0.07447
    0.00988
    0.05445
   -0.06265
    0.00213
    0.02996
    0.02771
   -0.08771
   -0.08449
   -0.01759
    0.10871
   -0.04054
   -0.00989
   -0.06867
    0.07652
   -0.07075
   -0.00200
    0.08443
    0.00100
   -0.02162
   -0.10735
   -0.10768
    0.15850
   -0.02729
   -0.18653
   -0.10153
    0.16501
   -0.02478
   -0.13339
   -0.22308
    0.22307
   -0.01886
   -0.09986
   -0.01226
    0.08859
   -0.03757
   -0.11804
   -0.08388
    0.13317
   -0.11321
   -0.01498
   -0.11470
    0.14894
    0.00631
   -0.08398
   -0.20180
    0.18602
   -0.07185
   -0.08461
    0.02668
    0.07394
    0.00335
   -0.25046
   -0.11788
    0.14327
   -0.09820
   -0.18629
   -0.08712
    0.21060
    0.02928
   -0.25664
   -0.07594
    0.12688
   -0.02584
   -0.17524
   -0.02829
    0.12694
   -0.00923
   -0.07957
   -0.04863
    0.08019
   -0.07997
   -0.20624
   -0.06207
    0.13589
   -0.02067
   -0.11214
   -0.09889
    0.14124
    0.01772
   -0.06864
   -0.01955
    0.04939
   -0.00097
   -0.08863
   -0.17525
    0.15569
   -0.04285
   -0.13580
   -0.12516
    0.15494
   -0.01796
   -0.06691
   -0.17079
    0.15643
   -0.08227
   -0.07471
   -0.11883
    0.15431
    0.00990
   -0.09545
   -0.15179
    0.09749
   -0.05925
   -0.05282
   -0.16315
    0.12026
   -0.06074
   -0.07093
   -0.21296
    0.20475
   -0.00487
   -0.09476
   -0.09079
    0.08864
    0.01768
   -0.15985
   -0.21148
    0.16697
   -0.07742
   -0.19122
   -0.13838
    0.17351
   -0.08516
   -0.26641
   -0.02443
    0.18746
   -0.08818
   -0.12440
   -0.13962
    0.16103
   -0.03663
   -0.12334
   -0.00595
    0.08208
   -0.04966
   -0.15992
   -0.10450
    0.12357
   -0.03126
   -0.13245
   -0.13311
    0.14422
   -0.04668
   -0.05756
   -0.05479
    0.06738
   -0.07284
    0.02144
   -0.00423
    0.07087
   -0.06197
   -0.13364
   -0.07294
    0.14987
   -0.04680
    0.00799
   -0.07968
    0.09157
   -0.07232
   -0.00450
    0.06213
    0.01814
   -0.05123
   -0.02170
   -0.05364
    0.08424
   -0.10002
   -0.03705
   -0.02755
    0.10502
    0.00626
   -0.09255
   -0.15599
    0.11063
   -0.08943
   -0.04840
    0.05491
    0.03706
   -0.05022
   -0.10014
   -0.07937
    0.11636
   -0.11463
   -0.16484
   -0.02430
    0.14432
   -0.05632
   -0.10786
   -0.03474
    0.10900
   -0.09208
   -0.13427
    0.02713
    0.07648
   -0.07563
   -0.00915
    0.04959
    0.04029
   -0.10289
   -0.07410
    0.05032
    0.08175
   -0.02201
   -0.04643
   -0.04435
    0.06931
   -0.13609
   -0.02974
    0.03985
    0.05053
