IntronPotTab 1 1024 -24.34190 4.02208 23.43413 18713 6 16  416.48
   -0.01245
   -0.08921
    0.04187
    0.02700
   -0.08559
   -0.05262
   -0.07558
    0.13724
   -0.03607
   -0.00504
   -0.02258
    0.07025
   -0.14060
   -0.01755
    0.13819
    0.06349
   -0.10508
   -0.05581
    0.09744
    0.10869
    0.08755
   -0.30478
   -0.03569
    0.15349
   -0.03572
   -0.06163
   -0.04002
    0.10151
   -0.06246
   -0.16970
    0.12205
    0.06331
   -0.00523
   -0.02147
   -0.07623
    0.07381
    0.01391
   -0.12464
   -0.13260
    0.06538
   -0.00856
   -0.00472
   -0.06618
    0.06761
   -0.04971
   -0.07478
   -0.04544
    0.08968
   -0.03681
    0.04423
    0.12167
   -0.02300
   -0.03383
   -0.11308
   -0.14283
    0.11573
   -0.05845
    0.01104
   -0.04605
    0.09611
   -0.10073
   -0.01010
    0.08774
    0.03482
   -0.02692
   -0.21521
    0.06166
    0.13119
    0.03617
   -0.13024
   -0.15493
    0.08099
   -0.00074
   -0.07234
   -0.13541
    0.12677
   -0.07694
   -0.09474
    0.03546
    0.08463
   -0.01641
   -0.19675
    0.03704
    0.10814
    0.19025
   -0.42763
   -0.05581
    0.19458
   -0.00801
   -0.09670
   -0.05571
    0.10806
   -0.04298
   -0.15679
    0.08652
    0.06545
    0.07818
   -0.12680
   -0.11500
    0.09934
    0.09815
   -0.18221
   -0.23538
    0.12740
    0.23077
   -0.04424
   -0.35402
    0.30384
   -0.00340
   -0.08209
   -0.05324
    0.09176
   -0.04509
   -0.08033
    0.02308
    0.07173
   -0.03144
   -0.12387
   -0.10369
    0.12420
   -0.02287
   -0.05846
   -0.03304
    0.08810
   -0.07647
   -0.00636
    0.05588
    0.01412
   -0.06647
    0.00569
   -0.01784
    0.12349
   -0.00664
   -0.04999
   -0.14368
    0.06386
    0.01054
   -0.01069
   -0.15148
    0.12120
   -0.06656
   -0.04755
    0.03340
    0.04817
   -0.05941
   -0.09436
   -0.00020
    0.10043
    0.03665
   -0.11197
   -0.26347
    0.08053
    0.02536
   -0.15150
   -0.10163
    0.15463
   -0.02639
   -0.12648
    0.06657
    0.03818
    0.00806
   -0.02141
   -0.09606
    0.06745
    0.02188
   -0.09411
   -0.19631
    0.07235
    0.07167
    0.04902
   -0.19345
    0.05447
   -0.10327
   -0.04533
    0.02580
    0.06517
   -0.03268
   -0.00532
    0.02080
    0.02226
    0.01742
   -0.08946
   -0.16530
    0.07294
    0.01335
    0.00348
   -0.09674
    0.06298
   -0.05011
   -0.01631
   -0.00283
    0.04007
   -0.07242
    0.02136
    0.02035
    0.06210
    0.03651
   -0.27037
   -0.07514
    0.14045
   -0.05711
    0.01630
   -0.02295
    0.06654
   -0.07603
    0.05242
    0.14901
   -0.01983
   -0.09845
   -0.02012
    0.05826
    0.08299
   -0.02095
   -0.09337
   -0.13523
    0.09125
   -0.06975
   -0.03136
   -0.11183
    0.18149
   -0.06420
   -0.09578
    0.14408
    0.01814
   -0.00541
   -0.00548
   -0.14280
    0.09367
   -0.02785
   -0.09055
   -0.12230
    0.09166
   -0.00953
   -0.05233
   -0.07688
    0.08878
   -0.05042
   -0.05920
    0.03299
    0.03675
   -0.08474
    0.02317
    0.01165
    0.06290
   -0.05555
   -0.08090
   -0.14239
    0.10368
   -0.09483
    0.02496
   -0.00760
    0.10016
   -0.08558
    0.04463
    0.05563
    0.01082
   -0.02829
    0.00296
   -0.00917
    0.03215
   -0.02854
   -0.23866
   -0.13093
    0.19755
   -0.06282
   -0.07107
   -0.05208
    0.13211
   -0.11711
   -0.09802
    0.07206
    0.08712
   -0.09046
    0.01238
   -0.00403
    0.08427
   -0.04424
   -0.03911
   -0.24476
    0.13712
    0.04191
    0.01285
   -0.19429
    0.08528
   -0.06083
   -0.10118
    0.14412
    0.01613
   -0.00084
   -0.06127
   -0.07617
    0.07369
    0.00158
   -0.12939
   -0.28072
    0.12304
    0.03821
   -0.03593
   -0.07226
    0.02843
   -0.05236
   -0.12567
   -0.02178
    0.09289
   -0.05598
   -0.06228
    0.08654
    0.03718
   -0.06735
   -0.07432
   -0.21484
    0.14766
   -0.05725
    0.01702
   -0.03833
    0.05907
   -0.07791
   -0.07549
    0.02436
    0.06263
   -0.02827
   -0.05167
   -0.00683
    0.07075
    0.03752
   -0.05807
   -0.19745
    0.04661
   -0.01581
   -0.12617
   -0.09659
    0.15108
   -0.06810
   -0.11427
    0.05296
    0.07478
   -0.07097
    0.01577
    0.04924
    0.04822
    0.02988
    0.26273
   -0.62737
    0.05412
    0.14937
    0.12049
    0.10280
   -0.15196
   -0.04828
   -0.20455
    0.10191
    0.10356
    0.01835
   -0.09981
    0.03042
    0.01321
    0.10212
   -0.16662
   -0.27476
    0.13300
    0.04697
   -0.17255
   -0.03383
    0.11108
   -0.33286
    0.09626
   -0.01096
    0.32970
   -0.06341
   -0.01893
   -0.02109
    0.09399
    0.04202
    0.01017
   -0.26103
    0.02440
   -0.02665
   -0.04549
   -0.02414
    0.07165
   -0.09305
   -0.09214
    0.00848
    0.08630
   -0.00444
   -0.04677
   -0.09250
    0.08409
    0.04727
   -0.14427
   -0.41815
    0.18430
   -0.04360
   -0.00429
   -0.17497
    0.16385
    0.00389
   -0.17879
   -0.02267
    0.10783
   -0.06161
   -0.04809
   -0.11199
    0.13562
    0.03534
   -0.13030
   -0.39161
    0.21163
    0.02806
   -0.17828
   -0.18549
    0.25401
    0.04387
   -0.17193
   -0.08290
    0.12189
    0.05141
   -0.06423
   -0.12966
    0.07869
    0.10262
   -0.20753
   -0.39309
    0.21488
    0.17556
   -0.00756
   -0.31730
    0.20973
    0.00440
   -0.12670
   -0.08235
    0.11591
   -0.24098
    0.17137
    0.11227
    0.18099
    0.05380
   -0.09705
   -0.39273
    0.16241
    0.01254
   -0.06081
   -0.07534
    0.07602
    0.01989
   -0.09402
   -0.07024
    0.06319
   -0.03013
    0.01352
   -0.02897
    0.03474
   -0.01643
   -0.08593
   -0.19629
    0.09106
   -0.03047
   -0.05338
   -0.05466
    0.09521
   -0.05026
   -0.05708
    0.05825
    0.02967
   -0.01709
   -0.02403
    0.06234
    0.00177
   -0.04174
    0.02177
   -0.24457
    0.07308
    0.00489
   -0.08241
   -0.01814
    0.04964
   -0.09758
    0.04226
    0.12803
   -0.02332
   -0.00407
   -0.07279
   -0.07630
    0.06947
   -0.00368
   -0.12941
   -0.22644
    0.10608
   -0.00833
   -0.11498
    0.00511
    0.07317
   -0.06736
   -0.08853
   -0.01303
    0.08248
   -0.00137
   -0.15570
    0.01351
    0.06792
   -0.03587
   -0.07961
   -0.21743
    0.08899
   -0.06206
   -0.00908
   -0.04458
    0.08884
   -0.05286
   -0.05520
    0.00229
    0.04770
   -0.09116
    0.04039
   -0.02194
    0.12797
   -0.04741
   -0.12930
   -0.18362
    0.13656
   -0.08066
   -0.02956
   -0.06648
    0.16653
   -0.07182
   -0.09275
    0.03963
    0.06287
   -0.13173
   -0.00470
    0.03683
    0.13429
   -0.00128
   -0.08878
   -0.24862
    0.10911
   -0.03992
   -0.06137
   -0.06772
    0.14023
   -0.03053
   -0.18246
    0.07794
    0.06216
   -0.08218
   -0.00179
    0.00049
    0.12236
   -0.02022
   -0.08165
   -0.28710
    0.10727
   -0.00052
   -0.01194
   -0.12712
    0.11232
   -0.04748
   -0.09821
   -0.00771
    0.06908
   -0.05299
    0.01982
    0.03012
    0.02891
   -0.01913
   -0.08772
   -0.29010
    0.14212
   -0.06626
    0.02413
   -0.05730
    0.10635
   -0.04399
   -0.06754
    0.00028
    0.05363
   -0.02021
   -0.07234
   -0.04451
    0.08625
    0.04298
   -0.09842
   -0.27179
    0.09836
    0.00229
   -0.10897
   -0.11427
    0.14875
   -0.05163
   -0.11960
    0.04181
    0.07168
   -0.02457
   -0.11036
   -0.03363
    0.09671
   -0.04334
   -0.03706
   -0.34412
    0.17712
    0.02345
   -0.15520
   -0.04865
    0.11568
   -0.04631
   -0.15594
    0.05595
    0.08133
    0.07330
   -0.11539
   -0.10275
    0.08432
    0.11152
   -0.05869
   -0.35285
    0.13531
    0.07075
   -0.20658
   -0.02372
    0.11828
    0.00827
   -0.15898
   -0.01565
    0.10401
   -0.04151
   -0.05575
   -0.03766
    0.09894
    0.02868
   -0.12414
   -0.26556
    0.11734
   -0.00954
   -0.09514
   -0.07107
    0.13927
   -0.01390
   -0.09585
   -0.01870
    0.06885
    0.01802
   -0.02457
   -0.08276
    0.04913
    0.01781
   -0.04097
   -0.24176
    0.06729
   -0.00590
   -0.04609
   -0.03243
    0.05801
    0.00108
   -0.08377
   -0.00071
    0.03305
   -0.05104
   -0.06570
   -0.07060
    0.11566
    0.01811
   -0.06060
   -0.47314
    0.16368
   -0.03257
   -0.05128
   -0.05569
    0.12500
   -0.03179
   -0.11838
    0.00612
    0.06555
    0.04290
   -0.04616
   -0.05711
    0.00749
    0.03610
   -0.09587
   -0.24440
    0.08467
    0.24796
    0.16275
    0.22335
   -0.28469
   -0.11400
    0.10582
    0.16247
   -0.02389
    0.06994
    0.03943
    0.07958
   -0.10623
    0.02687
   -0.07647
   -0.29622
    0.12133
   -0.00755
    0.01093
   -0.05126
    0.04450
   -0.02756
    0.01026
   -0.19447
    0.15677
   -0.03884
    0.09421
   -0.19738
    0.11041
   -0.01760
   -0.12923
   -0.15140
    0.11176
   -0.03147
   -0.01388
   -0.05257
    0.07072
   -0.16581
    0.05719
    0.06898
    0.08624
   -0.09553
   -0.03485
    0.03707
    0.10397
   -0.03468
   -0.03075
   -0.24816
    0.09816
   -0.01077
   -0.08346
   -0.07302
    0.10636
   -0.05524
   -0.09147
    0.08209
    0.03759
    0.01306
   -0.03211
   -0.14269
    0.07713
    0.00415
   -0.08343
   -0.20165
    0.07475
    0.03847
   -0.04945
    0.02383
   -0.01943
   -0.09079
   -0.02853
    0.04345
    0.04432
   -0.02298
    0.03477
   -0.02432
    0.01917
   -0.02443
   -0.06539
   -0.20346
    0.08231
    0.00221
    0.09586
    0.04666
   -0.07358
    0.00349
    0.03532
    0.05510
   -0.04253
   -0.06416
    0.05082
    0.05808
    0.02807
   -0.02643
   -0.15895
   -0.03867
    0.10849
   -0.09111
    0.04966
   -0.03679
    0.10981
   -0.15393
    0.01269
    0.12976
    0.05465
   -0.06860
   -0.12766
    0.02986
    0.10947
    0.01273
   -0.26617
   -0.11731
    0.18934
    0.03326
    0.14677
   -0.36001
    0.30461
   -0.09034
   -0.14103
    0.13511
    0.05292
   -0.04568
   -0.01072
   -0.06347
    0.10437
   -0.01937
   -0.14193
   -0.11505
    0.09872
    0.00635
   -0.04674
   -0.06729
    0.06593
   -0.08026
   -0.04873
   -0.02990
    0.08121
   -0.03480
   -0.11688
    0.14859
    0.01542
   -0.05343
   -0.05652
   -0.13801
    0.09728
   -0.11994
    0.05552
   -0.02716
    0.10248
   -0.09073
    0.06260
    0.07929
    0.00712
   -0.02700
   -0.05889
    0.00959
    0.04896
   -0.05258
   -0.09027
   -0.16499
    0.12737
   -0.04629
   -0.10730
   -0.09492
    0.15465
   -0.11966
   -0.11510
    0.07394
    0.10184
   -0.06900
   -0.05989
    0.00974
    0.08930
   -0.04364
   -0.01332
   -0.25426
    0.09229
   -0.02481
   -0.09987
   -0.15560
    0.17505
   -0.07754
   -0.16098
    0.12238
    0.06849
    0.03480
   -0.16209
    0.01288
    0.03587
    0.02895
   -0.16247
   -0.30872
    0.17818
    0.05043
   -0.17513
   -0.08488
    0.11931
   -0.16067
   -0.09632
    0.04329
    0.14313
   -0.09889
   -0.01093
    0.00368
    0.10410
   -0.14654
   -0.06513
   -0.20308
    0.16298
   -0.07138
   -0.04874
   -0.04070
    0.12175
   -0.11799
   -0.07182
    0.04228
    0.07486
   -0.04020
    0.00723
   -0.03084
    0.06168
   -0.08108
   -0.01557
   -0.14801
    0.13895
   -0.09110
    0.05071
    0.00831
    0.08698
   -0.05565
   -0.04682
   -0.02256
    0.07237
   -0.03371
   -0.06669
   -0.08197
    0.09214
   -0.01869
   -0.07052
   -0.26225
    0.10906
   -0.06877
   -0.07230
   -0.07356
    0.17075
   -0.04211
   -0.14641
    0.02547
    0.07410
    0.02224
   -0.06226
   -0.09539
    0.06467
    0.01302
   -0.10375
   -0.30862
    0.11365
    0.04249
   -0.09354
   -0.15103
    0.10899
   -0.10421
   -0.05031
   -0.04599
    0.11404
   -0.06304
   -0.00318
    0.03190
    0.04245
   -0.07598
   -0.01364
   -0.18895
    0.13043
   -0.06732
    0.04606
   -0.02823
    0.05323
    0.02019
    0.00111
   -0.03065
    0.00459
   -0.06360
    0.05390
    0.02227
    0.03173
   -0.01958
   -0.00485
   -0.47546
    0.15571
   -0.08254
    0.01129
   -0.03352
    0.09987
   -0.09206
    0.00599
    0.08658
    0.01674
   -0.08634
   -0.02886
    0.04711
    0.07259
   -0.05283
   -0.01616
   -0.13302
    0.06663
   -0.06753
   -0.03628
   -0.11436
    0.15954
   -0.10131
   -0.16819
    0.17771
    0.06016
   -0.00869
   -0.09416
   -0.03017
    0.06122
   -0.00582
   -0.11504
   -0.16816
    0.07811
   -0.02386
   -0.04005
   -0.08338
    0.09673
   -0.01626
   -0.10644
    0.05858
    0.02074
   -0.05200
   -0.01558
    0.05800
    0.02236
   -0.03601
    0.02900
   -0.09840
    0.02070
   -0.05709
    0.04095
   -0.03170
    0.05078
   -0.09590
   -0.04654
    0.07621
    0.04813
