IntronPotTab 1 1024 -14.63692 2.80774 14.67822 7300 6 16  473.80
   -0.03091
   -0.01014
    0.03367
    0.02548
   -0.01656
   -0.06995
   -0.17915
    0.09080
   -0.05213
    0.02025
   -0.01344
    0.05461
   -0.04488
   -0.06440
    0.03000
    0.04959
   -0.04756
   -0.05008
    0.11593
    0.04289
   -0.02009
   -0.07476
    0.00065
    0.07357
   -0.02308
   -0.02966
    0.06976
   -0.00161
   -0.02948
   -0.10619
    0.13046
    0.01597
   -0.03095
   -0.00682
    0.02636
    0.02981
   -0.01172
   -0.14042
   -0.22272
    0.12655
   -0.02832
    0.03778
    0.05007
   -0.01629
   -0.03787
   -0.09719
    0.03213
    0.04179
   -0.07891
    0.01206
    0.08209
    0.05033
    0.02388
   -0.01015
   -0.24642
    0.05085
   -0.07843
    0.06110
    0.01373
    0.05154
   -0.06930
   -0.02435
    0.05885
    0.02991
   -0.02823
   -0.02907
   -0.06582
    0.09025
   -0.07294
   -0.04525
    0.01883
    0.11586
   -0.03781
   -0.04055
   -0.04439
    0.07653
   -0.05077
   -0.06287
    0.08896
    0.01488
   -0.06594
   -0.04486
    0.00530
    0.10827
    0.01282
    0.03156
   -0.17490
    0.01453
   -0.01124
    0.00797
   -0.03176
    0.02519
   -0.11154
   -0.04947
    0.09504
    0.07540
   -0.14878
    0.02594
    0.07935
    0.11079
    0.03186
   -0.04803
   -0.14280
    0.06307
   -0.00547
   -0.02434
    0.01701
    0.00691
   -0.04153
   -0.05971
    0.09319
   -0.00842
   -0.02032
   -0.03706
   -0.03441
    0.05719
   -0.02945
   -0.02435
   -0.11585
    0.06966
   -0.02500
   -0.02705
   -0.06090
    0.06992
   -0.06112
   -0.03265
    0.04738
    0.02912
    0.00503
   -0.00387
   -0.04989
    0.02687
    0.00656
   -0.04939
   -0.16877
    0.06312
   -0.01772
    0.00709
   -0.02156
    0.03423
    0.01887
   -0.02955
    0.00011
   -0.00395
   -0.06556
    0.00895
    0.00425
    0.06078
   -0.01683
   -0.02623
   -0.00230
    0.02875
    0.04195
   -0.26080
    0.12069
    0.06013
   -0.01777
   -0.07874
    0.03593
    0.02863
    0.00088
   -0.12780
    0.00995
    0.05975
    0.02286
   -0.01052
   -0.22695
    0.03775
   -0.00200
    0.00457
    0.07844
   -0.03888
   -0.04894
   -0.12651
   -0.01319
    0.08864
   -0.04405
   -0.05212
    0.04572
    0.04132
    0.00658
   -0.05134
   -0.20354
    0.07386
   -0.03200
    0.03298
   -0.03143
    0.03287
   -0.01305
   -0.08861
    0.01110
    0.03457
   -0.05028
    0.02781
    0.03613
    0.03127
   -0.04847
   -0.01912
   -0.14855
    0.09411
   -0.04196
    0.09159
   -0.05552
    0.03061
   -0.05856
    0.00886
    0.07754
    0.01488
   -0.06055
   -0.01349
    0.03079
    0.06164
   -0.09784
    0.07593
    0.00115
    0.08743
   -0.11500
    0.08882
    0.10675
    0.06024
   -0.00945
   -0.05575
    0.11590
   -0.01645
   -0.02578
   -0.11969
   -0.01105
    0.08713
   -0.07932
   -0.00382
   -0.11535
    0.12655
   -0.02608
    0.00658
   -0.03240
    0.04006
   -0.01326
   -0.03515
    0.01268
    0.01440
   -0.05632
    0.02942
    0.04427
    0.02508
   -0.01022
    0.01683
   -0.14065
    0.03244
    0.00385
    0.08387
   -0.17309
    0.06582
   -0.06247
    0.01168
    0.06587
    0.00541
   -0.04064
   -0.01681
   -0.03260
    0.06673
   -0.04497
   -0.04194
   -0.14348
    0.10523
   -0.12467
    0.03227
    0.02322
    0.10875
   -0.04318
   -0.12547
    0.03308
    0.06579
   -0.11302
    0.02018
    0.10757
    0.09359
   -0.02709
   -0.00388
    0.04810
    0.01810
   -0.03438
   -0.07771
    0.02476
    0.05526
   -0.09491
   -0.07004
    0.16405
    0.02784
   -0.00599
   -0.01381
   -0.00113
    0.01382
   -0.02700
   -0.04178
   -0.27025
    0.12746
    0.02932
   -0.02645
    0.05321
   -0.04959
   -0.04185
   -0.09562
    0.05088
    0.03195
   -0.04944
   -0.01507
    0.05522
    0.02870
    0.00582
   -0.15563
   -0.09396
    0.11013
   -0.06116
    0.00957
   -0.03203
    0.06050
   -0.00742
   -0.02516
    0.01335
    0.00648
    0.04171
    0.02154
    0.01735
   -0.06464
   -0.03292
   -0.05407
   -0.15945
    0.11450
   -0.04604
   -0.06399
   -0.10123
    0.13537
   -0.01950
   -0.11092
    0.05820
    0.03626
   -0.02444
    0.02469
   -0.04534
    0.03403
   -0.08023
    0.05129
   -0.24212
    0.09451
   -0.12397
    0.10965
   -0.00640
    0.08148
   -0.20557
    0.04403
    0.10347
    0.10714
   -0.09959
    0.00500
    0.01568
    0.10141
    0.05093
   -0.10941
   -0.24329
    0.14053
    0.02338
   -0.11858
   -0.06428
    0.06814
   -0.08091
   -0.05467
    0.01608
    0.06697
   -0.05653
    0.04023
   -0.09016
    0.10433
   -0.00123
   -0.10529
   -0.22438
    0.12780
   -0.02820
   -0.03096
   -0.13857
    0.12280
   -0.03954
   -0.08490
    0.00734
    0.06175
   -0.09056
    0.04181
    0.01342
    0.10170
    0.04794
    0.01861
   -0.19419
    0.02080
   -0.00686
   -0.08090
   -0.10145
    0.10532
    0.04687
    0.05878
    0.02362
   -0.05608
    0.01967
   -0.05131
   -0.05869
    0.03744
    0.08329
   -0.20076
   -0.09722
    0.07509
    0.09048
   -0.22399
   -0.06839
    0.12456
    0.16692
   -0.08251
   -0.07960
   -0.03444
   -0.01708
   -0.06918
   -0.01753
    0.06246
    0.07842
   -0.04840
   -0.28624
    0.12959
    0.01713
   -0.15971
    0.10125
   -0.00439
   -0.09563
   -0.10812
    0.06594
    0.06398
   -0.02954
   -0.12190
    0.03693
    0.06491
    0.06470
   -0.22087
   -0.08071
    0.14241
   -0.02059
   -0.03386
   -0.11691
    0.09587
   -0.01979
   -0.06301
   -0.00367
    0.03788
   -0.07816
    0.05576
   -0.00646
    0.06228
   -0.04158
   -0.00197
   -0.17796
    0.08173
   -0.00352
    0.05388
   -0.16112
    0.07277
   -0.02901
   -0.04657
    0.05804
    0.01160
   -0.06144
    0.02900
    0.02729
    0.04650
   -0.04732
   -0.03116
   -0.07527
    0.08400
   -0.05037
   -0.04450
    0.00917
    0.06271
   -0.06476
    0.02101
    0.09075
   -0.00501
   -0.02540
   -0.00898
   -0.05618
    0.05566
   -0.02609
   -0.04788
   -0.19427
    0.09505
   -0.04153
    0.00771
   -0.02570
    0.04448
   -0.06403
   -0.05072
    0.00743
    0.05301
   -0.03850
    0.01792
    0.00626
    0.02354
    0.00256
   -0.01789
   -0.17687
    0.04003
   -0.02485
    0.05842
   -0.03511
    0.01211
   -0.03268
   -0.01534
   -0.01129
    0.02836
   -0.04806
   -0.00553
   -0.01777
    0.07224
   -0.02940
   -0.02844
   -0.19532
    0.08636
   -0.10763
    0.03811
   -0.02104
    0.12729
   -0.06918
   -0.03868
    0.02177
    0.05576
   -0.09329
   -0.01960
    0.08891
    0.08747
    0.02255
    0.02038
   -0.09910
   -0.00662
   -0.11854
    0.00590
    0.14044
    0.09575
   -0.03414
   -0.07120
    0.12478
    0.00373
   -0.03354
   -0.00859
   -0.00034
    0.04763
   -0.03150
   -0.04549
   -0.23164
    0.10779
   -0.08505
    0.01956
    0.11769
    0.02833
   -0.01516
   -0.06891
    0.03793
    0.01389
   -0.05299
   -0.01073
    0.02722
    0.04327
   -0.04835
    0.00596
   -0.10239
    0.08059
   -0.08723
   -0.02705
    0.01741
    0.10899
   -0.00972
    0.00639
   -0.04875
    0.02716
   -0.02189
   -0.05487
   -0.06188
    0.08681
   -0.09364
   -0.01968
   -0.15051
    0.17582
   -0.02625
   -0.08408
   -0.12922
    0.14184
   -0.00191
   -0.17967
    0.04731
    0.07094
   -0.04109
   -0.03864
   -0.04166
    0.08094
   -0.04521
    0.02281
   -0.26658
    0.11198
    0.01283
   -0.05987
   -0.13106
    0.11168
   -0.08622
   -0.04992
    0.03984
    0.07571
    0.00602
   -0.03024
   -0.07374
    0.05873
    0.07848
   -0.01963
   -0.19460
    0.04995
   -0.01378
   -0.05734
   -0.08283
    0.09868
    0.00563
   -0.17176
    0.00643
    0.07178
   -0.04915
   -0.07482
   -0.03562
    0.09850
   -0.00998
   -0.05497
   -0.24878
    0.10005
   -0.01311
   -0.05832
   -0.11442
    0.12388
   -0.01012
   -0.09507
   -0.00146
    0.05695
    0.00239
   -0.07991
   -0.05808
    0.07795
    0.00414
    0.03803
   -0.38416
    0.11899
   -0.01999
    0.00599
   -0.09251
    0.10937
    0.07265
   -0.03124
   -0.14863
    0.06366
   -0.07834
   -0.00090
   -0.01775
    0.08608
   -0.00515
   -0.01889
   -0.22318
    0.09729
    0.00697
   -0.20196
    0.02189
    0.11398
    0.00989
   -0.05191
    0.06709
   -0.01916
    0.01246
    0.00554
   -0.10551
    0.07439
   -0.00109
    0.00685
   -0.36148
    0.11507
   -0.01573
   -0.06129
    0.01069
    0.03536
    0.04064
   -0.05506
   -0.01088
    0.00308
   -0.05281
   -0.12573
    0.06407
    0.07386
   -0.05461
   -0.03962
   -0.12704
    0.12582
   -0.02575
    0.00803
   -0.05938
    0.05882
   -0.03761
   -0.04366
    0.03905
    0.01551
   -0.04887
    0.00132
   -0.00836
    0.05818
   -0.01272
   -0.09657
   -0.23594
    0.11766
   -0.03044
    0.02349
   -0.04563
    0.03739
   -0.01805
   -0.02446
    0.03046
    0.00682
   -0.00412
    0.02514
    0.05680
   -0.02473
   -0.08349
    0.11119
   -0.01449
    0.04383
   -0.07555
    0.04015
    0.03058
    0.03187
   -0.01062
   -0.07030
    0.10269
   -0.00187
   -0.01525
   -0.02522
   -0.04811
    0.04900
   -0.12137
   -0.00022
   -0.12619
    0.17671
   -0.04304
    0.00636
    0.01874
    0.02702
    0.00218
   -0.07116
   -0.01426
    0.03433
   -0.08597
   -0.00515
    0.05583
    0.05671
   -0.04879
   -0.02537
   -0.15624
    0.10184
   -0.03242
    0.03338
   -0.02900
    0.02893
   -0.02088
   -0.01298
    0.00047
    0.01626
   -0.05459
    0.05562
    0.04217
    0.02916
   -0.03868
   -0.05719
   -0.16122
    0.09580
   -0.02218
    0.05841
   -0.03774
    0.01222
   -0.07803
   -0.01070
    0.09026
    0.02627
   -0.07093
   -0.01199
    0.03292
    0.07116
   -0.02792
    0.02075
   -0.12323
    0.05364
   -0.02727
    0.06508
   -0.00465
    0.00694
   -0.05076
   -0.07927
    0.13734
    0.01943
   -0.01728
   -0.01809
   -0.02938
    0.04605
   -0.02577
   -0.12339
   -0.05354
    0.09460
    0.11529
    0.00636
   -0.08543
   -0.05253
   -0.02776
   -0.09020
   -0.00088
    0.04853
   -0.05428
    0.04563
    0.07924
    0.00557
   -0.04499
   -0.01245
   -0.13570
    0.08049
   -0.04322
    0.07099
   -0.01087
    0.01319
   -0.05678
   -0.02187
    0.06413
    0.01650
   -0.04975
   -0.04405
   -0.04117
    0.09581
   -0.04874
   -0.06809
   -0.07814
    0.10720
   -0.06245
   -0.02403
   -0.13815
    0.12821
    0.00934
   -0.14444
    0.09976
    0.01477
   -0.11802
   -0.00601
    0.01451
    0.14054
   -0.03906
    0.03180
   -0.08262
    0.02943
   -0.04439
   -0.01218
   -0.03961
    0.06499
   -0.00907
   -0.16998
    0.10081
    0.06849
   -0.01133
    0.03597
   -0.01413
    0.00109
    0.03704
   -0.15562
   -0.12657
    0.11646
    0.01543
   -0.03533
   -0.22323
    0.10426
   -0.00424
   -0.28180
    0.10835
    0.09588
   -0.04109
   -0.03303
   -0.03024
    0.06874
   -0.04277
   -0.09590
   -0.11712
    0.09578
   -0.07694
   -0.01415
   -0.09347
    0.12782
    0.02504
   -0.08654
   -0.05650
    0.06080
   -0.01412
   -0.06712
   -0.03217
    0.06688
   -0.01859
   -0.11079
   -0.15385
    0.12177
   -0.01646
    0.02245
   -0.04130
    0.02955
   -0.03026
   -0.08442
   -0.01799
    0.05978
   -0.00553
   -0.11263
   -0.00134
    0.05448
   -0.02346
   -0.04840
   -0.09593
    0.07430
    0.01120
   -0.13989
    0.05210
    0.03183
   -0.01318
   -0.12061
    0.02504
    0.04416
    0.06904
   -0.12612
   -0.02697
    0.00211
   -0.00606
   -0.03962
   -0.17979
    0.07520
   -0.01563
   -0.08702
    0.01513
    0.04156
   -0.03679
   -0.08572
   -0.00282
    0.04943
   -0.03933
   -0.05316
    0.02179
    0.04455
   -0.01407
   -0.09140
   -0.13377
    0.10183
   -0.00547
   -0.05125
    0.02991
    0.01112
   -0.02842
   -0.08391
   -0.00947
    0.04804
   -0.06416
   -0.02435
    0.05813
    0.05467
   -0.04090
   -0.03042
   -0.13698
    0.08206
   -0.03039
    0.09082
   -0.12056
    0.06550
   -0.05184
    0.00034
    0.10160
   -0.00724
   -0.04815
    0.00269
    0.02275
    0.03983
   -0.04918
    0.02720
   -0.09966
    0.05181
   -0.02840
    0.09002
   -0.00626
    0.00026
   -0.03096
   -0.04745
    0.15439
   -0.01633
   -0.01597
   -0.01107
   -0.04372
    0.04196
   -0.03889
   -0.06819
   -0.11997
    0.09284
   -0.09785
    0.05005
    0.05765
    0.05344
   -0.02240
   -0.09675
   -0.05160
    0.07145
   -0.07228
    0.04144
    0.01326
    0.04341
   -0.02514
    0.00508
   -0.25852
    0.07661
   -0.05153
    0.07295
   -0.00878
    0.02512
   -0.06918
    0.01502
    0.05262
    0.01477
