7 20 6 1 44 -3.3824 2.0658 3.4559 7207
 -0.07558  -0.09376  -0.02078   0.10323  -0.10014  -0.07616  -0.02558   0.12883  -0.07326  -0.09804  -0.22403   0.15621  -0.05267   0.00230  -0.14014   0.10823  -0.07025  -0.10633   0.03572   0.06275 
 -0.09089  -0.08009  -0.01276   0.10639  -0.07609  -0.04065  -0.07217   0.11473  -0.01752  -0.14890  -0.37596   0.14565  -0.06594  -0.00295  -0.08643   0.10120  -0.07757  -0.06352   0.02318   0.05928 
 -0.07936  -0.05926  -0.03061   0.09866  -0.09433  -0.05383  -0.06486   0.13019  -0.02619  -0.09530  -0.26650   0.12379  -0.06974   0.02311  -0.09279   0.09682  -0.08938  -0.08553   0.02281   0.07191 
 -0.08960  -0.06103  -0.02854   0.10516  -0.09853   0.00182  -0.06480   0.11549  -0.03905  -0.12116  -0.19779   0.13375  -0.06085   0.00162  -0.14773   0.11698  -0.07634  -0.06828   0.03380   0.05557 
 -0.08809  -0.04533  -0.02485   0.09796  -0.08425  -0.05344  -0.09284   0.13060  -0.03772  -0.12129  -0.16158   0.12709  -0.06726   0.01190  -0.12125   0.10933  -0.07274  -0.07331   0.02573   0.05870 
 -0.08190  -0.06103  -0.03227   0.10144  -0.08045  -0.10203  -0.06569   0.13369  -0.05807  -0.14393  -0.17106   0.15164  -0.06670   0.02748  -0.15991   0.11575  -0.07682  -0.06657   0.02447   0.05929 
 -0.08616  -0.07136  -0.03102   0.10694  -0.07949  -0.03724  -0.04000   0.10637  -0.03623  -0.13027  -0.26251   0.14307  -0.04505   0.04729  -0.15793   0.09097  -0.08839  -0.08959   0.07093   0.05129 
 -0.08381  -0.05926  -0.00101   0.09121  -0.07985  -0.08017  -0.06209   0.12632  -0.02859  -0.11043  -0.24302   0.12790  -0.06342   0.02239  -0.16599   0.11710  -0.05528  -0.05332   0.03543   0.03858 
 -0.07184  -0.05573  -0.03102   0.09262  -0.10118  -0.05318  -0.05271   0.13130  -0.05566  -0.12329  -0.17636   0.14439  -0.08200   0.01531  -0.16441   0.13207  -0.06740  -0.07005   0.05831   0.04016 
 -0.09025  -0.05970  -0.01157   0.09935  -0.08412  -0.02516  -0.07988   0.11819  -0.04038  -0.14526  -0.26605   0.15128  -0.06450   0.01744  -0.09024   0.09406  -0.04165  -0.09372   0.01537   0.05226 
 -0.07122  -0.06415  -0.03518   0.09628  -0.04908  -0.08923  -0.05979   0.10373  -0.03842  -0.14754  -0.17447   0.13789  -0.07499  -0.00616  -0.12274   0.12165  -0.06986  -0.07998   0.04905   0.04893 
 -0.07039  -0.08055  -0.01197   0.09276  -0.07833  -0.07452  -0.04309   0.11781  -0.01953  -0.09847  -0.29634   0.12281  -0.06148   0.08365  -0.18021   0.09545  -0.08852  -0.08930   0.06094   0.05598 
 -0.08147  -0.05749  -0.01436   0.09389  -0.10248  -0.05338  -0.02121   0.12250  -0.05263  -0.14084  -0.22981   0.15487  -0.06966   0.02546  -0.09542   0.09684  -0.06328  -0.08826   0.04435   0.05002 
 -0.08702  -0.06774  -0.00489   0.09740  -0.09007  -0.02366  -0.04399   0.11137  -0.07534  -0.13389  -0.22699   0.16893  -0.08722   0.01599  -0.12688   0.12374  -0.06265  -0.07795   0.02924   0.05325 
 -0.09003  -0.05573  -0.02200   0.10157  -0.08570  -0.01752  -0.05251   0.10868  -0.06467  -0.11705  -0.19625   0.15215  -0.03861  -0.02229  -0.07199   0.08090  -0.05519  -0.10029   0.05213   0.04556 
 -0.07663  -0.06729  -0.00178   0.08922  -0.06512  -0.02321  -0.07777   0.10201  -0.05181  -0.12451  -0.21272   0.14706  -0.02710   0.01805  -0.15914   0.08824  -0.07190  -0.06148   0.02776   0.05373 
 -0.07039  -0.04705  -0.03644   0.09064  -0.07961  -0.03406  -0.07215   0.11536  -0.03362  -0.13832  -0.28682   0.14634  -0.07658  -0.00198  -0.09252   0.11087  -0.07455  -0.06806   0.06787   0.03881 
 -0.08063  -0.05837  -0.00842   0.09149  -0.06937  -0.01616  -0.11515   0.11365  -0.08471  -0.07870  -0.35629   0.17267  -0.01812  -0.02135  -0.14061   0.08890  -0.05674  -0.08911   0.05244   0.04295 
 -0.07039  -0.05617  -0.03560   0.09333  -0.06512  -0.00855  -0.11790   0.10843  -0.04890  -0.18717  -0.24610   0.16676  -0.05109   0.02539  -0.17647   0.11003  -0.05681  -0.06868   0.04132   0.04177 
 -0.06895  -0.05311  -0.04235   0.09361  -0.06595   0.06355  -0.17680   0.09689  -0.08861  -0.19390  -0.38175   0.20871  -0.00948  -0.04214  -0.15635   0.09381  -0.05709  -0.06280   0.03959   0.04083 
 -0.06895  -0.03811  -0.06059   0.09460  -0.08686   0.01410  -0.16018   0.12794  -0.09415  -0.15369  -0.27185   0.19203  -0.00001  -0.04041  -0.23748   0.10882  -0.04422  -0.08789   0.02983   0.04575 
 -0.07080  -0.05970  -0.06820   0.10516  -0.07158   0.02279  -0.22900   0.12836  -0.07794  -0.24215  -0.28244   0.20340   0.00886  -0.01307  -0.25542   0.09654  -0.04467  -0.13555   0.03522   0.05712 
 -0.06343  -0.08335  -0.07732   0.11007  -0.06472   0.00581  -0.17810   0.11811  -0.06111  -0.19415  -0.38369   0.19114  -0.00669  -0.03390  -0.14504   0.08481  -0.04352  -0.12095   0.05856   0.04185 
 -0.06140  -0.08009  -0.04193   0.09670  -0.07536  -0.00180  -0.20384   0.13443  -0.14740  -0.17434  -0.34456   0.23401  -0.00867  -0.00532  -0.25202   0.10814  -0.05032  -0.10312   0.00654   0.06340 
 -0.07768  -0.06819  -0.09472   0.11987  -0.07683   0.03640  -0.24176   0.12996  -0.08041  -0.24209  -0.34648   0.21103   0.01470  -0.04868  -0.29510   0.11276  -0.05168  -0.09626   0.02122   0.05614 
 -0.06936  -0.06774  -0.09090   0.11332  -0.04206   0.03074  -0.20483   0.09628  -0.10658  -0.16125  -0.37759   0.21144   0.02520  -0.03791  -0.20306   0.07524  -0.04841  -0.12085   0.05129   0.04803 
 -0.05777  -0.06864  -0.05838   0.09600  -0.08210   0.03095  -0.25667   0.13856  -0.08135  -0.18955  -0.25711   0.19116   0.02477  -0.07043  -0.17099   0.07642  -0.06125  -0.13829   0.03793   0.06566 
 -0.06936  -0.08195  -0.07228   0.11210  -0.05757   0.02135  -0.39117   0.14468  -0.08798  -0.23261  -0.38509   0.21695  -0.01982  -0.02873  -0.18629   0.10735  -0.07266  -0.11741   0.06380   0.05449 
 -0.07579  -0.07731  -0.07779   0.11654  -0.08853   0.07529  -0.25638   0.12662  -0.05763  -0.19625  -0.33736   0.18511  -0.01842  -0.05463  -0.18458   0.11397  -0.10045  -0.10448   0.06328   0.06513 
 -0.09198  -0.05311  -0.05399   0.11237  -0.09406  -0.00481  -0.32876   0.17005  -0.15011  -0.18660  -0.24162   0.22838  -0.07355  -0.05380  -0.19340   0.15600  -0.09751  -0.17566   0.06222   0.08215 
 -0.11493  -0.10886  -0.06326   0.14413  -0.08454   0.01965  -0.33194   0.15645  -0.12365  -0.09610  -0.22502   0.18863  -0.08238  -0.04112  -0.15564   0.14774  -0.13548  -0.06972   0.05039   0.07691 
 -0.12864  -0.04448  -0.05181   0.13049  -0.12341   0.01953  -0.33190   0.18140  -0.12545  -0.18100  -0.20751   0.21002  -0.14439   0.01918  -0.10911   0.15191  -0.18431  -0.13029   0.04146   0.11553 
 -0.16635  -0.07364  -0.05618   0.15918  -0.10899   0.00060  -0.35365   0.18134  -0.13433  -0.08993  -0.32173   0.20334  -0.13146  -0.03815  -0.12956   0.16856  -0.22102  -0.09314   0.07553   0.10511 
 -0.18182  -0.06014  -0.03061   0.15540  -0.13946   0.00343  -0.44108   0.20824  -0.14942  -0.06012  -0.21986   0.19161  -0.17966  -0.01963  -0.15834   0.19558  -0.24223  -0.08843   0.05697   0.11834 
 -0.20880  -0.05007  -0.05094   0.17019  -0.16067  -0.03258  -0.46210   0.23058  -0.22483  -0.07295  -0.27568   0.23797  -0.23316  -0.03032  -0.08083   0.19995  -0.23498  -0.14450   0.09919   0.11187 
 -0.23665  -0.08852  -0.00763   0.17897  -0.14466  -0.00685  -0.56481   0.22449  -0.17000  -0.11311  -0.17725   0.21284  -0.16337  -0.02214  -0.11027   0.17507  -0.23933  -0.13708   0.05746   0.12889 
 -0.21740  -0.08569  -0.03477   0.17850  -0.12133  -0.06388  -0.76003   0.23762  -0.19294  -0.08709  -0.30034   0.23026  -0.18453  -0.06962  -0.09701   0.19392  -0.25684  -0.10316   0.06584   0.12288 
 -0.22382  -0.08428  -0.04534   0.18358  -0.11195  -0.10919  -0.72064   0.24039  -0.16714  -0.17015  -0.17454   0.22540  -0.22214  -0.01704  -0.13722   0.20783  -0.24762  -0.12036   0.06133   0.12605 
 -0.22031  -0.10589  -0.04406   0.18700  -0.14810  -0.04056  -0.88963   0.25081  -0.15983  -0.15230  -0.30878   0.23202  -0.19770  -0.04369  -0.07934   0.18789  -0.26229  -0.11908   0.05790   0.13137 
 -0.23273  -0.09328  -0.04921   0.19017  -0.11500  -0.02373  -0.94409   0.23164  -0.12597  -0.12871  -0.20145   0.19637  -0.18682  -0.03528  -0.06596   0.17625  -0.24980  -0.07697   0.11717   0.09118 
 -0.21193  -0.06370   0.00476   0.15882  -0.12188   0.00122  -0.91377   0.22797  -0.13019  -0.13463  -0.31319   0.21254  -0.19923  -0.04027  -0.10657   0.19587  -0.22213  -0.07799   0.10094   0.09001 
 -0.19841  -0.06014  -0.03310   0.16352  -0.13834  -0.03457  -1.21204   0.25215  -0.15911  -0.16885  -0.31675   0.23621  -0.19356  -0.04817  -0.16561   0.21109  -0.23730  -0.12065   0.12853   0.09311 
 -0.21279  -0.09471  -0.02649   0.17653  -0.09172  -0.06618  -1.26448   0.23561  -0.10694  -0.12727  -0.17812   0.18142  -0.13964  -0.02676  -0.11096   0.16421  -0.26025  -0.09661   0.11653   0.10009 
 -0.19400  -0.08102  -0.01316   0.16124  -0.18188  -0.08266  -0.73999   0.26934  -0.19203  -0.15870  -0.32390   0.24983  -0.16608  -0.06490  -0.19553   0.20996  -0.24729  -0.09239   0.06304   0.11846 
 -0.22974  -0.09232  -0.07092   0.19433  -0.24628  -0.32769  -1.12290   0.33772  -0.29409  -0.23533  -0.50334   0.31319  -0.15574  -0.28937  -0.40319   0.27908  -0.47428  -0.34417  -0.08799   0.24994 
 -0.35494  -0.31174  -0.21948   0.29408   0.07272  -0.12625  -0.13062   0.00499   0.02366  -0.35384   0.28699  -0.01902   0.01806  -0.17252   0.20338  -0.12161  -0.22533  -0.39569   0.46386  -0.18236 
 -0.14475  -0.31651   0.41928  -0.10801  -0.86761   0.67969  -2.10407  -0.10155  -0.71455   0.51612  -3.85781  -0.00661  -0.84168   0.70648  -2.70687  -0.17525  -0.96831   0.61284  -1.83387  -0.09435 
 -0.86138   0.64746  -2.13996  -0.12539   0.41195  -3.85781  -3.85781  -3.85781   0.40717  -3.85781  -3.85781  -3.85781   0.45544  -3.85781  -3.85781  -3.85781   0.56217  -3.85781  -3.85781  -3.85781 
  0.46448  -3.85781  -3.85781  -3.85781  -3.85781  -1.93337   0.83493  -3.85781  -3.85781  -3.85781  -3.85781  -3.85781  -3.85781  -3.85781  -3.85781  -3.85781  -3.85781  -3.85781  -3.85781  -3.85781 
 -3.85781  -1.96664   0.80559  -3.85781  -3.85781  -3.85781  -3.85781  -3.85781   0.17311  -0.34666  -0.08600  -0.10938  -0.16980  -0.15391   0.45933  -0.39776  -3.85781  -3.85781  -3.85781  -3.85781 
 -0.15971  -0.18743   0.53302  -0.42962  -0.21402  -0.09022   0.03356   0.18045  -0.20870   0.03878  -0.14645   0.17650  -0.17229   0.00968  -0.02371   0.13985  -0.36548  -0.10816   0.25606   0.05088 
 -0.19017  -0.03769   0.06020   0.12172  -0.00929  -0.00885   0.00374   0.01300  -0.01876  -0.09089  -0.04278   0.07557  -0.02468   0.00233   0.06917  -0.01851  -0.07880  -0.06808   0.15811  -0.01071 
 -0.05657  -0.04362   0.11057   0.01433  -0.10184   0.08204   0.13350  -0.00229  -0.00614  -0.01049  -0.02780   0.02147  -0.04943   0.08604   0.18813  -0.15200  -0.15771   0.02953   0.29784  -0.13394 
 -0.09198   0.04830   0.21553  -0.07290  -0.04230   0.04397   0.09554  -0.02131  -0.12191   0.05600   0.10832   0.05289  -0.02117   0.15260   0.06282  -0.11256  -0.21198   0.07637   0.20466  -0.03732 
 -0.08253   0.08374   0.13101  -0.03794  -0.10911   0.03857   0.17820  -0.00203  -0.00365  -0.08671  -0.00842   0.04949  -0.03762   0.08548   0.16030  -0.13433  -0.19159   0.03041   0.25452  -0.06709 
 -0.08445   0.02344   0.18437  -0.04043  -0.08386   0.01130   0.27971  -0.10267   0.02700  -0.01809   0.07671  -0.05323  -0.01463   0.07085   0.18380  -0.18647  -0.15979   0.03733   0.34389  -0.20252 
 -0.05938   0.02780   0.26769  -0.14816  -0.02865  -0.00242   0.18578  -0.07715  -0.06451   0.08139   0.05386   0.00343   0.02173   0.14286   0.07854  -0.18519  -0.16995   0.07071   0.21756  -0.06657 
 -0.03492   0.07214   0.15326  -0.09519  -0.07826   0.00158   0.19420  -0.02644  -0.01995  -0.07932   0.00952   0.05844   0.00363   0.06161   0.10027  -0.11265  -0.19590   0.01115   0.25370  -0.05451 
 -0.06099   0.00170   0.17105  -0.04101  -0.09287   0.01971   0.27133  -0.08764  -0.02262   0.02375   0.05068  -0.00411  -0.01187   0.12245   0.16088  -0.20589  -0.17154   0.04447   0.33055  -0.17818 
 -0.07558   0.05105   0.25458  -0.13009  -0.03584   0.01658   0.17221  -0.06696  -0.04104   0.07871  -0.03738   0.00932   0.02338   0.17324   0.05751  -0.19673  -0.20014   0.10437   0.20116  -0.05606 
 -0.03951   0.09567   0.12958  -0.08763  -0.08681  -0.00311   0.22468  -0.03913  -0.02301  -0.07218   0.00448   0.05993  -0.01454   0.08853   0.13200  -0.13779  -0.15509   0.01796   0.25560  -0.08223 
 -0.06282   0.00970   0.18614  -0.05487  -0.06533   0.02287   0.27316  -0.12682  -0.00259  -0.01476   0.12241  -0.03438  -0.03543   0.07204   0.20122  -0.17864  -0.21313   0.07849   0.31894  -0.15765 
 -0.07391   0.04413   0.26266  -0.13627  -0.06284   0.05350   0.21879  -0.09354  -0.04092   0.00614  -0.03046   0.05035   0.01761   0.14163   0.07885  -0.17718  -0.16748   0.09519   0.17887  -0.04988 
 -0.04434   0.07862   0.14367  -0.08147  -0.09615   0.00573   0.23420  -0.04154  -0.00931  -0.02282  -0.07237   0.04298   0.00626   0.07606   0.11448  -0.14094  -0.19249   0.04278   0.24474  -0.06380 
 -0.06505   0.02671   0.17802  -0.05547  -0.07108   0.02511   0.27835  -0.12627  -0.01767   0.01418   0.10259  -0.02433  -0.03835   0.10588   0.18567  -0.18133  -0.18503   0.06859   0.32061  -0.17124 
 -0.07412   0.05481   0.25800  -0.13819  -0.06450   0.00951   0.20499  -0.05428  -0.03059   0.05276  -0.03383   0.01384   0.00938   0.10668   0.09842  -0.15313  -0.20591   0.11938   0.18346  -0.04796 
 -0.05081   0.07312   0.14505  -0.07208  -0.06770  -0.01099   0.24222  -0.07250   0.02069  -0.08885  -0.04142   0.03186  -0.01100   0.09356   0.14733  -0.16447  -0.18772   0.04286   0.25708  -0.07826 
 -0.05338   0.01457   0.19632  -0.07539  -0.07782   0.02913   0.27901  -0.12052  -0.00843   0.05209   0.07334  -0.04954  -0.00978   0.11186   0.17981  -0.22595  -0.17069   0.07229   0.32198  -0.18607 
 -0.06140   0.06456   0.25437  -0.15635  -0.04594   0.00655   0.20714  -0.07738  -0.04597   0.03480   0.02951   0.02214   0.03505   0.11604   0.08429  -0.19022  -0.19773   0.10059   0.20778  -0.06060 
 -0.03587   0.06522   0.15244  -0.08892  -0.08743   0.02178   0.24099  -0.06556  -0.03361  -0.01495  -0.02306   0.05183  -0.05817   0.10573   0.13351  -0.09460  -0.14278   0.02181   0.24055  -0.07697 
 -0.07433   0.03319   0.18764  -0.05766  -0.07567   0.03571   0.29781  -0.15042   0.03190  -0.03198   0.00896  -0.02606  -0.00687   0.09487   0.14718  -0.17192  -0.18506   0.07606   0.33231  -0.19404 
 -0.05537   0.04968   0.25221  -0.15038  -0.02169   0.04627   0.14813  -0.08415  -0.02546   0.02583   0.10694  -0.02406   0.01872   0.13819   0.10053  -0.19967  -0.17577   0.10324   0.23380  -0.09812 
 -0.02681   0.08023   0.15704  -0.11342  -0.06345   0.01020   0.19598  -0.04858   0.02994  -0.05478  -0.04854   0.00647  -0.01896   0.11704   0.08947  -0.11097  -0.19549   0.04631   0.24952  -0.06860 
 -0.04649   0.03176   0.16025  -0.06329  -0.05279   0.06386   0.25311  -0.14995  -0.01035   0.02951   0.02729  -0.01414  -0.02701   0.13865   0.16286  -0.19903  -0.19304   0.10715   0.31043  -0.18045 
 -0.06322   0.08691   0.23437  -0.14865  -0.04237   0.04787   0.17219  -0.07630  -0.05166   0.05050   0.09541  -0.00516   0.01105   0.11508   0.10142  -0.16608  -0.21861   0.07898   0.22882  -0.05586 
 -0.04786   0.07344   0.15838  -0.08571  -0.10150   0.03251   0.25522  -0.06898   0.01957  -0.06809  -0.05247   0.02679  -0.00767   0.07558   0.12325  -0.12891  -0.19550   0.04221   0.23734  -0.05518 
 -0.06302   0.02562   0.18588  -0.06309  -0.08506   0.00679   0.31569  -0.14119   0.00230  -0.00810   0.04001  -0.01147  -0.02215   0.14901   0.13125  -0.17720  -0.18525   0.05999   0.33564  -0.18701 
 -0.06895   0.05481   0.25800  -0.14424  -0.06719   0.03430   0.22488  -0.08200  -0.02966   0.03787   0.03619   0.00031   0.00759   0.15047   0.06014  -0.15030  -0.20127   0.13893   0.18773  -0.06608 
 -0.05061   0.09381   0.14725  -0.08763  -0.06081   0.03777   0.21815  -0.08592  -0.02031  -0.04913  -0.00281   0.04903  -0.04247   0.10945   0.14299  -0.12690  -0.13545   0.03559   0.24409  -0.09234 
 -0.05637   0.03640   0.18210  -0.07290  -0.07483   0.00836   0.31239  -0.15222   0.00606   0.00827   0.10677  -0.05353  -0.04805   0.11814   0.18069  -0.17105  -0.17998   0.04718   0.31893  -0.15762 
 -0.06874   0.04553   0.26435  -0.14522  -0.03283   0.02879   0.17771  -0.08220  -0.03939   0.06204  -0.01032   0.01065   0.00718   0.13995   0.07240  -0.15196  -0.16762   0.10534   0.18960  -0.06437 
 -0.03664   0.08470   0.13329  -0.08614  -0.05924   0.02254   0.20581  -0.06825   0.00672  -0.04761  -0.02234   0.02403  -0.02506   0.10378   0.10125  -0.10382  -0.16904   0.01903   0.23007  -0.05103 
 -0.05160   0.02562   0.16291  -0.05666  -0.08827   0.03373   0.29681  -0.13052   0.02568  -0.00412   0.08347  -0.06319  -0.03211   0.10689   0.15523  -0.15305  -0.19966   0.11892   0.30713  -0.18080 
 -0.07101   0.07017   0.25005  -0.14400  -0.04099   0.04289   0.20454  -0.10290  -0.06306   0.07922   0.03596   0.00959   0.00282   0.16154   0.08477  -0.17765  -0.17544   0.12175   0.17301  -0.05692 
 -0.04688   0.10273   0.14172  -0.09367  -0.09237   0.00426   0.23205  -0.04301  -0.01371  -0.00504  -0.03709   0.02962  -0.05100   0.15042   0.09161  -0.09783  -0.14683   0.04530   0.22832  -0.07554 
 -0.06833   0.04864   0.16476  -0.05448  -0.06595   0.05674   0.26589  -0.14027  -0.00085   0.03725   0.04543  -0.03798   0.02106   0.08898   0.14530  -0.21288  -0.17074   0.07705   0.30550  -0.16620 
 -0.04982   0.06655   0.23279  -0.14791  -0.03821   0.05416   0.17442  -0.08746  -0.03862   0.02444   0.10822  -0.00827  -0.00201   0.16085   0.07522  -0.15938  -0.16623   0.08840   0.18873  -0.05444 
 -0.04047   0.08438   0.14200  -0.08827  -0.09319   0.00318   0.22407  -0.03492  -0.00923  -0.06089   0.03637   0.03083  -0.04332   0.09506   0.11037  -0.08310  -0.18809   0.06832   0.21712  -0.05511 
 -0.07454   0.03069   0.17105  -0.04332  -0.08518   0.05413   0.27514  -0.12276   0.00909   0.02144   0.10699  -0.06695  -0.02661   0.10585   0.16761  -0.17558  -0.16097   0.07818   0.30362  -0.17141 
 -0.06669   0.06721   0.24722  -0.14375  -0.03949   0.06130   0.19667  -0.10967  -0.06302   0.06100   0.10756  -0.00476   0.00749   0.16746   0.06182  -0.16773  -0.21907   0.11101   0.22146  -0.06803 
 -0.05101   0.10212   0.15569  -0.09979  -0.09835   0.01239   0.27520  -0.08107   0.00575  -0.10930  -0.07042   0.06424  -0.06587   0.11696   0.10475  -0.06725  -0.16940   0.04027   0.25211  -0.08224 
 -0.07204   0.02160   0.18789  -0.05368  -0.07223   0.05163   0.27340  -0.13655   0.04434   0.00971   0.01009  -0.07111  -0.00858   0.09182   0.15927  -0.18158  -0.17047   0.07522   0.31882  -0.18378 
 -0.05042   0.05988   0.24393  -0.15460  -0.06042   0.04131   0.21219  -0.08314  -0.03940   0.01912   0.06374   0.01284   0.00461   0.15400   0.05477  -0.14383  -0.17155   0.12186   0.18728  -0.07059 
 -0.04610   0.08691   0.14367  -0.08507  -0.06182   0.00214   0.23750  -0.08230  -0.00682   0.01244  -0.04132   0.01332  -0.03458   0.10559   0.07857  -0.07332  -0.16214   0.01924   0.23182  -0.05644 
 -0.05697   0.03319   0.16739  -0.05886  -0.05036   0.02625   0.26953  -0.14637   0.00748   0.00580   0.09327  -0.04784  -0.01050   0.10384   0.13235  -0.15635  -0.11965   0.04346   0.30433  -0.17939 
 -0.04124   0.04483   0.23527  -0.14571  -0.05407   0.04196   0.19126  -0.07346  -0.03194   0.02716   0.05229   0.00390   0.00890   0.13627   0.07275  -0.15178  -0.20838   0.11414   0.17472  -0.03700 
 -0.04766   0.08087   0.13865  -0.07560  -0.09535   0.06152   0.23205  -0.07132   0.00492  -0.06335   0.00393   0.02598  -0.03300   0.13115   0.11255  -0.12526  -0.19835   0.02968   0.21883  -0.03173 
 -0.07287   0.04413   0.17313  -0.05388  -0.06951   0.04215   0.28837  -0.15187  -0.00888   0.02786   0.11248  -0.04896  -0.03989   0.12038   0.17591  -0.17888  -0.12947   0.06701   0.28803  -0.16605 
 -0.06079   0.06522   0.24525  -0.14718  -0.04250   0.03397   0.19077  -0.08327  -0.01217   0.05674  -0.03353  -0.01010  -0.01253   0.11943   0.09341  -0.12547  -0.15915   0.12608   0.17250  -0.06829 
