9 20 3 1 47 -2.6241 2.2343 3.9913 7208
 -0.08090   0.13409   0.10751  -0.05652  -0.10590   0.08758   0.20453  -0.05198  -0.05734   0.02546  -0.05564   0.06223  -0.04643   0.16509   0.06586  -0.09301  -0.18962   0.12531   0.13334  -0.02349 
 -0.09465   0.10510   0.11140  -0.02763  -0.08181   0.06647   0.23514  -0.09337  -0.06091  -0.00415   0.16702   0.00729  -0.07492   0.16544   0.11078  -0.09925  -0.21515   0.13992   0.28079  -0.15309 
 -0.10459   0.10084   0.21617  -0.09568  -0.06580   0.08792   0.15229  -0.05656  -0.06292   0.00176   0.08391   0.03934  -0.01282   0.15075   0.08870  -0.14691  -0.24707   0.18186   0.14089  -0.03785 
 -0.07795   0.11616   0.12143  -0.05632  -0.10676   0.11018   0.18121  -0.04687  -0.05710  -0.00866  -0.06384   0.08092  -0.07297   0.15822   0.10075  -0.08642  -0.27946   0.17698   0.17996  -0.04934 
 -0.11774   0.12057   0.13095  -0.03062  -0.08757   0.08039   0.22572  -0.08654  -0.03161   0.03899   0.04386  -0.00084  -0.03497   0.16788   0.12713  -0.17112  -0.14316   0.11859   0.24113  -0.13731 
 -0.07397   0.10661   0.18532  -0.10316  -0.04818   0.09129   0.13962  -0.07090  -0.05274   0.03678   0.05782   0.01855   0.01803   0.15442   0.06465  -0.17552  -0.24383   0.18664   0.12842  -0.03407 
 -0.05924   0.12435   0.10266  -0.06762  -0.08320   0.08235   0.20920  -0.07810  -0.06529   0.01603  -0.00654   0.06193  -0.05321   0.12812   0.10039  -0.08584  -0.23876   0.14473   0.16534  -0.03461 
 -0.09816   0.09961   0.13775  -0.03838  -0.07492   0.05948   0.23690  -0.09920  -0.01469   0.04227   0.05958  -0.02899  -0.02446   0.15297   0.17225  -0.23138  -0.19665   0.13781   0.26785  -0.14714 
 -0.07377   0.10480   0.21264  -0.12756  -0.05383   0.08520   0.14353  -0.06283  -0.07785   0.08134   0.00424   0.03277  -0.01624   0.18630   0.06455  -0.15169  -0.21801   0.22175   0.10892  -0.05865 
 -0.06901   0.14940   0.09124  -0.06844  -0.07850   0.03561   0.18718  -0.03803  -0.03852  -0.05510  -0.07733   0.08768  -0.05173   0.18135   0.07080  -0.10447  -0.26596   0.13441   0.18007  -0.02757 
 -0.09269   0.08113   0.11968  -0.02024  -0.10612   0.08847   0.28015  -0.12576  -0.02553   0.02474   0.05371  -0.00243  -0.01583   0.12801   0.13262  -0.16921  -0.18106   0.15955   0.26954  -0.17789 
 -0.08451   0.11141   0.22014  -0.12827  -0.05856   0.10415   0.12460  -0.05583  -0.06456   0.04814   0.05819   0.02352   0.00143   0.18199   0.05152  -0.16235  -0.25419   0.22421   0.13261  -0.06003 
 -0.06716   0.14748   0.09498  -0.07131  -0.08676  -0.00605   0.20938  -0.02548  -0.05691   0.03044  -0.10883   0.07115  -0.01886   0.12468   0.07699  -0.10572  -0.22865   0.15749   0.16825  -0.04955 
 -0.08665   0.08527   0.12114  -0.02875  -0.08307   0.08851   0.24671  -0.11850  -0.00770  -0.00634   0.10441  -0.02496  -0.04595   0.21122   0.10723  -0.17749  -0.20739   0.13078   0.28574  -0.15677 
 -0.08387   0.11320   0.21570  -0.12592  -0.07525   0.10583   0.15872  -0.06177  -0.05328   0.02416   0.02164   0.03813  -0.00214   0.22386   0.05929  -0.21064  -0.26430   0.22011   0.12636  -0.04802 
 -0.07273   0.15348   0.10083  -0.07421  -0.10578   0.05983   0.21755  -0.04632  -0.06693   0.02027  -0.04740   0.07162  -0.05732   0.17883   0.09960  -0.12158  -0.22449   0.13451   0.16878  -0.03724 
 -0.10303   0.10206   0.13323  -0.03269  -0.09009   0.11090   0.21567  -0.09519  -0.05787   0.01350   0.08762   0.02668  -0.04706   0.18654   0.12715  -0.17207  -0.17371   0.16561   0.25983  -0.17623 
 -0.09096   0.12896   0.19650  -0.11235  -0.04898   0.12318   0.10739  -0.06862  -0.11901   0.06123   0.08226   0.05654  -0.01652   0.19708   0.04040  -0.13977  -0.26857   0.20565   0.15131  -0.05294 
 -0.08686   0.15348   0.09591  -0.05732  -0.11123   0.06766   0.20043  -0.03147  -0.06774   0.01465  -0.05339   0.07660  -0.07383   0.19753   0.06470  -0.08729  -0.23507   0.13808   0.15895  -0.02759 
 -0.11316   0.10902   0.11674  -0.01804  -0.09948   0.09013   0.24928  -0.10171  -0.06040   0.05484   0.05280   0.01704  -0.04247   0.19399   0.09020  -0.14645  -0.18630   0.16209   0.24751  -0.14989 
 -0.09816   0.13295   0.19033  -0.10249  -0.04808   0.07641   0.15651  -0.07419  -0.04399   0.03517   0.04931   0.01326  -0.01326   0.18454   0.07460  -0.16431  -0.21834   0.22646   0.09997  -0.05626 
 -0.06227   0.14195   0.09776  -0.07400  -0.09230   0.09787   0.16836  -0.04476  -0.06602   0.05225  -0.11031   0.06789  -0.03287   0.16036   0.05852  -0.09993  -0.20727   0.13144   0.16140  -0.03803 
 -0.09009   0.11350   0.10175  -0.03081  -0.07034   0.13235   0.21009  -0.13198  -0.02695   0.02537   0.05353  -0.00111  -0.03121   0.17369   0.11288  -0.16642  -0.21309   0.17012   0.28122  -0.18104 
 -0.08111   0.13465   0.19699  -0.12803  -0.06576   0.10191   0.16498  -0.07533  -0.07302   0.09163   0.04005   0.00985  -0.01195   0.19008   0.08782  -0.18601  -0.27170   0.21421   0.11853  -0.03529 
 -0.07816   0.15456   0.10781  -0.07442  -0.10448   0.11376   0.18142  -0.05177  -0.07370   0.02058  -0.03100   0.07339  -0.04008   0.14289   0.05567  -0.07503  -0.26974   0.17645   0.15858  -0.03703 
 -0.10795   0.12232   0.10991  -0.02633  -0.06716   0.09128   0.24582  -0.14130  -0.03739   0.10149   0.00973  -0.02596  -0.06342   0.20213   0.14472  -0.18594  -0.25862   0.18200   0.28657  -0.17109 
 -0.09926   0.15131   0.21098  -0.13609  -0.06117   0.07237   0.14911  -0.05021  -0.06234   0.07000   0.07596   0.00087   0.00527   0.21479   0.02713  -0.18044  -0.24791   0.20582   0.12558  -0.04394 
 -0.06430   0.14803   0.09156  -0.07234  -0.08962   0.06007   0.16470  -0.02298  -0.06717   0.01868  -0.04195   0.07132  -0.03626   0.16803   0.07901  -0.11997  -0.21631   0.16564   0.14998  -0.04733 
 -0.09204   0.10932   0.10630  -0.02931  -0.10463   0.07789   0.26278  -0.10105  -0.04174   0.04296   0.13774  -0.02961  -0.02013   0.21347   0.10193  -0.21517  -0.24953   0.19256   0.24163  -0.13204 
 -0.10036   0.14167   0.20235  -0.11828  -0.06204   0.10704   0.11680  -0.04833  -0.07663   0.11565   0.00687   0.00711  -0.01516   0.21737   0.02602  -0.14988  -0.27038   0.23645   0.13793  -0.06655 
 -0.08026   0.17617   0.07920  -0.07028  -0.10514   0.09758   0.11706   0.00221  -0.10107   0.00724  -0.03855   0.10387  -0.05400   0.16849   0.06381  -0.08502  -0.28966   0.18258   0.15120  -0.02798 
 -0.12283   0.12232   0.08590  -0.00054  -0.10563   0.14595   0.22799  -0.11496  -0.00916   0.05698   0.09355  -0.06096  -0.04941   0.19095   0.14371  -0.19322  -0.21941   0.20120   0.24201  -0.15756 
 -0.09728   0.16073   0.19699  -0.13275  -0.05859   0.10035   0.12963  -0.05682  -0.09147   0.07895   0.07764   0.02320   0.00010   0.16183   0.06224  -0.15099  -0.22720   0.22606   0.08327  -0.04119 
 -0.07024   0.14885   0.08208  -0.06093  -0.11032   0.08988   0.16681  -0.02037  -0.07791   0.04933  -0.06099   0.06905   0.01829   0.15182   0.02989  -0.14119  -0.23523   0.19304   0.11141  -0.03117 
 -0.09400   0.13039   0.08112  -0.02595  -0.07706   0.06711   0.22213  -0.08735  -0.03585   0.08715   0.06417  -0.03693  -0.04161   0.20133   0.08944  -0.15429  -0.25654   0.16368   0.27581  -0.14264 
 -0.09640   0.13522   0.19355  -0.10896  -0.02998   0.11020   0.10110  -0.08001  -0.08484   0.05496   0.02921   0.04792   0.03523   0.18580   0.04576  -0.22067  -0.24230   0.21445   0.12103  -0.04979 
 -0.05444   0.14940   0.07823  -0.07483  -0.10862   0.08891   0.15674  -0.01458  -0.05012   0.05272  -0.06779   0.04309  -0.03174   0.19150   0.07220  -0.14151  -0.22260   0.16458   0.13655  -0.03429 
 -0.09356   0.12752   0.09436  -0.03231  -0.10382   0.10618   0.20060  -0.06288  -0.04017   0.08109   0.11521  -0.04882  -0.05686   0.20848   0.10869  -0.16044  -0.18553   0.21323   0.23611  -0.18470 
 -0.09465   0.16180   0.17924  -0.11989  -0.04905   0.14456   0.07362  -0.06179  -0.10446   0.07909   0.08094   0.03376   0.02342   0.19111   0.03666  -0.19495  -0.24744   0.23972   0.11439  -0.06288 
 -0.06860   0.17100   0.07010  -0.07193  -0.12950   0.12282   0.15048  -0.01076  -0.09756   0.02053  -0.06196   0.10014  -0.02461   0.20674   0.01191  -0.11426  -0.23574   0.20324   0.14043  -0.05794 
 -0.11407   0.14555   0.07952  -0.01841  -0.06376   0.12669   0.16178  -0.09283  -0.01164   0.04865   0.08171  -0.04632  -0.04304   0.17860   0.12613  -0.16869  -0.15064   0.14971   0.24321  -0.15890 
 -0.06573   0.13210   0.17177  -0.11989  -0.03820   0.05657   0.06804  -0.01691  -0.06962   0.08036  -0.02306   0.03338   0.01039   0.22074  -0.02578  -0.15033  -0.18263   0.17540   0.04311  -0.00455 
 -0.05048   0.13691   0.01748  -0.03496  -0.08821   0.05835   0.10459   0.01405  -0.10720   0.03121  -0.08797   0.10774  -0.07436   0.18913   0.04695  -0.06567  -0.16532   0.13699   0.11669  -0.03173 
 -0.10481   0.10540   0.06648   0.00607  -0.07851   0.11149   0.15035  -0.05555  -0.06121   0.04834   0.06676   0.01705  -0.03920   0.12666   0.13132  -0.13256  -0.16764   0.15793   0.22166  -0.13051 
 -0.09117   0.12261   0.16496  -0.08027  -0.04378   0.08939   0.00193   0.00456  -0.04834   0.09113  -0.11641   0.02872   0.04318   0.19851  -0.05460  -0.15991  -0.15150   0.17708   0.02635  -0.01238 
 -0.03899   0.14417  -0.02247  -0.03156  -0.05133   0.07904   0.12484  -0.04895  -0.01244   0.03787  -0.17712   0.03661   0.03395   0.22741   0.00629  -0.22819  -0.16369   0.18876   0.06417  -0.03408 
 -0.04812   0.13607   0.03597  -0.04648   0.01277   0.29420   0.05281  -0.32701   0.09935   0.15980  -0.09053  -0.30919   0.11389   0.35762  -0.05432  -0.79238  -0.09079   0.38179   0.16491  -0.46630 
  0.03709   0.31101   0.05303  -0.42269   0.23659  -0.22856  -0.27450  -0.27961   0.27207  -0.45674  -0.38245  -0.30156   0.30809  -0.15075  -0.44289  -0.43001   0.01976   0.12296   0.00051  -0.07996 
  0.27524  -0.20137  -0.30475  -0.28772  -0.68815  -1.01503   0.76059  -0.69227  -0.32218  -0.41852   0.65631  -0.05633  -0.40457  -0.49176   0.57646  -0.43822  -0.92130  -0.57035   0.65346  -0.49764 
 -0.60003  -0.75890   0.70155  -0.53271  -1.47627  -3.85788   0.83002  -3.85788  -0.88464  -3.85788   0.97037  -3.85788  -3.19203  -3.85788   0.73195  -3.85788  -2.28812  -3.85788   0.74935  -3.85788 
 -2.08494  -3.85788   0.80511  -3.85788  -3.85788  -3.85788  -3.85788   0.49172  -3.85788  -3.85788  -3.85788  -3.85788  -3.85788  -1.10232  -3.85788   0.49037  -3.85788  -3.85788  -3.85788  -3.85788 
 -3.85788  -1.13686  -3.85788   0.45782  -3.85788  -3.85788  -3.85788  -3.85788   0.39099  -3.85788  -0.61942  -1.41962  -3.85788  -3.85788  -3.85788  -3.85788   0.38885  -0.60455  -0.16631  -0.36352 
  0.29331  -0.59947  -0.11391  -0.31610   0.11926  -0.08689  -0.47242   0.00075   0.12273  -0.39703  -0.28247   0.04087   0.31450  -0.13394  -0.56183  -0.42499   0.10870  -0.02481  -0.21819   0.00128 
  0.17158  -0.11240  -0.42092  -0.04473  -0.42527  -0.25792   0.57782  -0.16089  -0.16817  -0.12377   0.35297   0.05606  -0.23539  -0.28545   0.41548  -0.12641  -0.26294  -0.20753   0.47269  -0.24045 
 -0.31878  -0.22662   0.50674  -0.15516  -0.16001   0.07524  -0.11488   0.14321  -0.06537  -0.09232  -0.17836   0.14209  -0.31736  -0.01003  -0.39310   0.28427  -0.14608  -0.02849  -0.06004   0.10949 
 -0.21920  -0.02003  -0.19529   0.19850  -0.09181   0.07083  -0.21775   0.12319  -0.03424  -0.10582  -0.40468   0.14877  -0.06820   0.11397  -0.36055   0.13062   0.00494  -0.01686  -0.14192   0.05507 
 -0.05904   0.00850  -0.18454   0.10537  -0.11539   0.06332  -0.24323   0.14739  -0.05944  -0.03746  -0.52256   0.15369  -0.07293   0.16878  -0.23713   0.07875  -0.12522   0.06459  -0.14829   0.09453 
 -0.11430   0.06250  -0.21005   0.12522  -0.11570   0.13741  -0.19283   0.10598  -0.13268   0.00943  -0.46744   0.18079  -0.07624   0.16866  -0.28316   0.09336  -0.18127   0.18242  -0.25166   0.08894 
 -0.15248   0.14638  -0.25901   0.11954  -0.13243   0.07493  -0.16702   0.13857  -0.14419  -0.06570  -0.39166   0.20756  -0.08163   0.19037  -0.28211   0.08501  -0.13474   0.14449  -0.19281   0.07549 
 -0.14359   0.10023  -0.22468   0.12900  -0.10049   0.03442  -0.15389   0.12912  -0.09414  -0.08276  -0.18535   0.16051  -0.09020   0.14975  -0.16012   0.07859  -0.12104   0.09382  -0.11503   0.07146 
 -0.11982   0.06082  -0.13867   0.11258  -0.14295   0.04947  -0.18246   0.15780  -0.07768  -0.09425  -0.31969   0.16925  -0.06810   0.09727  -0.26155   0.11665  -0.13177   0.04840  -0.11117   0.09324 
 -0.12775   0.03492  -0.16549   0.13340  -0.09765   0.08239  -0.17212   0.11272  -0.10976  -0.01745  -0.26706   0.15833  -0.07060   0.11220  -0.24532   0.10776  -0.14139   0.08482  -0.18178   0.10169 
 -0.12893   0.07533  -0.19167   0.12443  -0.09876   0.11227  -0.26424   0.12005  -0.16566   0.01049  -0.44331   0.19709  -0.08410   0.15611  -0.30153   0.10986  -0.15374   0.15252  -0.15451   0.06975 
 -0.14530   0.12435  -0.22275   0.11888  -0.10762   0.12356  -0.24197   0.11710  -0.16111   0.06449  -0.48354   0.17538  -0.10600   0.19578  -0.31119   0.10605  -0.12622   0.15283  -0.16726   0.06095 
 -0.13945   0.14083  -0.23583   0.11056  -0.12832   0.10078  -0.22496   0.13775  -0.13088   0.00554  -0.45864   0.18060  -0.14523   0.15451  -0.15406   0.11117  -0.15373   0.14324  -0.14594   0.07195 
 -0.15073   0.11468  -0.20446   0.12232  -0.14658   0.12126  -0.19196   0.13400  -0.15901   0.01962  -0.44858   0.19043  -0.07550   0.12952  -0.17037   0.08140  -0.15782   0.09985  -0.12485   0.08741 
 -0.15901   0.09992  -0.17984   0.12770  -0.10877   0.02905  -0.17582   0.14171  -0.12819  -0.03332  -0.31928   0.18138  -0.12827   0.09852  -0.19498   0.13835  -0.16250   0.06390  -0.12044   0.10238 
 -0.14974   0.04893  -0.16324   0.13940  -0.10644   0.02304  -0.18249   0.14364  -0.11108  -0.00620  -0.38284   0.16679  -0.08244   0.20442  -0.26956   0.07407  -0.12275   0.05220  -0.11787   0.08989 
 -0.12752   0.06015  -0.16946   0.12469  -0.11260   0.05574  -0.20731   0.14139  -0.09799  -0.05077  -0.27952   0.16423  -0.11683   0.20331  -0.29856   0.10619  -0.13074   0.08008  -0.15372   0.09220 
 -0.13083   0.07175  -0.19408   0.12744  -0.11565   0.02786  -0.15026   0.14099  -0.12602  -0.03857  -0.36652   0.18635  -0.10958   0.09970  -0.09994   0.09593  -0.13284   0.07322  -0.10404   0.08201 
 -0.13801   0.05167  -0.13814   0.12627  -0.11491   0.05755  -0.11852   0.12184  -0.08630  -0.06747  -0.31749   0.16623  -0.11144   0.12237  -0.21269   0.12242  -0.14812   0.06322  -0.07490   0.08347 
 -0.13536   0.05202  -0.12099   0.12034  -0.10319   0.01831  -0.10414   0.12425  -0.08451  -0.05504  -0.27773   0.15634  -0.09113   0.12680  -0.19401   0.10150  -0.11300   0.07196  -0.11599   0.07728 
 -0.11544   0.04996  -0.13602   0.11366  -0.10768   0.01248  -0.10968   0.13089  -0.08887  -0.09710  -0.33001   0.17870  -0.10388   0.09755  -0.20102   0.12529  -0.09824   0.04506  -0.13333   0.08595 
 -0.11270   0.02411  -0.15215   0.12574  -0.11652   0.00820  -0.17533   0.15367  -0.10961  -0.06894  -0.22500   0.17145  -0.11134   0.02328  -0.26406   0.17244  -0.09818  -0.00426  -0.08054   0.08786 
 -0.12214  -0.00416  -0.13339   0.13622  -0.12354   0.00349  -0.13439   0.15053  -0.07895  -0.04765  -0.27590   0.14952  -0.09147   0.03901  -0.20820   0.14201  -0.12265   0.02552  -0.06941   0.08503 
 -0.12728   0.01451  -0.11191   0.12731  -0.10658  -0.01431  -0.10394   0.13744  -0.08009  -0.08064  -0.28034   0.16229  -0.12230   0.07634  -0.14296   0.12873  -0.11312   0.00560  -0.08122   0.09149 
 -0.12121   0.00010  -0.10645   0.12744  -0.09070  -0.05179  -0.13316   0.14498  -0.05437  -0.11225  -0.28746   0.15460  -0.09679   0.06505  -0.17945   0.12789  -0.11326  -0.01346  -0.10311   0.10423 
 -0.10840  -0.02408  -0.12974   0.13404  -0.08755   0.04373  -0.14813   0.11482  -0.09378  -0.04448  -0.31811   0.16340  -0.12773   0.11397  -0.16428   0.12270  -0.08372  -0.01090  -0.11345   0.09312 
 -0.10818   0.01675  -0.13708   0.12206  -0.12724  -0.04191  -0.08018   0.15309  -0.06108  -0.06389  -0.35066   0.15037  -0.09524   0.05576  -0.17364   0.12881  -0.11222  -0.04587  -0.06635   0.10269 
 -0.11866  -0.03107  -0.10155   0.13481  -0.10446   0.00949  -0.12927   0.13463  -0.07156  -0.06002  -0.31112   0.15262  -0.13077   0.09400  -0.16856   0.13433  -0.10012  -0.03451  -0.08432   0.09950 
 -0.11705  -0.00729  -0.11491   0.12978  -0.09118   0.00944  -0.14604   0.12933  -0.04698  -0.13850  -0.35193   0.16366  -0.14256   0.08223  -0.14372   0.13865  -0.10222  -0.04271  -0.07581   0.10030 
 -0.10885  -0.02449  -0.11592   0.13095  -0.10601  -0.02606  -0.12649   0.14634  -0.03089  -0.09583  -0.33473   0.13595  -0.10527   0.05348  -0.11351   0.11738  -0.09332  -0.02547  -0.05167   0.08321 
 -0.10303  -0.02327  -0.09096   0.12047  -0.10374  -0.02367  -0.09852   0.13700  -0.05392  -0.07823  -0.22204   0.13473  -0.09505   0.05827  -0.14919   0.12037  -0.08814  -0.02895  -0.06046   0.08479 
 -0.10236  -0.02083  -0.08812   0.11848  -0.10513  -0.01469  -0.12887   0.14283  -0.07437  -0.08066  -0.18007   0.14509  -0.12761   0.06678  -0.11395   0.12646  -0.10491  -0.03954  -0.04498   0.09069 
 -0.11682  -0.02246  -0.07923   0.12496  -0.08559  -0.02142  -0.12060   0.12910  -0.06425  -0.08701  -0.28756   0.15386  -0.08215   0.01986  -0.14320   0.12415  -0.09381   0.01988  -0.05646   0.06951 
 -0.09992  -0.00300  -0.09382   0.11258  -0.11943  -0.04505  -0.07026   0.14631  -0.05916  -0.08810  -0.22272   0.14231  -0.11118   0.05534  -0.09519   0.11411  -0.08984  -0.05228  -0.04241   0.08674 
 -0.10930  -0.03859  -0.06646   0.12206  -0.08240  -0.03736  -0.10782   0.12841  -0.06155  -0.07356  -0.21345   0.13782  -0.12294   0.10520  -0.17009   0.12530  -0.08973  -0.01316  -0.06722   0.08264 
 -0.10236  -0.00847  -0.09478   0.11621  -0.11102  -0.00370  -0.10690   0.13784  -0.07227  -0.06254  -0.26442   0.14865  -0.14704   0.01023  -0.06320   0.14079  -0.06363  -0.06847  -0.04023   0.07796 
 -0.10414  -0.03691  -0.07143   0.11994  -0.09252   0.00729  -0.09170   0.11695  -0.02638  -0.04654  -0.18881   0.09408  -0.08204   0.04446  -0.12734   0.10977  -0.08466  -0.03287  -0.04231   0.07825 
 -0.09117  -0.01163  -0.07007   0.10317  -0.11124  -0.02907  -0.09533   0.14291  -0.03490  -0.04729  -0.17155   0.09924  -0.08813   0.08628  -0.24065   0.12996  -0.11246  -0.03908  -0.02801   0.08812 
 -0.10615  -0.01721  -0.07970   0.11715  -0.08414  -0.04393  -0.11696   0.13404  -0.07678  -0.06878  -0.15454   0.13876  -0.11141   0.05836  -0.17145   0.13748  -0.09866  -0.05023  -0.02815   0.08530 
 -0.10615  -0.03357  -0.07280   0.12047  -0.10723  -0.01892  -0.06048   0.12734  -0.05555  -0.11514  -0.26122   0.15330  -0.08858   0.04297  -0.10353   0.10669  -0.07935  -0.03340  -0.03067   0.07168 
 -0.09992  -0.02901  -0.05756   0.11069  -0.05529  -0.05361  -0.08107   0.10472  -0.02304  -0.09964  -0.38572   0.13580  -0.09123   0.03058  -0.06867   0.10029  -0.08916  -0.03266  -0.04727   0.08204 
 -0.08026  -0.03691  -0.07417   0.10592  -0.08878  -0.07500  -0.04275   0.12567  -0.06076  -0.03903  -0.20840   0.12355  -0.05938   0.02087  -0.11484   0.09790  -0.07418  -0.02973  -0.01135   0.06061 
 -0.08729  -0.03357  -0.04241   0.09943  -0.09534  -0.05599  -0.04378   0.12527  -0.03087  -0.09789  -0.23226   0.12412  -0.06218  -0.00490  -0.16971   0.12683  -0.06180  -0.06463  -0.02759   0.07138 
 -0.07921  -0.05711  -0.06110   0.10770  -0.07991  -0.08130  -0.02812   0.11619  -0.02481  -0.09160  -0.16861   0.10686  -0.08769   0.07473  -0.11523   0.09722  -0.09537  -0.05606   0.00241   0.07421 
 -0.09031  -0.04711  -0.02696   0.10068  -0.10140  -0.01420  -0.08345   0.12829  -0.05428  -0.10751  -0.24025   0.14729  -0.09187   0.04573  -0.10488   0.10838  -0.10222  -0.02818   0.00173   0.06891 
 -0.10481  -0.02368  -0.04540   0.10811  -0.07439  -0.02352  -0.07801   0.10961  -0.04305  -0.04489  -0.17123   0.10537  -0.10494   0.08414  -0.18051   0.12583  -0.10582  -0.03008   0.01921   0.06422 
 -0.09772  -0.01123  -0.04029   0.09776  -0.07807  -0.06810  -0.05332   0.11891  -0.08644  -0.04769  -0.24765   0.15141  -0.07279   0.02452  -0.15194   0.11871  -0.06189  -0.05198  -0.00398   0.05853 
