IntronPotTab 1 1024 -93.97793 2.55871 30.13086 152464 6 16 3483.84
   -0.00469
   -0.00897
   -0.00327
    0.01433
   -0.00664
   -0.00041
    0.00265
    0.01053
   -0.01658
   -0.00662
   -0.00533
    0.02366
   -0.00881
   -0.00825
    0.00595
    0.01173
   -0.00579
   -0.01359
   -0.00551
    0.02010
   -0.00602
   -0.01482
    0.00711
    0.01719
   -0.00745
   -0.00886
   -0.00908
    0.01781
    0.00421
   -0.02149
   -0.00612
    0.01521
   -0.00152
   -0.01231
   -0.01574
    0.02514
    0.00023
   -0.00774
   -0.01160
    0.00825
   -0.00924
    0.00123
    0.00040
    0.00823
    0.00240
   -0.01354
   -0.00744
    0.01249
   -0.01847
   -0.00544
    0.01696
    0.02113
   -0.00389
   -0.01796
    0.01156
    0.01195
   -0.01454
   -0.00097
   -0.00909
    0.01802
   -0.00673
   -0.01638
    0.00620
    0.00994
   -0.00265
   -0.01962
   -0.00029
    0.01721
   -0.01936
    0.01503
    0.00504
    0.03327
   -0.01658
   -0.00907
   -0.01010
    0.02837
   -0.00886
   -0.02120
   -0.00394
    0.01697
    0.00237
   -0.01445
   -0.01516
    0.02159
   -0.00197
   -0.01374
   -0.00766
    0.01589
   -0.00554
   -0.01363
   -0.01343
    0.02884
    0.00505
   -0.02047
   -0.01029
    0.01923
   -0.00596
   -0.02085
   -0.01623
    0.03297
    0.00001
   -0.01637
    0.00411
    0.00869
   -0.01929
   -0.00800
   -0.01124
    0.03166
   -0.00665
   -0.02057
    0.00369
    0.01430
   -0.00275
   -0.02311
    0.01475
    0.00961
   -0.00157
   -0.02310
    0.00363
    0.01424
   -0.00788
   -0.01153
   -0.01813
    0.02182
   -0.00484
   -0.02486
    0.00117
    0.01224
    0.00036
   -0.01554
   -0.01094
    0.01736
   -0.00655
    0.00117
   -0.02272
    0.01796
   -0.00879
    0.00491
   -0.02762
    0.03230
   -0.00442
   -0.02278
   -0.00885
    0.02241
   -0.00436
   -0.00786
   -0.01507
    0.02449
   -0.00273
   -0.00445
   -0.01924
    0.01402
    0.00042
   -0.00071
   -0.02573
    0.02325
    0.00221
   -0.01633
   -0.00493
    0.01513
    0.00663
   -0.01214
   -0.02613
    0.02564
    0.00903
   -0.03446
   -0.01721
    0.01627
    0.00219
    0.00429
   -0.02370
    0.01592
   -0.01103
   -0.00743
   -0.01675
    0.02698
   -0.00478
   -0.01679
    0.00599
    0.01160
    0.00767
   -0.03397
   -0.00917
    0.01247
   -0.00567
   -0.00315
   -0.01501
    0.01380
   -0.00002
   -0.02284
   -0.00422
    0.01053
   -0.00761
   -0.00045
    0.00205
    0.00938
   -0.00477
   -0.00364
   -0.01719
    0.01349
   -0.01708
   -0.00287
   -0.00707
    0.02460
   -0.02340
    0.00574
    0.00996
    0.03231
   -0.00645
   -0.00592
   -0.00391
    0.01292
   -0.00217
   -0.00502
   -0.00542
    0.00886
   -0.00225
   -0.00631
   -0.01893
    0.02054
   -0.00382
   -0.02221
   -0.00445
    0.02277
   -0.00241
   -0.00709
   -0.01103
    0.01551
   -0.00004
   -0.01870
   -0.00256
    0.01000
   -0.01734
   -0.00138
   -0.00270
    0.02382
    0.00265
   -0.01554
   -0.00625
    0.00950
   -0.00455
   -0.01835
    0.00327
    0.01045
   -0.00152
   -0.01614
   -0.00807
    0.01239
   -0.00157
   -0.00400
   -0.01747
    0.01164
   -0.00158
   -0.02111
   -0.00011
    0.00918
    0.00115
   -0.02028
   -0.00293
    0.01519
    0.00140
   -0.01258
   -0.01147
    0.00930
   -0.00821
   -0.00983
   -0.00861
    0.02029
    0.00576
   -0.02107
   -0.00637
    0.01098
    0.01639
   -0.03436
    0.00664
    0.03232
    0.00347
   -0.00346
   -0.00537
    0.00032
   -0.00211
   -0.01715
   -0.01165
    0.02469
   -0.00305
   -0.01664
   -0.00541
    0.01714
    0.01096
   -0.01842
   -0.02369
    0.02000
   -0.00275
   -0.00173
   -0.01882
    0.01178
   -0.00011
    0.00720
   -0.02165
    0.01201
   -0.00089
   -0.01499
   -0.00902
    0.01673
    0.00171
   -0.01787
    0.00551
    0.00670
    0.00063
   -0.01250
   -0.00236
    0.00882
   -0.00493
   -0.00579
   -0.01007
    0.01233
   -0.00562
   -0.02120
    0.00660
    0.00910
    0.01284
   -0.02937
   -0.01344
    0.00974
    0.00560
   -0.03158
   -0.01107
    0.01843
    0.00605
   -0.01616
   -0.04661
    0.04120
    0.00541
   -0.02805
   -0.00280
    0.01855
    0.01705
   -0.00719
   -0.03827
    0.02375
   -0.00685
    0.01421
   -0.01774
   -0.00032
   -0.00986
    0.00661
   -0.01691
    0.01969
    0.01361
   -0.00924
   -0.02929
    0.02390
    0.01448
   -0.02019
   -0.02412
    0.02134
    0.00113
   -0.01644
   -0.00022
    0.01148
   -0.00352
   -0.01100
   -0.01860
    0.02683
    0.00914
   -0.02080
   -0.00945
    0.01781
    0.00948
   -0.01113
   -0.01893
    0.00763
    0.01373
   -0.02300
   -0.01505
    0.00908
    0.00283
   -0.00134
   -0.05394
    0.03174
    0.01471
   -0.03359
   -0.01147
    0.01490
    0.01142
   -0.02463
   -0.02186
    0.01685
    0.00600
   -0.00334
   -0.02970
    0.00727
   -0.00090
   -0.00968
   -0.01966
    0.02369
    0.02139
   -0.02733
   -0.02670
    0.01900
    0.00570
   -0.01159
   -0.01537
    0.02004
   -0.00025
   -0.00166
   -0.00760
    0.00615
   -0.00067
   -0.00085
   -0.02620
    0.02292
    0.00994
   -0.01495
   -0.00940
    0.01827
    0.02438
   -0.02602
   -0.02106
    0.01486
    0.00733
   -0.01080
   -0.01465
    0.00852
    0.00115
   -0.00862
   -0.00755
    0.01307
    0.02081
   -0.02832
   -0.01998
    0.01845
    0.00706
   -0.02576
    0.00299
    0.00896
    0.00820
   -0.02507
   -0.00832
    0.00867
   -0.00437
    0.00229
   -0.02521
    0.01529
    0.01534
   -0.02613
   -0.01639
    0.00976
   -0.00239
   -0.01575
   -0.01273
    0.01562
   -0.00064
   -0.02017
   -0.01904
    0.01564
   -0.00186
    0.00058
   -0.04167
    0.02448
   -0.00025
   -0.02389
   -0.00975
    0.01816
    0.00261
   -0.01180
   -0.01246
    0.01586
   -0.00744
    0.00462
   -0.01156
    0.01059
   -0.00713
    0.00094
   -0.01838
    0.02035
    0.00253
   -0.01045
   -0.01121
    0.02007
    0.00868
   -0.01762
   -0.01931
    0.01419
   -0.00232
   -0.01453
   -0.00764
    0.01200
   -0.00407
    0.00128
   -0.02667
    0.02538
   -0.00080
   -0.00680
   -0.01491
    0.01714
    0.01202
   -0.02941
   -0.01094
    0.00653
    0.00226
   -0.01594
   -0.01823
    0.01068
    0.00248
   -0.02372
   -0.01332
    0.01967
   -0.00219
   -0.01653
   -0.00766
    0.01306
   -0.00200
   -0.01152
   -0.01411
    0.01929
    0.00094
   -0.00814
   -0.02448
    0.01191
   -0.01398
   -0.00670
   -0.01424
    0.03125
    0.00489
   -0.01480
   -0.01390
    0.01645
   -0.00199
   -0.00905
   -0.01802
    0.02465
    0.00806
   -0.03384
   -0.00368
    0.01696
   -0.01374
    0.00219
   -0.03116
    0.02846
    0.01054
   -0.02206
   -0.01824
    0.02142
    0.00650
   -0.00746
   -0.02143
    0.02323
    0.00534
   -0.02080
   -0.01433
    0.01158
   -0.00817
   -0.00316
   -0.00188
    0.01543
    0.00285
   -0.02393
   -0.00859
    0.01808
   -0.00221
   -0.01280
   -0.02093
    0.02170
    0.00769
   -0.02243
    0.00298
    0.00231
   -0.01035
    0.00838
   -0.03396
    0.02941
    0.00063
   -0.02003
   -0.00643
    0.01014
    0.00569
   -0.01790
   -0.02001
    0.01900
    0.00469
   -0.02162
   -0.01096
    0.01025
   -0.00356
   -0.00947
   -0.01770
    0.02383
    0.00722
   -0.02331
   -0.00433
    0.01053
    0.00216
   -0.01326
   -0.02215
    0.02509
    0.00767
   -0.02775
   -0.01462
    0.01635
    0.00109
   -0.01220
   -0.01436
    0.02146
    0.01773
   -0.03122
   -0.01279
    0.02165
    0.00111
   -0.00395
   -0.02170
    0.02269
    0.00177
   -0.01347
    0.00342
    0.00444
   -0.00973
   -0.01187
   -0.00366
    0.02224
    0.00692
   -0.01818
   -0.00079
    0.00863
    0.00295
   -0.03210
    0.00604
    0.01255
    0.00542
   -0.02785
   -0.01217
    0.01398
    0.00299
   -0.00763
   -0.03398
    0.02446
    0.00270
   -0.02752
   -0.00198
    0.01145
    0.00630
   -0.01870
   -0.01567
    0.01416
    0.01233
   -0.02045
   -0.03024
    0.00701
   -0.00184
    0.00048
   -0.02256
    0.02830
    0.01761
   -0.02692
   -0.02078
    0.02276
    0.00299
   -0.02119
   -0.01126
    0.02152
    0.01170
   -0.03187
    0.00487
    0.00573
    0.00246
    0.00587
   -0.02152
    0.01376
    0.01363
   -0.02935
   -0.00860
    0.01827
    0.00787
   -0.01368
   -0.02234
    0.02189
   -0.00144
   -0.04238
   -0.00112
    0.02876
    0.01269
   -0.02715
   -0.00008
    0.00680
   -0.00109
   -0.03726
   -0.00335
    0.02355
   -0.00404
   -0.00858
   -0.01600
    0.02273
    0.00136
   -0.03677
   -0.01000
    0.02224
   -0.00693
   -0.00028
   -0.03544
    0.03071
    0.00583
   -0.02456
   -0.00957
    0.01125
   -0.00076
   -0.00978
   -0.02576
    0.01841
    0.00328
   -0.01916
   -0.02744
    0.01327
   -0.00822
   -0.01633
   -0.01150
    0.02373
   -0.00010
   -0.01753
   -0.01190
    0.01338
   -0.00865
   -0.00755
   -0.01273
    0.02353
   -0.01399
   -0.00256
   -0.00259
    0.01946
   -0.00526
   -0.00389
   -0.01919
    0.02380
    0.00046
   -0.03133
   -0.00288
    0.02120
    0.00549
   -0.00330
   -0.02708
    0.01638
    0.00550
   -0.03889
    0.00526
    0.00933
   -0.01921
    0.00026
   -0.00278
    0.02181
   -0.00189
   -0.01343
   -0.00161
    0.01004
   -0.00054
   -0.02096
   -0.00415
    0.01369
    0.00687
   -0.02436
   -0.01414
    0.00695
   -0.00048
   -0.01010
   -0.02137
    0.01830
    0.00227
   -0.02228
   -0.00603
    0.01107
   -0.00135
   -0.00733
   -0.00024
    0.00556
   -0.00802
   -0.00355
    0.00695
    0.01081
   -0.00668
   -0.00603
   -0.00576
    0.01368
   -0.01328
   -0.00117
    0.00209
    0.01350
   -0.00011
   -0.01135
   -0.00763
    0.01330
    0.00440
   -0.02106
    0.00590
    0.00626
   -0.00781
   -0.00492
   -0.01304
    0.01775
    0.00036
   -0.00963
   -0.01059
    0.01405
    0.00656
   -0.00636
   -0.01017
    0.00310
    0.00380
   -0.00161
   -0.01376
    0.00069
    0.00332
    0.00267
   -0.01199
    0.00418
   -0.00104
   -0.01018
   -0.01937
    0.01735
    0.01491
    0.00543
    0.01493
   -0.01003
    0.00404
   -0.01976
    0.02241
    0.00009
   -0.00564
   -0.00325
   -0.01444
    0.01279
   -0.00511
   -0.01762
    0.00448
    0.00654
    0.00652
   -0.01829
   -0.00428
    0.00452
    0.00443
   -0.02074
   -0.00489
    0.00754
   -0.00706
   -0.01158
   -0.02171
    0.02606
    0.00629
   -0.02687
   -0.00205
    0.00961
    0.01631
   -0.02095
   -0.02497
    0.02165
    0.00471
   -0.00031
   -0.02232
    0.00254
    0.00002
   -0.00684
   -0.01836
    0.02324
    0.02163
   -0.02504
   -0.01093
    0.01969
    0.00276
   -0.02164
   -0.01502
    0.02275
    0.01926
   -0.02303
   -0.00013
   -0.00103
    0.00084
   -0.00572
   -0.01687
    0.01620
   -0.00109
   -0.02544
   -0.00437
    0.01827
    0.00973
   -0.02769
    0.00492
    0.00195
    0.00831
   -0.03397
   -0.01290
    0.01466
   -0.01054
   -0.00961
   -0.02974
    0.02824
    0.01410
   -0.03017
   -0.00714
    0.01101
    0.00802
   -0.01728
   -0.01123
    0.00740
    0.00148
   -0.02177
   -0.00979
    0.01496
   -0.00220
   -0.00743
   -0.01438
    0.01745
    0.00383
   -0.01501
   -0.01576
    0.01561
   -0.00750
    0.00027
   -0.01590
    0.01898
    0.00269
   -0.02703
   -0.00875
    0.01556
    0.00214
   -0.00616
   -0.03147
    0.02065
    0.00038
   -0.01134
   -0.01333
    0.02027
    0.02930
   -0.03518
   -0.01911
    0.00599
    0.00646
   -0.02472
   -0.00673
    0.01191
    0.00732
   -0.00048
   -0.02157
    0.00851
    0.00491
   -0.01692
   -0.00997
    0.01359
    0.00177
   -0.01930
    0.00049
    0.00721
    0.00608
   -0.02405
   -0.01369
    0.00888
   -0.00644
   -0.00146
   -0.01781
    0.00874
    0.00083
   -0.01741
   -0.00665
    0.00824
    0.00009
   -0.01049
   -0.00726
    0.00792
   -0.00097
   -0.01338
   -0.02205
    0.01263
   -0.00296
   -0.00548
   -0.01357
    0.01420
   -0.00199
   -0.01717
   -0.00531
    0.00660
   -0.00288
   -0.00478
   -0.00350
    0.00781
   -0.00134
   -0.00922
   -0.00511
    0.00870
   -0.00156
   -0.00897
   -0.01067
    0.01670
    0.00546
   -0.01688
   -0.00445
    0.01087
    0.00525
   -0.00812
   -0.01034
    0.00621
    0.00156
   -0.01032
    0.00129
    0.00282
   -0.00138
   -0.00775
   -0.00997
    0.01386
   -0.00019
   -0.01361
   -0.00582
    0.00913
   -0.00051
   -0.01798
   -0.00259
    0.01025
    0.00062
   -0.01442
   -0.00941
    0.00896
   -0.00297
   -0.00910
   -0.01424
    0.01420
   -0.00061
   -0.02075
   -0.00303
    0.00872
