IntronPotTab 1 1024 -10.99569 1.56290 23.67618 13302 6 16  174.77
   -0.04274
    0.01097
    0.01098
    0.04988
   -0.03986
   -0.05156
   -0.13804
    0.12067
   -0.06313
   -0.01893
   -0.09545
    0.14121
   -0.08572
   -0.02995
    0.05643
    0.05425
   -0.04215
   -0.02728
   -0.05974
    0.09499
   -0.00357
   -0.05899
   -0.16063
    0.12250
   -0.01997
   -0.01761
   -0.11119
    0.10338
   -0.03436
   -0.08691
    0.04208
    0.05206
   -0.03123
   -0.03394
   -0.06977
    0.10387
   -0.02317
   -0.10480
   -0.15120
    0.09249
   -0.02117
   -0.03201
    0.00077
    0.04383
   -0.04690
   -0.07835
   -0.04564
    0.08391
   -0.05286
   -0.00968
    0.05057
    0.03258
   -0.03680
   -0.09963
   -0.09617
    0.10772
   -0.02975
   -0.01409
   -0.09838
    0.09425
   -0.08141
   -0.02039
    0.04835
    0.03707
   -0.01853
   -0.03586
   -0.05172
    0.08676
   -0.00605
   -0.08988
   -0.12801
    0.10469
   -0.03955
   -0.04348
   -0.14751
    0.13782
   -0.04479
   -0.09226
    0.00551
    0.07875
   -0.02369
   -0.06768
   -0.04888
    0.09137
   -0.00460
   -0.02816
   -0.20014
    0.11249
    0.00841
   -0.04939
   -0.04420
    0.05793
   -0.01379
   -0.10515
    0.00115
    0.06329
   -0.01029
   -0.11750
   -0.03977
    0.10060
   -0.00147
   -0.08671
   -0.08099
    0.09105
   -0.01774
   -0.13468
   -0.05479
    0.10579
    0.00893
   -0.10603
   -0.08085
    0.08771
   -0.01277
   -0.06423
    0.03147
    0.03172
   -0.02256
   -0.18226
   -0.13181
    0.13666
    0.03487
   -0.09495
   -0.12253
    0.07924
   -0.00586
   -0.10167
    0.00128
    0.05446
   -0.00512
    0.01090
   -0.14036
    0.12479
   -0.02583
   -0.06148
   -0.16980
    0.12450
   -0.05272
   -0.04028
   -0.08551
    0.15867
   -0.02310
   -0.06964
   -0.06257
    0.08149
   -0.05094
   -0.03809
   -0.09436
    0.13055
   -0.00471
   -0.10443
   -0.19370
    0.13681
   -0.03058
   -0.08713
   -0.10097
    0.13933
    0.02983
   -0.08971
   -0.01962
    0.03816
    0.01212
   -0.04028
   -0.14051
    0.10251
   -0.01459
   -0.11514
   -0.22830
    0.14007
   -0.05832
   -0.06482
   -0.06534
    0.10690
   -0.14611
   -0.07410
   -0.05254
    0.12665
   -0.03078
   -0.03741
    0.01949
    0.03704
   -0.02960
   -0.11817
   -0.14904
    0.12111
   -0.01030
   -0.06341
   -0.10593
    0.09870
   -0.02140
   -0.06664
   -0.05864
    0.06072
   -0.05154
    0.01135
   -0.00475
    0.05761
   -0.02643
   -0.10240
   -0.07012
    0.10377
   -0.04892
   -0.02895
   -0.06295
    0.09494
   -0.03355
    0.00123
    0.05998
    0.00379
   -0.05580
   -0.02720
   -0.02327
    0.08035
   -0.01646
   -0.05617
   -0.12368
    0.10252
   -0.00832
   -0.04568
   -0.06210
    0.07432
   -0.04448
   -0.06978
    0.06269
    0.03724
   -0.02037
   -0.04389
   -0.06682
    0.06877
   -0.03077
   -0.09727
   -0.10753
    0.10253
   -0.03404
   -0.07248
   -0.05942
    0.09655
   -0.07389
   -0.08415
    0.03196
    0.06119
   -0.07558
    0.01109
    0.06426
    0.03091
   -0.02788
   -0.09023
   -0.08772
    0.09266
    0.00319
   -0.04693
   -0.06871
    0.05865
   -0.07086
    0.01210
    0.04842
    0.00792
   -0.02419
   -0.03782
   -0.04449
    0.08021
   -0.04628
   -0.05932
   -0.18013
    0.14481
   -0.03926
   -0.06692
   -0.11323
    0.13882
   -0.05569
   -0.04750
   -0.03598
    0.08804
   -0.06558
   -0.02522
   -0.05531
    0.10611
   -0.03304
    0.02386
   -0.15048
    0.11035
   -0.01532
    0.01194
   -0.12625
    0.08027
   -0.04542
   -0.06454
    0.02387
    0.04947
   -0.00897
   -0.03001
   -0.10809
    0.09978
   -0.03494
   -0.13300
   -0.16394
    0.11960
    0.01178
   -0.01217
    0.02347
   -0.02065
   -0.01954
   -0.09274
   -0.04564
    0.07563
   -0.05909
   -0.04857
   -0.00239
    0.06743
   -0.04600
   -0.08140
   -0.13136
    0.12277
   -0.02435
   -0.00519
   -0.12304
    0.08829
   -0.06609
   -0.04636
   -0.01313
    0.06193
   -0.03199
   -0.02453
   -0.05927
    0.10359
   -0.01411
   -0.07792
   -0.17134
    0.13323
   -0.01805
   -0.07350
   -0.12949
    0.13386
   -0.03265
   -0.07859
   -0.00404
    0.06916
   -0.02315
   -0.04366
   -0.08265
    0.08187
   -0.02405
   -0.01889
   -0.17681
    0.10643
   -0.05984
   -0.02579
   -0.02157
    0.11452
   -0.07034
   -0.03339
   -0.00213
    0.06320
   -0.02262
   -0.09495
   -0.09131
    0.13694
    0.02444
   -0.14338
   -0.08357
    0.13412
   -0.04993
   -0.08494
    0.00478
    0.08937
    0.02260
   -0.12433
   -0.06754
    0.08613
   -0.02771
   -0.07505
   -0.00976
    0.08350
   -0.00462
   -0.12579
   -0.17248
    0.12621
   -0.01923
   -0.08206
   -0.08089
    0.12283
    0.01473
   -0.12966
   -0.05699
    0.08962
    0.03096
   -0.11236
   -0.15314
    0.12804
    0.05297
   -0.03261
   -0.19533
    0.09193
   -0.02075
   -0.06790
   -0.13936
    0.14639
   -0.02440
   -0.05576
   -0.08935
    0.09245
   -0.04381
   -0.04205
   -0.10795
    0.13056
   -0.01952
    0.01002
   -0.17408
    0.13592
    0.01263
   -0.10556
   -0.08688
    0.10989
    0.00575
   -0.03572
   -0.08614
    0.05690
   -0.00246
   -0.04065
   -0.13187
    0.10240
    0.01516
   -0.05868
   -0.19132
    0.12457
   -0.04632
   -0.08998
   -0.02266
    0.07464
   -0.04755
   -0.06747
   -0.09606
    0.08500
   -0.02589
   -0.09535
    0.01496
    0.06700
   -0.01781
   -0.02360
   -0.20929
    0.12722
   -0.00954
   -0.04599
   -0.11032
    0.09973
   -0.03036
   -0.08722
   -0.05759
    0.06960
   -0.06739
   -0.01409
   -0.04595
    0.10305
   -0.05038
   -0.08335
   -0.16121
    0.13104
   -0.05813
   -0.06168
   -0.08545
    0.13547
   -0.03461
   -0.03129
    0.03567
    0.02504
   -0.04405
   -0.01191
   -0.06561
    0.08293
   -0.04199
    0.00950
   -0.16647
    0.10116
   -0.02169
   -0.02700
   -0.09679
    0.10533
   -0.03063
   -0.03818
    0.03816
    0.02262
   -0.04506
   -0.03657
   -0.09436
    0.10532
   -0.04873
   -0.07313
   -0.21059
    0.12518
   -0.01827
   -0.03851
   -0.02672
    0.04551
   -0.05286
   -0.09495
    0.00842
    0.05909
   -0.04384
   -0.01619
    0.01802
    0.03930
   -0.03204
   -0.07361
   -0.15934
    0.08884
   -0.02720
   -0.02684
   -0.08718
    0.08575
   -0.02219
   -0.03540
   -0.02640
    0.04389
   -0.04795
   -0.00026
   -0.06493
    0.09905
   -0.03030
   -0.07559
   -0.13714
    0.12274
   -0.05570
   -0.00680
   -0.11441
    0.15936
   -0.05985
   -0.03466
   -0.02904
    0.07803
   -0.06261
   -0.03547
   -0.04984
    0.10468
   -0.02331
   -0.06035
   -0.18950
    0.14278
   -0.03975
    0.02072
   -0.10206
    0.12121
   -0.01131
   -0.09433
    0.02094
    0.04677
   -0.00896
   -0.04764
   -0.10982
    0.10838
   -0.06142
   -0.09734
   -0.12480
    0.10850
   -0.05945
   -0.05771
    0.03924
    0.09512
   -0.05061
   -0.08350
   -0.02362
    0.07218
   -0.05807
   -0.01759
    0.00775
    0.05384
   -0.01545
   -0.12296
   -0.14275
    0.12545
   -0.03244
   -0.01516
   -0.07795
    0.10383
   -0.04747
   -0.04359
   -0.00254
    0.04629
   -0.02180
   -0.05748
   -0.06490
    0.10921
    0.01658
   -0.11650
   -0.13300
    0.10885
   -0.00987
   -0.05632
   -0.15385
    0.14557
   -0.01893
   -0.10117
   -0.00082
    0.07519
   -0.02124
   -0.07114
   -0.04239
    0.08274
   -0.13589
    0.02929
   -0.08517
    0.17564
    0.01785
   -0.00534
   -0.17790
    0.10242
   -0.01943
   -0.10950
   -0.03964
    0.09305
    0.02269
   -0.06152
   -0.11307
    0.08205
    0.04763
   -0.12957
   -0.07370
    0.08334
   -0.00876
   -0.07332
   -0.05375
    0.08104
    0.06480
   -0.13977
   -0.06924
    0.06306
    0.00709
   -0.08412
   -0.00828
    0.04616
    0.00961
   -0.15018
   -0.17091
    0.12867
    0.01497
   -0.10878
   -0.09676
    0.13492
    0.06477
   -0.13182
   -0.04759
    0.07377
   -0.01712
   -0.00795
   -0.12578
    0.12661
   -0.03456
   -0.05318
   -0.15559
    0.12831
   -0.01703
   -0.01992
   -0.08574
    0.10884
   -0.02067
   -0.09424
   -0.09413
    0.11016
   -0.06115
   -0.00669
   -0.08290
    0.10968
   -0.00298
   -0.11529
   -0.22837
    0.14797
   -0.06555
   -0.00102
   -0.05467
    0.13515
    0.03976
   -0.11863
   -0.05551
    0.06300
    0.01490
   -0.11473
   -0.09850
    0.09316
    0.02448
   -0.10900
   -0.15514
    0.07893
   -0.00530
   -0.07590
   -0.03677
    0.06325
   -0.10552
   -0.08150
   -0.13324
    0.11030
   -0.05281
   -0.07443
    0.05988
    0.05528
   -0.02447
   -0.04990
   -0.20755
    0.12959
   -0.04452
   -0.00422
   -0.08647
    0.11964
   -0.04607
   -0.08942
   -0.06317
    0.07872
   -0.04058
    0.00618
   -0.11318
    0.09831
   -0.02384
   -0.09755
   -0.16261
    0.13413
   -0.02050
   -0.02448
   -0.09272
    0.07847
   -0.02631
   -0.01435
    0.00410
    0.02798
   -0.04427
   -0.03764
   -0.03023
    0.08080
   -0.02379
   -0.05104
   -0.17333
    0.11794
   -0.00363
   -0.04841
   -0.08269
    0.07942
   -0.00117
   -0.05557
    0.02946
    0.02225
   -0.02072
   -0.05826
   -0.08283
    0.08667
   -0.04394
   -0.09114
   -0.20243
    0.12458
   -0.03107
   -0.04325
   -0.03454
    0.06870
   -0.05746
   -0.09485
    0.00170
    0.06497
   -0.05342
   -0.00799
    0.00710
    0.04909
   -0.02734
   -0.07132
   -0.21997
    0.11515
   -0.00051
   -0.02939
   -0.08546
    0.06384
   -0.03980
   -0.00565
   -0.00158
    0.02374
   -0.04586
    0.01072
    0.02407
    0.03933
   -0.03398
   -0.07450
   -0.11484
    0.11564
   -0.04650
    0.02722
   -0.10786
    0.09308
   -0.08328
    0.03589
    0.05186
    0.01569
   -0.08061
   -0.00859
   -0.02401
    0.09338
   -0.01794
   -0.05965
   -0.11136
    0.08840
   -0.02424
   -0.00888
   -0.05866
    0.06281
   -0.07788
   -0.05596
    0.08087
    0.04322
   -0.04010
   -0.05322
   -0.06337
    0.09863
   -0.06083
   -0.14038
   -0.19051
    0.13491
   -0.03574
   -0.01519
   -0.01754
    0.05667
   -0.08052
   -0.03952
    0.01015
    0.05919
   -0.06984
    0.01631
    0.04565
    0.02364
   -0.05187
   -0.09519
   -0.10476
    0.11110
   -0.04490
    0.02033
   -0.08890
    0.07252
   -0.06642
    0.02483
    0.08114
   -0.00669
   -0.02123
   -0.07621
   -0.07785
    0.11843
   -0.01735
   -0.13044
   -0.18336
    0.14440
   -0.03625
   -0.07923
   -0.14441
    0.16562
   -0.02100
   -0.11383
    0.02534
    0.07653
   -0.05641
   -0.07397
   -0.05538
    0.11554
   -0.05599
   -0.02553
   -0.19883
    0.13947
   -0.06117
   -0.03107
   -0.09228
    0.15505
   -0.01849
   -0.13464
    0.04422
    0.07484
   -0.01301
   -0.12589
   -0.12212
    0.13128
   -0.01876
   -0.16393
   -0.09888
    0.14383
   -0.05601
   -0.09005
   -0.06031
    0.12975
   -0.00289
   -0.15031
   -0.00843
    0.08943
   -0.01366
   -0.08135
   -0.00317
    0.05628
   -0.02090
   -0.18310
   -0.17504
    0.12088
   -0.00774
   -0.09694
   -0.09745
    0.10699
    0.04307
   -0.12491
    0.00064
    0.05788
   -0.00784
   -0.03717
   -0.13269
    0.11287
   -0.02711
   -0.07354
   -0.24350
    0.13732
   -0.03406
   -0.01623
   -0.11110
    0.10925
   -0.05342
   -0.06004
   -0.06918
    0.09951
   -0.04410
   -0.05255
   -0.14554
    0.13323
   -0.01451
   -0.08202
   -0.20946
    0.11376
   -0.05335
   -0.02895
   -0.13477
    0.14964
   -0.00857
   -0.10664
   -0.04549
    0.07190
    0.02244
   -0.10008
   -0.14997
    0.11074
   -0.00941
   -0.10084
   -0.24568
    0.12328
   -0.02964
   -0.18310
   -0.00753
    0.11099
   -0.06455
   -0.06924
   -0.08810
    0.10167
   -0.05016
   -0.05675
    0.01153
    0.06275
   -0.03071
   -0.10892
   -0.21910
    0.12797
   -0.02462
   -0.02315
   -0.12287
    0.09063
   -0.03768
   -0.04628
   -0.04057
    0.05420
   -0.07332
    0.03458
    0.04613
    0.03937
   -0.06466
   -0.08996
   -0.12495
    0.14010
   -0.05155
   -0.00848
   -0.03390
    0.07135
   -0.06626
    0.00788
    0.07169
    0.00682
   -0.05815
   -0.02300
   -0.03720
    0.08422
   -0.04358
   -0.02508
   -0.14117
    0.09608
    0.01042
   -0.07979
   -0.15665
    0.10866
   -0.04407
   -0.06544
    0.08351
    0.01908
   -0.04760
   -0.06799
   -0.04762
    0.08795
   -0.04060
   -0.08766
   -0.15587
    0.10291
   -0.04588
   -0.08472
   -0.05405
    0.09400
   -0.09895
   -0.06874
    0.03135
    0.05664
   -0.08024
    0.02061
    0.06372
    0.02563
   -0.04403
   -0.07350
   -0.08831
    0.08093
   -0.01391
   -0.03142
   -0.05997
    0.06142
   -0.07684
    0.01810
    0.05855
    0.00033
