9 20 3 1 47 -2.4971 2.1513 3.9671 13038
 -0.05229   0.08156   0.06789  -0.04515  -0.09450   0.04483   0.13480  -0.01745  -0.04272  -0.05228  -0.05178   0.08561  -0.03763   0.04272   0.04245  -0.01289  -0.18454   0.08818   0.13776  -0.04126 
 -0.08198   0.03918   0.08462  -0.00120  -0.08896   0.04777   0.17390  -0.06360  -0.02167  -0.02145   0.06855   0.00255  -0.03340   0.10870   0.08869  -0.11599  -0.17473   0.07042   0.23862  -0.13196 
 -0.07934   0.05767   0.16435  -0.08243  -0.07468   0.05423   0.09901  -0.01453  -0.03808  -0.01713   0.01835   0.03884   0.00641   0.07119   0.03168  -0.08472  -0.18318   0.13344   0.08551  -0.03781 
 -0.05312   0.06757   0.06313  -0.03071  -0.09647   0.05746   0.12406  -0.01412  -0.05006  -0.03133  -0.02814   0.07386  -0.05335   0.08420   0.07337  -0.05107  -0.20266   0.10215   0.13112  -0.03805 
 -0.09411   0.06105   0.09051  -0.00933  -0.09663   0.07791   0.17946  -0.08304  -0.01337  -0.00374   0.08566  -0.02615  -0.05155   0.08117   0.11264  -0.09070  -0.12700   0.10492   0.20569  -0.15459 
 -0.07288   0.07400   0.15798  -0.09587  -0.04355   0.04916   0.07460  -0.02769  -0.04978   0.01425   0.03169   0.02571   0.01137   0.09447   0.01153  -0.09499  -0.20113   0.12786   0.08861  -0.02738 
 -0.04564   0.07509   0.05246  -0.03589  -0.07866   0.03884   0.12672  -0.02368  -0.05914  -0.05917  -0.04653   0.09944  -0.05251   0.08458   0.04532  -0.02787  -0.20344   0.09836   0.11018  -0.01945 
 -0.08960   0.04918   0.07510   0.00523  -0.09807   0.02990   0.18661  -0.05448  -0.01834   0.00648   0.08235  -0.02555  -0.02249   0.08685   0.10942  -0.13553  -0.13919   0.10885   0.22300  -0.17164 
 -0.07214   0.06915   0.16738  -0.10228  -0.04615   0.06931   0.07785  -0.04075  -0.03780   0.02895  -0.01448   0.02552   0.02272   0.11646  -0.00751  -0.11817  -0.16493   0.13767   0.08948  -0.05303 
 -0.03365   0.09094   0.04169  -0.05250  -0.09292   0.05138   0.12882  -0.01803  -0.04472  -0.05212  -0.01712   0.07545  -0.05020   0.09615   0.05533  -0.04848  -0.19516   0.08303   0.12907  -0.02602 
 -0.08615   0.04868   0.08629  -0.00488  -0.08816   0.06174   0.19046  -0.09368  -0.00052  -0.04376   0.07604  -0.01062  -0.02134   0.09850   0.07032  -0.10451  -0.16977   0.10589   0.23054  -0.15780 
 -0.06883   0.06757   0.16194  -0.09886  -0.05471   0.04511   0.08905  -0.02327  -0.05006   0.06298  -0.01176   0.01350   0.00634   0.11382   0.01074  -0.10464  -0.17075   0.14987   0.07534  -0.05040 
 -0.04587   0.09586   0.04636  -0.04712  -0.09735   0.05280   0.11535  -0.00300  -0.08043   0.00893  -0.06123   0.08780  -0.02647   0.08013   0.03847  -0.05116  -0.17242   0.10459   0.09266  -0.02565 
 -0.08755   0.06631   0.05976   0.00264  -0.11615   0.06864   0.21133  -0.09013  -0.00430  -0.01814   0.07288  -0.01991  -0.04794   0.09915   0.11355  -0.11348  -0.16393   0.08319   0.23882  -0.15031 
 -0.08476   0.06535   0.17878  -0.09795  -0.05298   0.05337   0.07837  -0.02216  -0.05414   0.00730   0.02892   0.03481   0.00417   0.12950   0.00389  -0.11073  -0.22827   0.14709   0.09507  -0.03560 
 -0.05442   0.09064   0.05311  -0.03941  -0.09397   0.03890   0.11946  -0.00130  -0.07627  -0.00392  -0.07324   0.09488  -0.04334   0.08552   0.03938  -0.03475  -0.22144   0.09779   0.11553  -0.01529 
 -0.09919   0.05976   0.06805   0.01075  -0.13070   0.06569   0.22036  -0.08227   0.00599   0.00245   0.03240  -0.02328  -0.02528   0.12315   0.06776  -0.12029  -0.17454   0.11366   0.21748  -0.14623 
 -0.08336   0.08613   0.15978  -0.09704  -0.06944   0.07590   0.07523  -0.01586  -0.08183   0.03030  -0.00683   0.05861  -0.00814   0.13757   0.02042  -0.11468  -0.18151   0.10916   0.09143  -0.02396 
 -0.06446   0.09019   0.04885  -0.02670  -0.10229   0.08030   0.11438  -0.01503  -0.06036  -0.00348  -0.04839   0.07502  -0.04733   0.08010   0.05710  -0.04062  -0.17597   0.12772   0.09131  -0.04073 
 -0.09294   0.08080   0.06536  -0.00635  -0.07799   0.05944   0.16340  -0.07412  -0.03555   0.00284   0.05933   0.00642  -0.03364   0.12514   0.07183  -0.11393  -0.14994   0.10654   0.23170  -0.17316 
 -0.07375   0.08095   0.15087  -0.09366  -0.04792   0.07484   0.06326  -0.03089  -0.02988  -0.02364  -0.05362   0.06214  -0.00667   0.09477   0.05580  -0.10872  -0.20505   0.15341   0.10473  -0.05842 
 -0.04925   0.08217   0.05311  -0.03804  -0.09161   0.04904   0.11280  -0.00445  -0.03889  -0.04164  -0.08402   0.08773  -0.04231   0.09500   0.05357  -0.05594  -0.17935   0.09413   0.10683  -0.02478 
 -0.08173   0.05540   0.06568   0.00109  -0.07229   0.09058   0.17458  -0.11970  -0.01655  -0.01401   0.07517  -0.01056  -0.03884   0.14624   0.08500  -0.14374  -0.15430   0.11178   0.21250  -0.15116 
 -0.07091   0.09199   0.15360  -0.10906  -0.07310   0.07331   0.07719  -0.01159  -0.06470   0.01865   0.05564   0.02516  -0.00940   0.13592   0.01464  -0.10556  -0.18965   0.15351   0.07630  -0.04504 
 -0.06180   0.09895   0.05311  -0.03872  -0.09915   0.05897   0.10657   0.00201  -0.02581  -0.01999  -0.07285   0.06312  -0.04796   0.12371   0.02940  -0.05266  -0.22928   0.12798   0.12782  -0.04389 
 -0.08998   0.08003   0.06536  -0.00826  -0.08988   0.08451   0.18561  -0.10413  -0.01102   0.02623   0.02463  -0.01645  -0.03025   0.09050   0.10097  -0.11687  -0.18961   0.13463   0.22449  -0.16741 
 -0.07722   0.09437   0.15515  -0.10599  -0.04670   0.08926   0.06555  -0.04456  -0.06556   0.02917   0.01234   0.03869   0.00742   0.15421  -0.02279  -0.11898  -0.20141   0.18665   0.07903  -0.07181 
 -0.05053   0.12032   0.03357  -0.05344  -0.09586   0.07139   0.09374   0.00086  -0.07556   0.01849  -0.08810   0.08747  -0.04960   0.09046   0.08828  -0.07561  -0.21058   0.15445   0.09210  -0.04740 
 -0.09762   0.09199   0.05686  -0.00477  -0.09533   0.05556   0.18344  -0.07208  -0.01930   0.00909   0.07475  -0.02201  -0.04964   0.14552   0.07964  -0.12030  -0.16858   0.14195   0.19907  -0.15708 
 -0.08235   0.09910   0.14654  -0.09613  -0.05772   0.08018   0.08062  -0.03660  -0.04467   0.00789  -0.01225   0.04316   0.00139   0.14072   0.00941  -0.12319  -0.17834   0.17242   0.09216  -0.07954 
 -0.04948   0.10682   0.04603  -0.05203  -0.09217   0.08262   0.07134   0.00656  -0.05001   0.01032  -0.09067   0.07306  -0.04765   0.11667   0.01823  -0.03781  -0.19031   0.13485   0.08970  -0.03856 
 -0.08577   0.09124   0.03510  -0.00016  -0.10365   0.08294   0.17348  -0.07195  -0.00147  -0.00146   0.06832  -0.03114  -0.03099   0.13286   0.03640  -0.09031  -0.17968   0.14974   0.21408  -0.17721 
 -0.07859   0.10305   0.14204  -0.09913  -0.07502   0.09317   0.07338  -0.02018  -0.05927   0.02958  -0.03033   0.04984  -0.01390   0.15531   0.00530  -0.11071  -0.19531   0.15384   0.07101  -0.03908 
 -0.06518   0.11141   0.03339  -0.03194  -0.09700   0.09589   0.07372   0.00086  -0.05842  -0.00663  -0.04650   0.07449  -0.05325   0.12092   0.04756  -0.05918  -0.19336   0.16759   0.07209  -0.05274 
 -0.09475   0.10566   0.04236  -0.00763  -0.07660   0.08059   0.16472  -0.09381  -0.03527   0.02558   0.08446  -0.02174  -0.03054   0.15166   0.06063  -0.13556  -0.14805   0.12967   0.20296  -0.16213 
 -0.07214   0.10363   0.13990  -0.10439  -0.03511   0.07259   0.05572  -0.03937  -0.06035   0.05320   0.02887   0.01176   0.01284   0.11561   0.03404  -0.14010  -0.17911   0.18200   0.03321  -0.04688 
 -0.04184   0.11041   0.03493  -0.05497  -0.10615   0.12255   0.06370  -0.00148  -0.05075   0.01944  -0.09301   0.06947  -0.02720   0.09402  -0.00874  -0.02415  -0.23354   0.16784   0.10584  -0.05932 
 -0.09217   0.11027   0.03220  -0.00678  -0.10478   0.08999   0.14209  -0.04403  -0.01263   0.02922   0.05913  -0.03446  -0.02601   0.15830   0.07302  -0.16524  -0.15891   0.14357   0.18879  -0.15302 
 -0.07523   0.11269   0.12645  -0.09639  -0.04945   0.10594   0.02594  -0.02399  -0.06163   0.02062   0.01203   0.04059  -0.00737   0.15510  -0.01104  -0.10621  -0.17002   0.15477   0.06011  -0.04456 
 -0.05324   0.11241   0.01914  -0.03475  -0.11060   0.09832   0.07945   0.00834  -0.07955   0.01465  -0.09126   0.09324  -0.03032   0.11468   0.00527  -0.04772  -0.19714   0.13328   0.09373  -0.03701 
 -0.09971   0.09630   0.03663   0.00656  -0.08404   0.07322   0.13715  -0.05038  -0.01140   0.00849   0.02646  -0.00534   0.00518   0.10121   0.05129  -0.12982  -0.12891   0.13023   0.19152  -0.16228 
 -0.05762   0.09004   0.11936  -0.08852  -0.05659   0.06902  -0.02030   0.03660  -0.05518   0.00580  -0.01293   0.05346  -0.01689   0.13493  -0.00250  -0.07840  -0.12958   0.13485   0.00897  -0.01736 
 -0.05112   0.08974  -0.00952  -0.00277  -0.10983   0.05352   0.06803   0.04302  -0.03628  -0.02916  -0.10626   0.08632  -0.08678   0.13354  -0.01589   0.01581  -0.18632   0.11886   0.05123  -0.00325 
 -0.10419   0.07726   0.01560   0.03449  -0.08919   0.09205   0.11666  -0.03939  -0.01902   0.04203  -0.01915   0.00095  -0.01408   0.13252   0.02280  -0.10236  -0.16260   0.10307   0.17943  -0.10159 
 -0.07847   0.09836   0.10204  -0.05937  -0.01944   0.06159  -0.05129   0.01744  -0.01080   0.02376  -0.14727   0.04842   0.04959   0.12511  -0.08299  -0.11283  -0.11077   0.12725  -0.02673  -0.00246 
 -0.01147   0.08929  -0.07083  -0.00784  -0.03014   0.12308  -0.00257  -0.04142   0.02114  -0.01347  -0.19431   0.05090   0.04547   0.17631  -0.06257  -0.18213  -0.07354   0.13810   0.01306  -0.05400 
 -0.01340   0.11055  -0.04021  -0.03781   0.00631   0.26838   0.02363  -0.31885   0.13959   0.15759  -0.10588  -0.37034   0.07821   0.29511  -0.04035  -0.62671  -0.04565   0.31436   0.09012  -0.43419 
  0.04917   0.26528   0.00841  -0.40472   0.25978  -0.20877  -0.32287  -0.29729   0.32310  -0.40942  -0.39071  -0.33259   0.31697  -0.18871  -0.45314  -0.49827   0.06075   0.05714  -0.01243  -0.07578 
  0.30624  -0.21746  -0.32063  -0.30682  -0.65507  -0.92699   0.66763  -0.71179  -0.32631  -0.41841   0.54826  -0.08394  -0.26802  -0.46331   0.48954  -0.28948  -0.83166  -0.61674   0.61468  -0.47295 
 -0.54005  -0.73798   0.63432  -0.51498  -1.01072  -4.11524   0.72586  -4.11524  -0.42511  -4.11524   0.79046  -4.11524  -1.86979  -4.11524   0.70445  -4.11524  -0.74646  -4.11524   0.69634  -4.11524 
 -1.31582  -4.11524   0.73700  -4.11524  -4.11524  -4.11524  -4.11524   0.53455  -4.11524  -4.11524  -4.11524  -4.11524  -4.11524  -1.07117  -4.11524   0.54281  -4.11524  -4.11524  -4.11524  -4.11524 
 -4.11524  -1.10875  -4.11524   0.48917  -4.11524  -4.11524  -4.11524  -4.11524   0.35160  -0.47693  -0.20838  -0.59358  -4.11524  -4.11524  -4.11524  -4.11524   0.43500  -0.60157  -0.19789  -0.33006 
  0.31369  -0.55660  -0.17139  -0.27311   0.16714  -0.04371  -0.55309  -0.04145   0.09707  -0.16414  -0.54993   0.09440   0.31635  -0.24368  -0.42897  -0.45224   0.11246  -0.06756  -0.28875   0.05644 
  0.21026  -0.10301  -0.46991  -0.06057  -0.26422  -0.28211   0.48300  -0.24613  -0.15032  -0.23390   0.33107   0.02619  -0.24500  -0.22386   0.38025  -0.09470  -0.13256  -0.25129   0.42150  -0.25842 
 -0.20435  -0.27085   0.44186  -0.19351  -0.07608  -0.02361  -0.06292   0.11882  -0.01577  -0.12961  -0.26399   0.14477  -0.28252  -0.06941  -0.43926   0.32803  -0.04657  -0.08631  -0.02596   0.07737 
 -0.14370  -0.08267  -0.20885   0.20273   0.00363   0.03817  -0.20274   0.06848  -0.01344  -0.08433  -0.34905   0.14077  -0.05897   0.03022  -0.31926   0.16968   0.01690  -0.03858  -0.09550   0.05061 
 -0.03264  -0.00799  -0.16003   0.09920  -0.06385   0.09278  -0.22516   0.11158  -0.09221  -0.03409  -0.47223   0.18748  -0.03398   0.07497  -0.28210   0.11871  -0.11088   0.05737  -0.23414   0.11053 
 -0.09204   0.05960  -0.26352   0.13499  -0.03567   0.09052  -0.22359   0.08720  -0.09226   0.00746  -0.43509   0.16732  -0.04812   0.09795  -0.27098   0.11512  -0.16021   0.13345  -0.23381   0.08835 
 -0.10966   0.10739  -0.26454   0.12126  -0.05088   0.09279  -0.20956   0.09570  -0.08317  -0.07987  -0.40630   0.19149  -0.02109   0.09574  -0.21561   0.07364  -0.15527   0.11865  -0.22693   0.09351 
 -0.10605   0.08217  -0.25381   0.12993  -0.05737   0.06400  -0.14044   0.09356  -0.07308  -0.11201  -0.32735   0.18626  -0.03793   0.06850  -0.20964   0.10356  -0.13108   0.07523  -0.11781   0.07664 
 -0.10194   0.04753  -0.16703   0.12189  -0.05086   0.05917  -0.16004   0.09711  -0.09687  -0.15896  -0.25531   0.20258  -0.04536   0.05439  -0.23301   0.12499  -0.08530   0.06698  -0.15523   0.07341 
 -0.08909   0.03460  -0.18221   0.12448  -0.04670   0.06674  -0.15336   0.08712  -0.07433  -0.07564  -0.35757   0.17919  -0.03018   0.07803  -0.29230   0.11649  -0.11494   0.08714  -0.16907   0.07960 
 -0.08998   0.06217  -0.20439   0.11794  -0.05880   0.10456  -0.20024   0.09337  -0.12823  -0.06568  -0.40770   0.21057  -0.05101   0.10988  -0.27012   0.11039  -0.14822   0.11591  -0.16494   0.07537 
 -0.11833   0.08884  -0.22158   0.12573  -0.05896   0.12591  -0.19139   0.07816  -0.11455   0.00700  -0.41457   0.17773  -0.05112   0.09740  -0.26429   0.11607  -0.12387   0.12517  -0.15849   0.05765 
 -0.11127   0.10984  -0.21851   0.10944  -0.08478   0.12395  -0.14238   0.08497  -0.10662  -0.01399  -0.44676   0.18529  -0.05615   0.08845  -0.21845   0.11133  -0.11452   0.10602  -0.16867   0.06851 
 -0.11249   0.09348  -0.21215   0.11746  -0.07256   0.07687  -0.15266   0.10439  -0.11290  -0.00294  -0.41645   0.18109  -0.05665   0.10093  -0.24051   0.11161  -0.12385   0.08244  -0.12362   0.07164 
 -0.11425   0.07617  -0.18900   0.12126  -0.07958   0.08145  -0.14984   0.10687  -0.08941  -0.06480  -0.38829   0.18791  -0.08566   0.04843  -0.21103   0.15269  -0.12329   0.07333  -0.11497   0.07350 
 -0.11492   0.05605  -0.17524   0.12776  -0.06795   0.05897  -0.14183   0.10573  -0.11274  -0.02327  -0.34469   0.18030  -0.09355   0.06402  -0.20181   0.14807  -0.11233   0.05942  -0.13336   0.08232 
 -0.11520   0.05442  -0.17414   0.12838  -0.08579   0.06880  -0.13231   0.11216  -0.11297  -0.03760  -0.36923   0.18886  -0.07565   0.05287  -0.22590   0.14766  -0.12351   0.06151  -0.11311   0.07924 
 -0.12191   0.05377  -0.16649   0.13031  -0.09096   0.05465  -0.09611   0.10979  -0.10494  -0.05823  -0.27006   0.17822  -0.06867   0.05099  -0.24795   0.14963  -0.09651   0.06694  -0.10472   0.06172 
 -0.11208   0.04967  -0.14405   0.12000  -0.09710   0.07290  -0.14468   0.12319  -0.09660  -0.05413  -0.27029   0.17211  -0.09836   0.04680  -0.12637   0.13393  -0.10541   0.05020  -0.10578   0.07494 
 -0.11751   0.04504  -0.14225   0.12480  -0.09029   0.05782  -0.11402   0.11448  -0.08656  -0.05618  -0.33368   0.17640  -0.06337   0.01070  -0.18217   0.14402  -0.12207   0.04293  -0.09363   0.08141 
 -0.11397   0.03392  -0.14225   0.12791  -0.08208   0.02959  -0.08363   0.10950  -0.06834  -0.11945  -0.28605   0.17987  -0.07615   0.01660  -0.17822   0.14984  -0.12091   0.00774  -0.06377   0.08686 
 -0.10952   0.00095  -0.11231   0.13039  -0.07639   0.01307  -0.13192   0.12993  -0.07337  -0.09455  -0.30248   0.17741  -0.08830   0.05192  -0.18894   0.14607  -0.12000   0.02799  -0.06392   0.07706 
 -0.11087   0.01668  -0.12468   0.12838  -0.05881  -0.01340  -0.09868   0.11461  -0.08782  -0.09316  -0.32083   0.18789  -0.06365  -0.03451  -0.10244   0.13419  -0.07085  -0.00397  -0.07272   0.07358 
 -0.08819  -0.01614  -0.11207   0.12472  -0.07814  -0.02069  -0.08646   0.12856  -0.05055  -0.08450  -0.30959   0.16088  -0.06119  -0.08003  -0.16719   0.17223  -0.11517   0.00476  -0.07723   0.09075 
 -0.09932  -0.01806  -0.11615   0.13346  -0.08313  -0.01463  -0.09378   0.13280  -0.06016  -0.12611  -0.25073   0.17135  -0.09709  -0.00512  -0.14732   0.16361  -0.08088  -0.01459  -0.07072   0.08218 
 -0.09905  -0.02251  -0.10614   0.13185  -0.07824   0.00423  -0.10771   0.12655  -0.06489  -0.06531  -0.28428   0.15937  -0.06170  -0.02246  -0.16428   0.15065  -0.10816  -0.00981  -0.04585   0.08258 
 -0.10155  -0.00874  -0.10215   0.12643  -0.07404   0.00264  -0.05789   0.10423  -0.04488  -0.11251  -0.28245   0.16243  -0.06185  -0.03540  -0.19165   0.16458  -0.09024  -0.03168  -0.05077   0.08609 
 -0.08947  -0.02917  -0.09658   0.12558  -0.06780   0.00429  -0.08090   0.10782  -0.02078  -0.15183  -0.22530   0.14851  -0.06742   0.00749  -0.21035   0.15730  -0.09701  -0.03462  -0.04674   0.08868 
 -0.08552  -0.02977  -0.09612   0.12323  -0.08040  -0.01013  -0.08913   0.12719  -0.05368  -0.17314  -0.25888   0.18225  -0.10366   0.00023  -0.15545   0.16862  -0.08823  -0.04650  -0.05260   0.09189 
 -0.09879  -0.04301  -0.09750   0.13675  -0.07936  -0.01261  -0.05734   0.11475  -0.05175  -0.12537  -0.17329   0.15131  -0.06498  -0.02668  -0.17998   0.15993  -0.10656  -0.02590  -0.03377   0.08404 
 -0.10023  -0.02977  -0.07258   0.12394  -0.06113  -0.01884  -0.06170   0.10397  -0.06097  -0.06152  -0.22471   0.14516  -0.07129  -0.04724  -0.14359   0.16030  -0.08934  -0.04068   0.00353   0.06682 
 -0.08960  -0.03195  -0.05714   0.11259  -0.10468   0.02158  -0.06736   0.12408   0.00681  -0.17096  -0.22019   0.13257  -0.06679  -0.08801  -0.11918   0.16265  -0.09054  -0.01532  -0.05408   0.08054 
 -0.08628  -0.03314  -0.08408   0.12087  -0.08256  -0.05034  -0.06412   0.13439  -0.05493  -0.08811  -0.24547   0.15465  -0.05907  -0.01456  -0.15104   0.14080  -0.10838  -0.02653  -0.02695   0.08233 
 -0.09827  -0.03274  -0.07608   0.12519  -0.07774  -0.00311  -0.07983   0.11867  -0.02643  -0.10494  -0.24339   0.14059  -0.06272  -0.02671  -0.10450   0.13109  -0.08780  -0.03764  -0.01585   0.07337 
 -0.08602  -0.03095  -0.06737   0.11379  -0.05602  -0.05150  -0.06438   0.11352  -0.04083  -0.12381  -0.21423   0.15159  -0.08089  -0.04385  -0.13361   0.16251  -0.08159  -0.04014  -0.01770   0.07237 
 -0.08135  -0.04979  -0.06716   0.11818  -0.07186  -0.03006  -0.04996   0.11252  -0.03366  -0.08661  -0.26503   0.14307  -0.05125  -0.02873  -0.13833   0.13577  -0.09327  -0.04497  -0.02122   0.08109 
 -0.08412  -0.03875  -0.06823   0.11603  -0.07724  -0.04189  -0.02593   0.11095  -0.00516  -0.13380  -0.22282   0.13064  -0.05779  -0.00108  -0.12389   0.12381  -0.08989  -0.01960  -0.00585   0.06211 
 -0.07972  -0.03274  -0.04942   0.10357  -0.07389  -0.06413  -0.06183   0.13164  -0.06068  -0.05394  -0.18142   0.13337  -0.05280  -0.08813  -0.14124   0.16003  -0.08524  -0.06007  -0.02069   0.08333 
 -0.08514  -0.05730  -0.06672   0.12323  -0.07213  -0.02039  -0.04540   0.10690  -0.02092  -0.14861  -0.17209   0.13695  -0.04283  -0.09088  -0.15099   0.15658  -0.08743  -0.05268  -0.00022   0.07262 
 -0.07934  -0.05752  -0.04921   0.11307  -0.07833  -0.03716  -0.05824   0.12392  -0.06009  -0.10537  -0.18310   0.15218  -0.06508  -0.03451  -0.13279   0.14696  -0.09020  -0.05105  -0.01009   0.07751 
 -0.09178  -0.04731  -0.05714   0.12000  -0.06345  -0.07162  -0.02349   0.10945  -0.03091  -0.11014  -0.24902   0.14657  -0.07099  -0.01476  -0.11918   0.13840  -0.08182  -0.04635   0.01028   0.06263 
 -0.08135  -0.05000  -0.04143   0.10839  -0.06784  -0.03945  -0.02648   0.10243  -0.02499  -0.09944  -0.22861   0.13486  -0.04137  -0.06556  -0.10891   0.13074  -0.07901  -0.06583   0.00680   0.07088 
 -0.07313  -0.05857  -0.04163   0.10643  -0.05497  -0.04767  -0.04818   0.10430  -0.04230  -0.13252  -0.17978   0.14860  -0.05663  -0.05426  -0.11003   0.13938  -0.06275  -0.03900  -0.00775   0.05851 
 -0.06981  -0.05186  -0.05004   0.10496  -0.06096  -0.03489  -0.05150   0.10593  -0.01992  -0.10023  -0.21936   0.12959  -0.03657  -0.04448  -0.13054   0.12694  -0.06402  -0.06958  -0.01719   0.07580 
 -0.06397  -0.05625  -0.06265   0.10765  -0.07143  -0.02520  -0.03007   0.10141  -0.04122  -0.12050  -0.16873   0.14159  -0.04556  -0.05717  -0.11227   0.13238  -0.06711  -0.06179  -0.00768   0.07011 
 -0.07436  -0.05520  -0.04407   0.10692  -0.06886  -0.01884  -0.03866   0.10052  -0.04910  -0.13010  -0.26232   0.16751  -0.04768  -0.05594  -0.07798   0.11933  -0.09485  -0.02932   0.01974   0.05686 
 -0.08374  -0.04017  -0.03598   0.10382  -0.08010  -0.04052  -0.03227   0.11558  -0.04923  -0.15827  -0.13514   0.15158  -0.03250  -0.01815  -0.16650   0.12583  -0.07202  -0.07279   0.02607   0.06132 
