18 20 17 1 33 -5.4182 2.3120 4.7823 13062
 -0.06780  -0.05079  -0.04590   0.10154  -0.07820  -0.05466  -0.00749   0.10803  -0.02693  -0.11425  -0.21880   0.13956  -0.06784  -0.10624  -0.12010   0.16967  -0.08029  -0.07424   0.00742   0.07448 
 -0.08102  -0.07485  -0.03697   0.11579  -0.07097  -0.03119  -0.02248   0.09994  -0.03302  -0.11269  -0.24347   0.14792  -0.07070  -0.02929  -0.11950   0.14424  -0.07762  -0.06605   0.00723   0.07013 
 -0.08215  -0.05266  -0.04060   0.10961  -0.05951  -0.02921  -0.07232   0.11118  -0.03290  -0.14955  -0.22427   0.15612  -0.04809  -0.07427  -0.10394   0.13755  -0.07184  -0.06361   0.01219   0.06413 
 -0.07134  -0.06383  -0.04960   0.11042  -0.07545  -0.04255  -0.00669   0.10071  -0.02108  -0.11798  -0.19145   0.13105  -0.05474  -0.10254  -0.08206   0.14393  -0.08427  -0.06114   0.03132   0.05989 
 -0.07939  -0.06532  -0.01563   0.10236  -0.08360  -0.05625  -0.02193   0.11961  -0.03362  -0.15362  -0.16266   0.14560  -0.05364  -0.02702  -0.15311   0.14234  -0.08983  -0.06013   0.02793   0.06372 
 -0.08429  -0.06212  -0.03080   0.11066  -0.05191  -0.06678  -0.04087   0.10559  -0.02016  -0.13416  -0.25620   0.14807  -0.05661  -0.06452  -0.12166   0.14764  -0.05735  -0.09680   0.02795   0.06251 
 -0.06393  -0.08414  -0.03798   0.10840  -0.05035  -0.07350  -0.02736   0.10056  -0.00539  -0.13948  -0.26220   0.13993  -0.05007  -0.06145  -0.10007   0.13284  -0.07142  -0.07720   0.00765   0.07138 
 -0.06344  -0.07770  -0.03979   0.10645  -0.05194  -0.03300  -0.03570   0.09014  -0.04141  -0.09985  -0.18947   0.13900  -0.03009  -0.13799  -0.11267   0.14757  -0.06710  -0.08707   0.05622   0.04927 
 -0.06477  -0.07704  -0.01487   0.09665  -0.03894  -0.07086  -0.04165   0.09580  -0.02258  -0.14035  -0.20485   0.14230  -0.05257  -0.05913  -0.11048   0.13815  -0.07172  -0.11697   0.03603   0.07290 
 -0.06140  -0.09455  -0.02902   0.10677  -0.03411  -0.05847  -0.04649   0.08877  -0.05174  -0.15159  -0.20001   0.16471  -0.05711  -0.06903  -0.11683   0.14786  -0.07941  -0.08441   0.03184   0.06659 
 -0.06939  -0.08013  -0.03060   0.10759  -0.05647  -0.06625  -0.04593   0.11155  -0.03122  -0.13881  -0.20176   0.14736  -0.04113  -0.09438  -0.09979   0.13736  -0.07780  -0.09323   0.03415   0.06805 
 -0.07012  -0.08818  -0.02764   0.10977  -0.06724  -0.03124  -0.00654   0.08904  -0.03594  -0.13859  -0.17658   0.14548  -0.03254  -0.06495  -0.09646   0.11776  -0.07677  -0.07809   0.05178   0.05282 
 -0.07270  -0.06768  -0.00507   0.09415  -0.05278  -0.03614  -0.04714   0.09738  -0.03604  -0.16067  -0.23204   0.16294  -0.05035  -0.04245  -0.10071   0.12588  -0.07827  -0.06295   0.06629   0.03944 
 -0.06951  -0.06255  -0.01678   0.09515  -0.04366  -0.04951  -0.05032   0.09587  -0.00305  -0.11642  -0.21686   0.12185  -0.03685  -0.09382  -0.08780   0.12861  -0.06819  -0.10147   0.05317   0.05699 
 -0.05498  -0.08459  -0.02121   0.09540  -0.06337  -0.04638  -0.03419   0.10484  -0.05868  -0.12667  -0.16602   0.15475   0.00220  -0.09366  -0.12464   0.10813  -0.05961  -0.08155   0.06391   0.03902 
 -0.06021  -0.07682  -0.01164   0.09196  -0.04243  -0.03542  -0.05213   0.08991  -0.04372  -0.15312  -0.24696   0.16838  -0.01730  -0.12072  -0.12641   0.13639  -0.06500  -0.06174   0.05865   0.03638 
 -0.05616  -0.07332  -0.02666   0.09432  -0.05008  -0.01727  -0.05617   0.09116  -0.05442  -0.16465  -0.30610   0.18747  -0.01936  -0.08678  -0.14070   0.13189  -0.06695  -0.08249   0.02256   0.06436 
 -0.06200  -0.07354  -0.05208   0.10880  -0.04641  -0.02477  -0.08194   0.10190  -0.05131  -0.20162  -0.26992   0.18989  -0.03025  -0.07879  -0.14377   0.13954  -0.08591  -0.09444   0.05683   0.06094 
 -0.07085  -0.08369  -0.03657   0.11227  -0.04638  -0.03631  -0.08361   0.10716  -0.03828  -0.16911  -0.21086   0.16302   0.00874  -0.10632  -0.21245   0.13768  -0.07410  -0.07099   0.03987   0.05478 
 -0.05758  -0.07594  -0.04980   0.10580  -0.04865  -0.01354  -0.10266   0.10744  -0.08813  -0.14145  -0.27623   0.19622  -0.00265  -0.09462  -0.12311   0.11256  -0.02800  -0.08393   0.03085   0.04052 
 -0.05333  -0.07028  -0.05354   0.10220  -0.04644   0.00394  -0.11276   0.10191  -0.08753  -0.20137  -0.25904   0.20884   0.00285  -0.06708  -0.18399   0.11967  -0.03499  -0.09909   0.05336   0.03862 
 -0.05333  -0.07572  -0.05208   0.10367  -0.04431  -0.03265  -0.12384   0.11909  -0.07284  -0.20120  -0.25359   0.19989  -0.00214  -0.07290  -0.20028   0.13201  -0.02516  -0.10316   0.04001   0.04183 
 -0.04830  -0.08886  -0.06324   0.10929  -0.04722   0.00255  -0.13584   0.11161  -0.08804  -0.16226  -0.32297   0.20827   0.03093  -0.11786  -0.24259   0.12937  -0.04468  -0.08742   0.03672   0.04801 
 -0.05180  -0.07245  -0.07600   0.11050  -0.03775  -0.00645  -0.16892   0.11818  -0.09005  -0.15275  -0.31644   0.20598   0.01039  -0.09360  -0.22982   0.13706  -0.03925  -0.09766   0.04240   0.04621 
 -0.05227  -0.07507  -0.07931   0.11299  -0.04643   0.00725  -0.20528   0.13101  -0.09377  -0.19136  -0.29508   0.21488   0.02744  -0.11531  -0.23225   0.12888  -0.05930  -0.11562   0.03877   0.06510 
 -0.05913  -0.08661  -0.08757   0.12462  -0.03568   0.01121  -0.18816   0.11499  -0.07198  -0.20474  -0.30228   0.20732   0.00524  -0.10362  -0.19608   0.13481  -0.07437  -0.08572   0.05373   0.05366 
 -0.06332  -0.07180  -0.06752   0.11491  -0.04948   0.00879  -0.20581   0.13305  -0.07983  -0.22139  -0.34342   0.22064  -0.00053  -0.10370  -0.15567   0.12631  -0.06930  -0.09404   0.06021   0.05098 
 -0.06695  -0.07947  -0.06795   0.12023  -0.03784   0.05935  -0.27395   0.11903  -0.12513  -0.18869  -0.28160   0.22791  -0.00873  -0.14061  -0.15367   0.14515  -0.09898  -0.09049   0.05344   0.06716 
 -0.08152  -0.06276  -0.07842   0.12719  -0.06329   0.01498  -0.21857   0.14514  -0.11414  -0.20366  -0.26102   0.22324  -0.06697  -0.09771  -0.13088   0.17013  -0.12958  -0.10681   0.05367   0.08592 
 -0.11153  -0.08058  -0.06217   0.14528  -0.05978   0.01100  -0.23189   0.14751  -0.15640  -0.14462  -0.22176   0.22246  -0.05771  -0.16449  -0.12494   0.18101  -0.14723  -0.13193   0.05508   0.10040 
 -0.12478  -0.09432  -0.05312   0.15376  -0.06281  -0.01175  -0.28264   0.17049  -0.10769  -0.14364  -0.21064   0.19687  -0.08432  -0.15191  -0.11013   0.19090  -0.16535  -0.14703   0.06949   0.10476 
 -0.13121  -0.10616  -0.04528   0.15804  -0.08525   0.01219  -0.25755   0.17208  -0.11794  -0.20391  -0.18840   0.21366  -0.15035  -0.14421  -0.07882   0.21730  -0.21786  -0.12442   0.08603   0.10699 
 -0.17067  -0.09639  -0.02276   0.16613  -0.07223   0.01215  -0.32421   0.17714  -0.14529  -0.12101  -0.23853   0.21361  -0.16395  -0.18758  -0.07472   0.23341  -0.23698  -0.13933   0.07267   0.12372 
 -0.18398  -0.10008  -0.03798   0.17858  -0.11493  -0.03065  -0.34837   0.22323  -0.17392  -0.13627  -0.16709   0.21862  -0.21447  -0.18500  -0.07140   0.25501  -0.26023  -0.09268   0.06610   0.11862 
 -0.22321  -0.08773  -0.03497   0.18995  -0.09649  -0.00999  -0.35445   0.20661  -0.16252  -0.15349  -0.28548   0.23658  -0.20732  -0.13140  -0.06251   0.23628  -0.25876  -0.12152   0.05072   0.13427 
 -0.21905  -0.09386  -0.04795   0.19442  -0.10961  -0.03590  -0.46649   0.23867  -0.20526  -0.15228  -0.21639   0.24353  -0.18891  -0.16239  -0.06385   0.23592  -0.24155  -0.14097   0.05210   0.13473 
 -0.22130  -0.11279  -0.05105   0.20161  -0.08044  -0.04918  -0.56744   0.23646  -0.18418  -0.11556  -0.24827   0.23046  -0.19861  -0.18119  -0.07556   0.24865  -0.27602  -0.13722   0.05100   0.14319 
 -0.22495  -0.11041  -0.06005   0.20512  -0.09239  -0.07445  -0.60446   0.25367  -0.18229  -0.17187  -0.26589   0.24647  -0.20567  -0.19525  -0.05054   0.24633  -0.28625  -0.14254   0.06203   0.14248 
 -0.23431  -0.12761  -0.05043   0.21015  -0.12049  -0.01481  -0.60689   0.25290  -0.18686  -0.18055  -0.31563   0.25649  -0.18824  -0.19705  -0.07493   0.24720  -0.29388  -0.12127   0.07052   0.13439 
 -0.24460  -0.10569  -0.04795   0.20719  -0.04592  -0.00220  -0.82102   0.21903  -0.16226  -0.12585  -0.16879   0.21094  -0.14199  -0.18805   0.00654   0.18951  -0.25528  -0.12301   0.12141   0.09920 
 -0.19623  -0.09616   0.00361   0.16755  -0.06386  -0.03143  -0.83106   0.24034  -0.15027  -0.16170  -0.31233   0.23680  -0.18553  -0.12713  -0.11784   0.24325  -0.22000  -0.09469   0.08111   0.10024 
 -0.18334  -0.08638  -0.07513   0.18630  -0.08561  -0.05098  -0.92430   0.26298  -0.13591  -0.22753  -0.28376   0.24169  -0.19156  -0.17430  -0.11343   0.25584  -0.20370  -0.15900   0.07734   0.11728 
 -0.18541  -0.13635  -0.07644   0.20154  -0.10457  -0.09367  -0.76375   0.27618  -0.13461  -0.18339  -0.21290   0.22089  -0.16586  -0.15022  -0.02576   0.20703  -0.29160  -0.15978   0.11861   0.12173 
 -0.22078  -0.13610  -0.01430   0.19548  -0.10428  -0.11381  -0.63665   0.27223  -0.20722  -0.14798  -0.28252   0.25245  -0.17322  -0.17014  -0.10238   0.24305  -0.24599  -0.11780   0.04113   0.13380 
 -0.21819  -0.11639  -0.07732   0.20938  -0.16170  -0.13513  -0.82150   0.31471  -0.25527  -0.16769  -0.56713   0.29812  -0.17982  -0.29250  -0.25792   0.30684  -0.39793  -0.22588  -0.11365   0.23926 
 -0.29988  -0.19455  -0.24059   0.28833   0.10036  -0.15963  -0.19322   0.02692   0.02331  -0.48471   0.17995   0.05204  -0.02130  -0.19575   0.21240  -0.07739  -0.14071  -0.40429   0.39868  -0.14160 
 -0.09181  -0.32704   0.31874  -0.05660  -0.62664   0.60206  -1.67147  -0.03172  -0.53591   0.46370  -1.71657   0.00607  -0.73885   0.61277  -1.55193  -0.06893  -0.82876   0.50399  -1.44969  -0.05775 
 -0.69093   0.55720  -1.53861  -0.05957   0.43503  -4.11604  -4.11604  -4.11604   0.46792  -4.11604  -4.11604  -4.11604   0.45229  -4.11604  -4.11604  -4.11604   0.61783  -4.11604  -4.11604  -4.11604 
  0.49551  -4.11604  -4.11604  -4.11604  -3.54515  -1.31374   0.73829  -4.11604  -4.11604  -4.11604  -4.11604  -4.11604  -4.11604  -4.11604  -4.11604  -4.11604  -4.11604  -4.11604  -4.11604  -4.11604 
 -3.50010  -1.36733   0.74034  -4.11604   0.43503  -4.11604  -4.11604  -4.11604   0.10707   0.06368  -0.20013  -0.11369  -0.15121  -0.23807   0.43665  -0.38451  -4.11604  -4.11604  -4.11604  -4.11604 
 -0.10539  -0.26448   0.47104  -0.43451  -0.23990  -0.12894  -0.00769   0.22657  -0.18661  -0.06315  -0.12762   0.19434  -0.14868  -0.03538  -0.08637   0.18591  -0.22779  -0.12762   0.17876   0.05659 
 -0.15182  -0.09045  -0.01297   0.15156   0.00859  -0.04193  -0.00676   0.01483   0.02295  -0.20458   0.02888   0.05769   0.01680  -0.05202   0.04624  -0.02701  -0.01926  -0.14949   0.13081   0.00098 
 -0.01918  -0.10804   0.08321   0.02050  -0.11780   0.12336   0.05264   0.01677  -0.00401  -0.01649   0.08389  -0.02737  -0.01459   0.00567   0.15471  -0.13332  -0.13570   0.02078   0.24549  -0.12429 
 -0.07839   0.04174   0.16127  -0.06837  -0.05819   0.01865   0.01853   0.04403  -0.05521   0.00225   0.00633   0.04796  -0.02507   0.03892   0.06511  -0.04492  -0.15412  -0.01670   0.18235  -0.02546 
 -0.05961   0.00872   0.08352  -0.00127  -0.07931   0.00876   0.09414   0.02059   0.02233  -0.15763   0.02026   0.04505  -0.04632  -0.02517   0.11291  -0.02076  -0.10557  -0.07750   0.21932  -0.05261 
 -0.05604  -0.05684   0.13709  -0.00842  -0.09434  -0.00295   0.22572  -0.08291   0.03662  -0.04579   0.09428  -0.06471  -0.00433  -0.02304   0.15144  -0.12330  -0.09022  -0.03090   0.28569  -0.17232 
 -0.04287  -0.02565   0.21915  -0.12153  -0.03467  -0.02672   0.13816  -0.04740   0.00258  -0.02033   0.05706  -0.01774   0.04418   0.06160   0.03787  -0.14745  -0.12540   0.00074   0.16870  -0.03866 
 -0.00369   0.00235   0.10963  -0.07401  -0.07759  -0.01467   0.14982  -0.01403   0.03718  -0.12688   0.04220   0.00667   0.00063   0.02741   0.04944  -0.05774  -0.11723  -0.01618   0.21380  -0.07486 
 -0.03276  -0.02899   0.13358  -0.04295  -0.08633   0.02049   0.23136  -0.11712   0.00535  -0.00874   0.06761  -0.03382  -0.01213   0.03208   0.12602  -0.12233  -0.12101   0.00761   0.26782  -0.15309 
 -0.05051   0.01124   0.20178  -0.11851  -0.04149   0.01267   0.11919  -0.04460   0.00286   0.00927   0.01283  -0.01474   0.02872   0.06674   0.03069  -0.11647  -0.14393   0.01727   0.15737  -0.02956 
 -0.01485   0.02380   0.09135  -0.06065  -0.10387   0.00725   0.15644  -0.00473   0.01966  -0.11588   0.05903   0.01293  -0.01962   0.00812   0.10328  -0.06695  -0.15047   0.00324   0.21279  -0.06719 
 -0.05782  -0.01906   0.14850  -0.03680  -0.11307   0.02774   0.22982  -0.08656   0.03420  -0.06160   0.08091  -0.04375  -0.01613   0.02606   0.12481  -0.10953  -0.11783  -0.00424   0.28638  -0.17280 
 -0.05250  -0.00041   0.20811  -0.11498  -0.03740   0.02242   0.12508  -0.06165  -0.02553   0.00823  -0.04349   0.03767  -0.00289   0.05685   0.08522  -0.11115  -0.13272   0.04056   0.15135  -0.04521 
 -0.02885   0.02952   0.10183  -0.05779  -0.06245  -0.01617   0.15527  -0.03545   0.01687  -0.10235   0.08147  -0.00183  -0.01231   0.02877   0.07818  -0.06706  -0.12746  -0.01601   0.21598  -0.07119 
 -0.03909  -0.02428   0.14627  -0.05025  -0.10651   0.02883   0.23478  -0.10183   0.03205  -0.01447   0.07235  -0.06584   0.01189  -0.00446   0.14371  -0.15585  -0.13368   0.00402   0.28119  -0.16027 
 -0.04425   0.00253   0.21095  -0.13043  -0.04426   0.00067   0.13537  -0.04866  -0.00499  -0.00027  -0.01985   0.01372   0.00678   0.06634   0.06286  -0.11139  -0.12497   0.03637   0.16130  -0.05507 
 -0.02059   0.02345   0.10285  -0.06341  -0.09038   0.02089   0.16999  -0.04000   0.04475  -0.13206   0.02578   0.00799  -0.00700   0.00951   0.10824  -0.09159  -0.11463  -0.02549   0.21249  -0.06940 
 -0.03716  -0.02643   0.14968  -0.05400  -0.08193   0.02556   0.22360  -0.11626   0.05445  -0.05085   0.05906  -0.06440  -0.01462   0.02926   0.15263  -0.15067  -0.12080  -0.00400   0.27758  -0.15790 
 -0.03739   0.00088   0.20696  -0.13268  -0.05777   0.01562   0.13818  -0.04376  -0.00225  -0.01187  -0.00616   0.01205   0.03774   0.03912   0.04901  -0.12650  -0.15328   0.05827   0.17154  -0.06381 
 -0.01701   0.02275   0.10444  -0.06825  -0.09543   0.01796   0.17487  -0.03749   0.01430  -0.14604   0.02996   0.04447  -0.01963   0.05214   0.09673  -0.09382  -0.08699  -0.02646   0.19532  -0.06881 
 -0.04390  -0.01963   0.14323  -0.04549  -0.09933  -0.00842   0.24359  -0.09652   0.00783  -0.02427   0.07119  -0.02885   0.01420   0.05558   0.10168  -0.15886  -0.10791   0.03704   0.27611  -0.20048 
 -0.04241   0.01695   0.20225  -0.13325  -0.02740   0.01302   0.13353  -0.07735  -0.02103   0.03293  -0.02753   0.01236   0.03978   0.04260   0.05632  -0.14118  -0.15775   0.06681   0.14719  -0.04664 
 -0.01120   0.03448   0.09433  -0.07475  -0.07454   0.02624   0.16060  -0.05227   0.03372  -0.09529   0.02737   0.00278   0.00277   0.02890   0.06604  -0.07739  -0.12461  -0.00277   0.19368  -0.05921 
 -0.03243  -0.00803   0.12991  -0.05282  -0.06344   0.02549   0.21018  -0.12405   0.03248  -0.02664   0.06534  -0.05411  -0.00452   0.04538   0.11925  -0.13816  -0.12133   0.03032   0.28154  -0.19214 
 -0.03366   0.01960   0.19619  -0.13894  -0.04117   0.03526   0.12987  -0.06997   0.03403  -0.04029   0.02613  -0.02657   0.02312   0.04990   0.06956  -0.13174  -0.12509   0.01539   0.14762  -0.03036 
 -0.00516   0.01392   0.10314  -0.07462  -0.08719   0.06450   0.13627  -0.03975   0.02164  -0.07798  -0.00364   0.02123  -0.01235   0.02501   0.10214  -0.08871  -0.11863   0.02839   0.19561  -0.08516 
 -0.04298   0.01553   0.12868  -0.05601  -0.08515  -0.00060   0.24664  -0.12488   0.01401  -0.00041   0.06079  -0.04582  -0.01680   0.06031   0.11890  -0.13098  -0.10607   0.02517   0.27764  -0.19347 
 -0.04425   0.02012   0.20340  -0.13494  -0.04115   0.00283   0.13069  -0.04954   0.00073  -0.03886   0.03833   0.00433   0.01717   0.09092   0.01851  -0.10749  -0.12671   0.06546   0.12191  -0.04195 
 -0.01474   0.03209   0.08352  -0.06029  -0.09513   0.03666   0.19402  -0.07073   0.02201  -0.10492  -0.00434   0.03366  -0.03032   0.02287   0.09401  -0.05359  -0.09743   0.00049   0.19058  -0.07444 
 -0.04772  -0.00635   0.14363  -0.05013  -0.07663   0.04343   0.21933  -0.13184   0.02045  -0.00656   0.06594  -0.05251  -0.00211   0.05726   0.13613  -0.17650  -0.11446   0.00274   0.27338  -0.16177 
 -0.03830   0.02275   0.19958  -0.13980  -0.02590   0.03729   0.10204  -0.06578  -0.03679   0.00835   0.00987   0.02695   0.00629   0.08971   0.05484  -0.12402  -0.14951   0.05536   0.14476  -0.04094 
 -0.02366   0.04557   0.08715  -0.06293  -0.09025   0.01739   0.14620  -0.01536   0.01611  -0.08126   0.01967   0.01870  -0.03442   0.02436   0.09595  -0.05118  -0.11576   0.00849   0.20661  -0.08435 
 -0.05110  -0.00523   0.13494  -0.03998  -0.09769   0.02795   0.24715  -0.13008   0.04771  -0.02141   0.04386  -0.06560  -0.00064   0.05192   0.11264  -0.14252  -0.12023   0.03524   0.26901  -0.17843 
 -0.04046   0.02537   0.19981  -0.13951  -0.02902   0.03683   0.11158  -0.07000  -0.00400  -0.00307  -0.01002   0.01031  -0.00115   0.06455   0.05772  -0.09203  -0.11744   0.07671   0.12143  -0.05476 
 -0.01625   0.04191   0.08184  -0.06425  -0.10322   0.06813   0.14779  -0.03543   0.02815  -0.08893   0.01426   0.01186  -0.00878   0.03473   0.07528  -0.07378  -0.08365   0.00265   0.18605  -0.08025 
 -0.03989   0.00890   0.12358  -0.05048  -0.07920   0.04666   0.20684  -0.11404   0.03310  -0.05488   0.08563  -0.04913   0.01453   0.02374   0.11435  -0.14602  -0.10414   0.01796   0.27082  -0.17836 
 -0.02974   0.01160   0.19135  -0.13169  -0.04711   0.03069   0.11477  -0.04501  -0.02563   0.02125  -0.04693   0.03141   0.01549   0.08767   0.04057  -0.12298  -0.14601   0.05292   0.14249  -0.03928 
 -0.02597   0.04491   0.08123  -0.05530  -0.08281   0.01370   0.17169  -0.04583   0.03426  -0.09297  -0.02705   0.02428  -0.01127   0.03868   0.07327  -0.07125  -0.10180   0.01254   0.18398  -0.07330 
 -0.03682  -0.00355   0.12565  -0.04745  -0.08941   0.00883   0.23141  -0.10459   0.01765  -0.02308   0.05742  -0.03355  -0.01580   0.02940   0.12719  -0.11567  -0.10840   0.05776   0.25692  -0.19060 
 -0.04656   0.02170   0.19501  -0.12332  -0.04720   0.03829   0.12636  -0.06070  -0.02415  -0.01665  -0.01270   0.03859   0.01215   0.06756   0.03304  -0.09184  -0.13285   0.07825   0.13622  -0.05914 
 -0.02597   0.04207   0.08413  -0.05553  -0.09126   0.02102   0.16424  -0.03340   0.00041  -0.10181   0.00716   0.04902  -0.04406   0.05291   0.09153  -0.05542  -0.12905   0.00930   0.18059  -0.05223 
 -0.06116  -0.00077   0.13005  -0.02906  -0.08563   0.02898   0.22694  -0.11839   0.03434  -0.03900   0.04415  -0.03695  -0.02838   0.07291   0.13468  -0.14432  -0.12128   0.05340   0.25617  -0.17552 
 -0.04958   0.03465   0.19407  -0.12903  -0.04558   0.06146   0.10834  -0.06227  -0.02582   0.02513   0.00754   0.00732   0.00425   0.10358   0.03343  -0.11252  -0.13898   0.08799   0.12426  -0.05344 
 -0.02874   0.06835   0.07647  -0.06594  -0.06221   0.03679   0.17158  -0.08681   0.02370  -0.07455  -0.04182   0.03238  -0.02885   0.06376   0.05992  -0.05391  -0.10500   0.00794   0.17783  -0.06265 
 -0.03592   0.00962   0.11617  -0.04885  -0.09032   0.02832   0.23233  -0.11903   0.02444  -0.03625   0.06996  -0.04053  -0.03307   0.07565   0.11795  -0.11847  -0.09005   0.03289   0.26263  -0.19068 
 -0.04621   0.02693   0.19572  -0.12875  -0.05607   0.02306   0.11341  -0.02812  -0.04602   0.02044  -0.02565   0.04225   0.00294   0.10027   0.04866  -0.12236  -0.11895   0.07075   0.11348  -0.04349 
 -0.03366   0.05232   0.07585  -0.04838  -0.08955   0.04996   0.14435  -0.03479   0.02999  -0.11855  -0.00308   0.03080  -0.01532   0.03566   0.05154  -0.04349  -0.08696   0.01361   0.15650  -0.05830 
 -0.03875   0.00217   0.10502  -0.03240  -0.07811   0.06067   0.20920  -0.13016   0.01454  -0.02385   0.06419  -0.03308  -0.02409   0.03915   0.11576  -0.09760  -0.09709   0.03809   0.23106  -0.14662 
 -0.04598   0.03175   0.17774  -0.11227  -0.04497   0.02966   0.10873  -0.04166  -0.00003   0.00127  -0.00874   0.00305  -0.01489   0.11547   0.03908  -0.09945  -0.11529   0.07181   0.11883  -0.05038 
