IntronPotTab 1 1024 -28.09573 3.00845 14.29633 46924 6 16  498.59
   -0.02988
   -0.04566
    0.02491
    0.05274
   -0.02245
   -0.07223
   -0.06951
    0.09290
   -0.02958
   -0.03622
   -0.02409
    0.07328
   -0.02812
   -0.07491
    0.01542
    0.05115
   -0.05828
   -0.00341
   -0.01762
    0.08336
   -0.02003
   -0.01373
   -0.14053
    0.07364
   -0.00349
   -0.00958
   -0.05206
    0.04034
   -0.00492
   -0.09399
    0.01902
    0.04081
   -0.02127
   -0.02004
   -0.00610
    0.04580
   -0.00536
   -0.06602
   -0.04311
    0.04892
    0.00587
   -0.03718
    0.00165
    0.01290
    0.00393
   -0.08424
   -0.01948
    0.04511
   -0.03902
   -0.03542
   -0.00375
    0.05438
   -0.02699
   -0.03517
   -0.07541
    0.06573
   -0.00462
   -0.02655
   -0.07936
    0.07446
   -0.02722
   -0.08217
    0.00352
    0.05093
   -0.01205
   -0.06278
   -0.02582
    0.07482
    0.00012
   -0.07804
   -0.02351
    0.06156
   -0.02283
   -0.03477
   -0.11157
    0.09649
   -0.00745
   -0.07824
   -0.00990
    0.05694
   -0.02374
   -0.03024
   -0.04218
    0.06411
   -0.02263
   -0.00128
   -0.14577
    0.06088
   -0.01423
    0.01620
   -0.10313
    0.08582
   -0.00138
   -0.08322
   -0.02572
    0.06222
   -0.00865
   -0.08962
    0.00874
    0.06767
    0.03376
   -0.07085
   -0.14743
    0.07225
    0.02088
   -0.02208
   -0.06249
    0.02675
   -0.05253
   -0.08653
    0.05204
    0.06554
   -0.01571
   -0.08391
    0.01222
    0.06043
    0.00346
   -0.07002
   -0.15364
    0.08854
    0.01577
   -0.07662
   -0.06975
    0.07097
    0.00999
   -0.08647
   -0.02308
    0.05931
    0.01142
   -0.02753
   -0.08059
    0.07556
    0.00675
   -0.04233
   -0.11692
    0.05426
   -0.05641
   -0.01362
   -0.00778
    0.10370
    0.00560
   -0.06500
   -0.03518
    0.05416
   -0.04458
    0.00328
   -0.08716
    0.10029
   -0.00199
   -0.08381
   -0.14024
    0.09504
   -0.02402
   -0.01084
   -0.01638
    0.04926
   -0.00362
   -0.10841
    0.01673
    0.04991
    0.01051
   -0.04169
   -0.06595
    0.05788
   -0.00589
   -0.04368
   -0.08385
    0.05714
    0.00369
   -0.05983
   -0.01685
    0.03287
   -0.04143
   -0.07314
   -0.02198
    0.07407
   -0.01904
   -0.05014
   -0.00625
    0.05087
    0.00911
   -0.03987
   -0.13734
    0.05735
   -0.01745
   -0.02621
   -0.05803
    0.07284
    0.01803
   -0.08321
   -0.03738
    0.05235
   -0.02546
   -0.03916
   -0.01632
    0.05622
   -0.01966
   -0.07260
   -0.04854
    0.07857
   -0.02816
   -0.05783
   -0.01977
    0.07040
   -0.02264
   -0.04584
    0.01599
    0.03444
   -0.06054
   -0.00513
   -0.01232
    0.07321
   -0.04447
   -0.00107
   -0.07759
    0.07389
   -0.04965
    0.00207
   -0.02787
    0.08226
    0.00348
   -0.10034
    0.04246
    0.02855
   -0.01459
   -0.02123
   -0.02981
    0.04180
   -0.02653
   -0.04604
   -0.06462
    0.07108
   -0.00717
   -0.04648
   -0.02733
    0.04462
   -0.01678
   -0.06158
   -0.00538
    0.04135
   -0.04984
   -0.03182
    0.01064
    0.05300
   -0.01448
   -0.06004
   -0.09793
    0.06938
   -0.01655
   -0.02133
   -0.05473
    0.05945
    0.00069
   -0.04957
   -0.00244
    0.02331
   -0.01974
   -0.03933
   -0.03353
    0.06847
   -0.03633
   -0.02971
   -0.10138
    0.08228
   -0.04563
   -0.03463
   -0.04622
    0.09151
   -0.02664
   -0.07138
   -0.01514
    0.06930
   -0.07137
    0.05642
   -0.04403
    0.06076
   -0.04003
    0.03739
   -0.09662
    0.05170
   -0.00866
    0.00076
   -0.03717
    0.02781
   -0.01715
   -0.07151
    0.02310
    0.03434
   -0.01594
   -0.01402
   -0.03299
    0.04624
   -0.02731
   -0.03322
   -0.09025
    0.06721
    0.01395
    0.03110
    0.02303
   -0.04461
   -0.00956
   -0.06454
   -0.01103
    0.04095
   -0.02695
   -0.07751
    0.00452
    0.05809
   -0.04469
   -0.02045
   -0.07708
    0.07419
   -0.01829
   -0.00965
   -0.08264
    0.07044
   -0.02128
   -0.07438
   -0.02889
    0.06397
   -0.00445
   -0.03336
   -0.04867
    0.06476
    0.02400
   -0.05771
   -0.14940
    0.06886
   -0.02481
   -0.05449
   -0.08772
    0.11076
    0.00876
   -0.06053
   -0.01299
    0.03684
   -0.03303
   -0.00445
    0.00260
    0.04187
   -0.05449
    0.06588
   -0.21628
    0.04921
   -0.02695
    0.04757
   -0.11584
    0.08730
   -0.03653
   -0.03078
   -0.00921
    0.04424
   -0.01470
   -0.06321
   -0.03199
    0.09284
   -0.00167
   -0.04997
   -0.10613
    0.07845
    0.03180
   -0.02467
   -0.06166
    0.01852
    0.08333
   -0.12146
    0.00872
    0.01453
   -0.04293
   -0.03880
    0.01214
    0.06593
    0.00042
   -0.06318
   -0.12311
    0.07464
   -0.02712
   -0.04673
   -0.05840
    0.09778
    0.01249
   -0.11256
   -0.03557
    0.08087
    0.02413
   -0.09963
   -0.04562
    0.07484
    0.06793
   -0.13623
   -0.12337
    0.08357
    0.02755
   -0.12240
   -0.00719
    0.06409
    0.02115
   -0.12138
   -0.02532
    0.07598
   -0.02664
    0.00272
   -0.07916
    0.07423
   -0.02240
   -0.07508
   -0.05747
    0.09355
   -0.01787
   -0.01961
   -0.01374
    0.04534
    0.05333
   -0.09523
   -0.06270
    0.06218
    0.02610
   -0.06251
   -0.07292
    0.06113
    0.04222
   -0.08084
    0.00867
    0.00349
    0.03049
   -0.08030
   -0.00558
    0.02285
    0.04329
   -0.09383
    0.01923
    0.00697
    0.07974
   -0.26020
    0.05253
    0.11759
    0.06894
   -0.15094
   -0.15165
    0.10257
    0.00809
   -0.04093
   -0.13247
    0.11053
    0.05976
   -0.16019
   -0.02894
    0.06874
   -0.00858
   -0.05013
   -0.05215
    0.06412
   -0.01948
   -0.05402
   -0.07234
    0.06397
   -0.02073
   -0.07787
   -0.00847
    0.07035
    0.00461
   -0.06087
   -0.00220
    0.02845
   -0.05035
   -0.00593
   -0.04899
    0.08058
   -0.03339
    0.03753
   -0.13145
    0.04480
   -0.05682
   -0.01922
   -0.08242
    0.12747
   -0.02375
   -0.02819
    0.00701
    0.03081
   -0.01029
   -0.03198
   -0.06137
    0.05924
   -0.01386
   -0.02331
   -0.08170
    0.04545
   -0.00962
   -0.01805
   -0.00212
    0.01871
   -0.00426
   -0.06067
   -0.01879
    0.03940
   -0.01533
   -0.03270
   -0.03145
    0.04791
    0.00083
   -0.03722
   -0.09796
    0.03625
   -0.00867
   -0.01126
   -0.08296
    0.06385
    0.01179
   -0.05777
   -0.04894
    0.05364
   -0.02308
   -0.03185
   -0.03510
    0.07021
   -0.01019
   -0.04231
   -0.19379
    0.08387
   -0.06635
    0.00026
   -0.03999
    0.12081
   -0.00267
   -0.07503
   -0.02308
    0.05310
   -0.05030
    0.03968
   -0.05635
    0.05813
    0.00179
   -0.00751
   -0.15563
    0.04416
    0.00101
   -0.00031
   -0.05013
    0.02983
    0.00727
   -0.07193
    0.02543
    0.01509
    0.00260
   -0.00459
   -0.05157
    0.04135
   -0.00259
   -0.02128
   -0.06355
    0.02716
   -0.02465
   -0.01056
    0.05532
   -0.00402
    0.00056
   -0.05905
   -0.00220
    0.02484
   -0.03365
   -0.02761
   -0.01858
    0.05019
   -0.00562
   -0.04177
   -0.16576
    0.07558
   -0.05949
    0.02093
   -0.04941
    0.09226
   -0.00603
   -0.06935
   -0.02071
    0.04478
   -0.01575
   -0.04956
   -0.04098
    0.07845
    0.02401
   -0.07346
   -0.09805
    0.05416
   -0.01039
   -0.08363
   -0.09325
    0.11927
    0.01129
   -0.06051
   -0.01292
    0.03477
   -0.01645
   -0.03688
   -0.02984
    0.05344
   -0.03409
    0.00839
   -0.18938
    0.09933
   -0.05809
    0.03872
   -0.08999
    0.11444
    0.00936
   -0.06999
    0.00368
    0.02775
    0.01238
   -0.10669
   -0.03048
    0.08874
    0.01929
   -0.04036
   -0.12421
    0.06892
    0.00720
   -0.03918
   -0.01902
    0.02992
    0.01274
   -0.09685
    0.02252
    0.03025
    0.00031
   -0.06343
   -0.03290
    0.05961
    0.02577
   -0.03903
   -0.22112
    0.08898
   -0.00898
   -0.09432
   -0.07346
    0.14087
    0.03873
   -0.09185
   -0.03922
    0.05735
    0.02789
   -0.05365
   -0.06740
    0.05019
    0.05144
   -0.04363
   -0.27091
    0.07381
   -0.00773
   -0.04757
   -0.04771
    0.07476
   -0.00168
   -0.06632
   -0.03074
    0.05627
   -0.04410
    0.01264
   -0.06469
    0.07288
    0.00770
   -0.06660
   -0.16413
    0.08008
   -0.01211
    0.01469
   -0.04683
    0.03967
   -0.01447
   -0.08030
    0.01084
    0.04231
   -0.00576
   -0.03327
   -0.03805
    0.05301
    0.04951
   -0.03777
   -0.13688
    0.01688
   -0.03063
   -0.11077
    0.04793
    0.02962
   -0.02886
   -0.09264
    0.01749
    0.04265
   -0.02862
   -0.04677
    0.02526
    0.03170
    0.03846
   -0.04712
   -0.25509
    0.09627
   -0.02686
    0.00460
   -0.05410
    0.07142
    0.01915
   -0.05827
   -0.02088
    0.02573
   -0.01306
   -0.02440
   -0.06835
    0.06282
    0.02078
   -0.02011
   -0.30541
    0.10312
   -0.01481
   -0.03969
   -0.03123
    0.05266
    0.01651
   -0.03829
   -0.03961
    0.03304
   -0.03724
   -0.02290
   -0.03836
    0.06757
   -0.03075
   -0.00517
   -0.13609
    0.07979
   -0.02648
   -0.04050
   -0.02489
    0.06594
    0.00683
   -0.07759
    0.00717
    0.02969
    0.00358
   -0.03388
   -0.04876
    0.03945
   -0.01844
   -0.02296
   -0.11306
    0.06201
   -0.02625
   -0.03857
    0.00543
    0.04213
   -0.01186
   -0.01702
    0.00956
    0.00840
   -0.01750
   -0.02829
   -0.02607
    0.04249
    0.00774
   -0.05557
   -0.20383
    0.07635
   -0.01143
   -0.01904
   -0.04162
    0.04570
    0.01578
   -0.04136
   -0.02829
    0.02741
   -0.02445
   -0.03687
   -0.01930
    0.06005
   -0.03656
   -0.05381
   -0.06596
    0.08574
   -0.01812
   -0.01812
   -0.05594
    0.06301
   -0.02475
   -0.06118
   -0.00196
    0.04628
   -0.04768
   -0.00662
   -0.04289
    0.07219
   -0.01417
   -0.02457
   -0.09986
    0.05320
    0.04179
   -0.01013
    0.02345
   -0.03970
   -0.02636
   -0.08144
    0.01763
    0.04523
   -0.00421
   -0.01616
   -0.05918
    0.05115
   -0.00483
   -0.09005
   -0.02642
    0.05307
    0.02509
   -0.01395
   -0.02059
   -0.00373
   -0.01927
   -0.07318
   -0.02122
    0.05428
   -0.04234
   -0.02261
    0.00157
    0.03594
   -0.02586
   -0.04642
   -0.09266
    0.06936
   -0.01564
    0.00784
   -0.08395
    0.05661
   -0.00976
   -0.04389
   -0.01421
    0.03089
   -0.00145
   -0.06084
   -0.04691
    0.06764
    0.00502
   -0.08800
   -0.05131
    0.06479
   -0.02281
   -0.07291
   -0.12294
    0.13016
    0.00965
   -0.13350
    0.00072
    0.07759
   -0.04099
   -0.04597
   -0.03272
    0.07976
   -0.03034
   -0.02192
   -0.13460
    0.07639
   -0.00508
   -0.00602
   -0.13801
    0.09170
    0.01163
   -0.11504
   -0.00141
    0.05493
    0.03925
   -0.09584
   -0.08158
    0.07001
    0.02190
   -0.07314
   -0.13085
    0.07976
    0.04936
   -0.07111
   -0.08292
    0.04539
    0.05637
   -0.12650
    0.01096
    0.02867
   -0.01994
   -0.07567
   -0.00321
    0.06056
    0.00593
   -0.09101
   -0.10125
    0.05407
   -0.00200
   -0.06878
   -0.09181
    0.09341
    0.06675
   -0.14200
   -0.01826
    0.06696
    0.01263
   -0.04220
   -0.08314
    0.07172
    0.01007
   -0.04752
   -0.10811
    0.05035
   -0.01263
   -0.03521
   -0.05645
    0.07250
    0.00859
   -0.06482
   -0.06212
    0.06796
   -0.04028
    0.00340
   -0.12567
    0.10416
   -0.00446
   -0.04063
   -0.12053
    0.05825
   -0.00967
   -0.01652
   -0.08240
    0.07008
    0.00847
   -0.08689
   -0.04057
    0.05645
    0.00985
   -0.05829
   -0.06289
    0.06112
    0.00710
   -0.03055
   -0.12857
    0.04698
    0.00652
   -0.11688
    0.00577
    0.05102
    0.00980
   -0.05006
   -0.04518
    0.04594
   -0.02303
   -0.04743
   -0.01827
    0.05366
    0.00682
   -0.04726
   -0.13588
    0.06113
   -0.01776
   -0.00510
   -0.05966
    0.05221
    0.01595
   -0.06562
   -0.05229
    0.04888
   -0.02187
   -0.03762
   -0.01548
    0.04613
   -0.02567
   -0.07776
   -0.03056
    0.07473
   -0.01696
   -0.04822
   -0.05080
    0.07251
   -0.01490
   -0.06124
    0.01937
    0.02619
   -0.05356
   -0.01585
   -0.03819
    0.07739
   -0.03966
   -0.00891
   -0.09253
    0.06520
    0.00504
   -0.04252
   -0.11311
    0.08128
    0.00619
   -0.07487
    0.02561
    0.01895
   -0.01465
   -0.02221
   -0.04099
    0.04563
   -0.01986
   -0.05430
   -0.03708
    0.05437
   -0.01539
   -0.02695
   -0.03443
    0.04696
   -0.00592
   -0.05157
   -0.01422
    0.02882
   -0.03112
   -0.03723
   -0.01020
    0.04463
   -0.01091
   -0.03347
   -0.11540
    0.04730
   -0.00187
   -0.03805
   -0.06063
    0.05506
   -0.00183
   -0.04258
   -0.01380
    0.02563
