IntronPotTab 1 1024 -41.04732 4.44069 21.46020 11510 6 16 1438.41
   -0.00071
   -0.00680
    0.01324
   -0.00288
   -0.00885
   -0.01790
   -0.01863
    0.02503
   -0.01286
    0.03034
   -0.01762
    0.01558
   -0.02339
   -0.01469
    0.02606
    0.01430
   -0.01231
   -0.04040
    0.03681
    0.01617
    0.00944
   -0.04296
   -0.00474
    0.02061
   -0.01232
    0.01113
   -0.02722
    0.03480
   -0.03410
   -0.05654
    0.05372
    0.02789
   -0.00398
   -0.03370
   -0.00094
    0.02273
   -0.00219
   -0.04436
   -0.03860
    0.03346
    0.00293
   -0.01749
   -0.02080
    0.02180
   -0.02183
   -0.02929
   -0.01561
    0.03716
   -0.01947
   -0.02029
    0.00187
    0.02868
   -0.01460
   -0.01788
   -0.06089
    0.04081
   -0.02501
    0.01406
   -0.00338
    0.02521
   -0.03095
    0.00038
    0.03633
    0.00875
   -0.00100
   -0.02913
    0.00990
    0.01164
    0.00040
   -0.00781
   -0.02196
    0.01363
    0.00424
    0.00127
   -0.01618
    0.00496
   -0.02300
   -0.02479
    0.01171
    0.02889
    0.00389
   -0.05432
    0.02056
    0.01345
    0.01824
   -0.04061
   -0.03721
    0.01654
    0.00773
   -0.02974
   -0.01543
    0.02390
   -0.01603
   -0.02876
    0.01819
    0.01810
    0.01544
   -0.04015
    0.00569
    0.00225
   -0.00770
    0.01079
   -0.08217
    0.06549
    0.03535
   -0.04027
   -0.02260
    0.01444
    0.01660
   -0.03104
   -0.02806
    0.03292
    0.00807
   -0.04344
   -0.00639
    0.01779
   -0.02334
   -0.01026
   -0.03147
    0.03957
   -0.00355
   -0.02282
    0.00487
    0.01588
   -0.03388
   -0.01359
    0.01276
    0.02237
   -0.01161
   -0.01004
   -0.00361
    0.02776
    0.01029
   -0.03122
   -0.02277
    0.01527
   -0.01400
    0.01052
    0.00452
    0.01599
   -0.01751
   -0.03881
    0.01498
    0.02409
   -0.00829
   -0.03365
    0.01626
    0.01561
    0.00923
   -0.04050
   -0.05848
    0.03884
    0.01626
   -0.04284
   -0.03889
    0.04826
   -0.02114
   -0.05462
    0.03378
    0.02429
    0.00135
   -0.03979
   -0.01064
    0.02679
    0.01413
   -0.05681
   -0.04699
    0.03714
    0.01062
   -0.02419
   -0.01207
    0.00765
   -0.03630
   -0.02785
    0.00440
    0.03726
   -0.00120
   -0.02498
   -0.01324
    0.02326
   -0.00088
   -0.01622
   -0.06969
    0.03268
   -0.00131
   -0.01706
   -0.00195
    0.01356
   -0.02117
   -0.01733
    0.01590
    0.01238
   -0.02207
    0.00321
    0.01170
    0.02000
   -0.00635
   -0.03987
    0.00148
    0.03384
   -0.00628
    0.01716
   -0.01148
    0.00703
   -0.01347
   -0.02626
    0.01557
    0.01977
   -0.01086
   -0.03847
    0.02696
    0.01723
   -0.00057
   -0.04704
   -0.03601
    0.03878
   -0.00393
   -0.04460
   -0.01417
    0.04713
   -0.03964
   -0.02619
    0.02917
    0.02638
   -0.00167
   -0.02254
   -0.01884
    0.02276
   -0.01962
   -0.01849
   -0.08950
    0.05779
    0.00405
   -0.00766
   -0.03768
    0.02483
   -0.02395
   -0.02326
   -0.01311
    0.03755
   -0.02091
    0.00306
    0.02098
    0.01096
   -0.02358
   -0.01042
   -0.05188
    0.03912
   -0.01704
    0.01649
   -0.00112
    0.01091
   -0.03291
    0.01826
    0.03588
   -0.00139
   -0.01313
   -0.00598
    0.01286
    0.01308
   -0.01860
   -0.02450
   -0.02152
    0.04194
   -0.00861
    0.00474
   -0.01693
    0.01803
   -0.03221
   -0.01971
    0.01693
    0.02575
   -0.00650
   -0.03673
    0.02623
    0.01848
    0.00984
   -0.04816
   -0.06203
    0.04717
    0.01285
   -0.03175
   -0.02363
    0.02195
   -0.04403
   -0.03393
    0.03470
    0.03094
    0.01538
   -0.02739
   -0.01264
    0.00225
   -0.00505
   -0.04439
   -0.07534
    0.05809
    0.01944
   -0.01804
   -0.01510
   -0.00182
   -0.04175
   -0.02725
   -0.02630
    0.05757
   -0.00320
   -0.03881
   -0.00682
    0.02302
   -0.02169
   -0.02143
   -0.05519
    0.05273
   -0.01135
   -0.03015
    0.00389
    0.02782
   -0.02993
   -0.02990
    0.02731
    0.01875
   -0.00553
   -0.02149
   -0.00098
    0.02438
    0.00112
   -0.00634
   -0.04066
    0.02126
   -0.01119
   -0.01206
   -0.02128
    0.03547
   -0.02301
   -0.03344
    0.01717
    0.02772
   -0.00260
   -0.00212
   -0.00658
    0.00790
   -0.00644
    0.00898
   -0.06548
    0.02671
   -0.01037
   -0.01871
   -0.00439
    0.02610
   -0.04959
   -0.00783
    0.04083
    0.02047
    0.01295
   -0.01975
   -0.00734
    0.00256
   -0.00592
   -0.02497
   -0.04700
    0.06376
   -0.01610
    0.01532
   -0.01299
    0.01439
    0.00527
   -0.04006
   -0.00784
    0.03788
    0.00600
   -0.03622
   -0.00654
    0.02025
   -0.02841
   -0.01346
   -0.04703
    0.04759
   -0.01243
   -0.03285
    0.00526
    0.03670
   -0.05954
   -0.01822
    0.02566
    0.03277
   -0.00971
   -0.03135
    0.02250
    0.01548
    0.02805
   -0.04982
    0.00441
    0.01146
   -0.00989
   -0.00775
   -0.00008
    0.01728
   -0.00522
   -0.05550
   -0.00377
    0.04716
    0.03840
   -0.11065
    0.03183
    0.03349
    0.02354
   -0.02317
   -0.06446
    0.05927
    0.00303
   -0.05599
    0.03752
    0.01655
   -0.02426
   -0.00278
   -0.03410
    0.04399
    0.05438
   -0.09518
   -0.01006
    0.02278
    0.02853
   -0.05686
   -0.01137
    0.03991
    0.01186
   -0.01175
   -0.03230
    0.02036
   -0.03993
   -0.03878
   -0.01595
    0.07696
    0.01357
   -0.04182
   -0.02904
    0.02886
    0.00174
   -0.06090
   -0.00951
    0.06470
    0.01062
   -0.04745
   -0.00579
    0.03341
   -0.01732
   -0.04714
    0.00564
    0.03062
   -0.01882
   -0.00166
   -0.01266
    0.02806
    0.00380
   -0.03497
   -0.02156
    0.02245
    0.00128
   -0.00976
   -0.02896
    0.02233
   -0.01573
   -0.02179
    0.00328
    0.02060
   -0.00033
   -0.03803
    0.01464
    0.01266
    0.00971
   -0.02536
   -0.05798
    0.02400
   -0.01962
    0.01111
   -0.02491
    0.03277
   -0.05805
   -0.00041
    0.03941
    0.01500
    0.00828
   -0.04221
   -0.02823
    0.02605
   -0.00478
   -0.05281
   -0.10269
    0.05989
    0.01484
   -0.00638
   -0.04957
    0.02265
   -0.03199
   -0.03811
   -0.02566
    0.05368
   -0.00742
   -0.04216
    0.00397
    0.02707
   -0.01705
   -0.02326
   -0.04615
    0.03496
   -0.02606
    0.00379
   -0.01826
    0.03735
   -0.04706
   -0.01302
    0.01864
    0.02231
   -0.02031
    0.00131
    0.00192
    0.02734
   -0.00574
   -0.03195
   -0.07848
    0.04732
   -0.01855
    0.00770
   -0.01010
    0.03341
   -0.01627
   -0.01811
   -0.00981
    0.02581
    0.00580
   -0.04235
    0.01475
    0.00629
    0.00994
   -0.05199
   -0.04554
    0.04764
    0.02548
    0.02747
   -0.07357
    0.03915
   -0.03006
   -0.03821
    0.04020
    0.01715
    0.01049
   -0.01919
   -0.02216
    0.01550
    0.00716
   -0.07095
   -0.03404
    0.04262
    0.00905
   -0.01331
   -0.01931
    0.01086
   -0.00949
   -0.02301
   -0.01927
    0.02639
   -0.00409
   -0.01824
   -0.01065
    0.01642
   -0.00790
   -0.01815
   -0.08002
    0.04930
   -0.02053
    0.01674
   -0.01004
    0.02490
   -0.01360
   -0.00324
    0.01388
    0.00244
   -0.00153
   -0.01650
   -0.01605
    0.02507
    0.00380
   -0.02116
   -0.08782
    0.05749
    0.01788
   -0.01269
   -0.05114
    0.02976
   -0.01608
   -0.02709
   -0.01402
    0.04188
   -0.00861
   -0.06379
    0.03514
    0.03776
   -0.02234
   -0.00273
   -0.07447
    0.06070
    0.00376
   -0.05786
    0.02011
    0.03669
   -0.05441
   -0.03298
    0.03540
    0.03756
    0.03561
   -0.04142
    0.01120
   -0.01813
   -0.05747
    0.01119
   -0.06575
    0.13031
    0.03208
   -0.03169
   -0.01084
    0.01470
   -0.00391
   -0.00196
   -0.04490
    0.05840
    0.00362
   -0.05723
   -0.01581
    0.04570
   -0.01447
   -0.03292
   -0.05384
    0.05686
   -0.01084
   -0.02548
   -0.01836
    0.05211
   -0.02365
   -0.02796
   -0.00154
    0.03467
    0.00871
   -0.03156
   -0.00923
    0.01430
    0.01655
   -0.04632
   -0.09038
    0.06831
    0.00075
   -0.01540
   -0.00145
    0.01226
    0.00101
   -0.05725
   -0.01368
    0.04139
   -0.00698
   -0.04164
    0.00598
    0.02801
    0.00915
   -0.05699
   -0.01383
    0.04089
    0.01163
   -0.07167
    0.00346
    0.04665
   -0.03547
   -0.06963
    0.01609
    0.05611
    0.01887
   -0.05685
   -0.01162
    0.01402
    0.01456
   -0.06410
   -0.03435
    0.04940
    0.01810
   -0.01883
    0.00207
   -0.01279
   -0.02889
   -0.05108
   -0.00879
    0.04948
   -0.00273
   -0.01914
    0.00900
    0.00638
   -0.00376
   -0.02637
   -0.05745
    0.04817
   -0.01507
   -0.02148
    0.00268
    0.03228
   -0.02069
   -0.03212
   -0.00582
    0.03246
   -0.00546
    0.00097
   -0.03648
    0.02820
    0.00326
   -0.03816
   -0.06070
    0.03935
    0.01658
   -0.00751
   -0.04364
    0.01736
   -0.00177
   -0.00355
   -0.02438
    0.01937
    0.00941
   -0.05819
    0.00571
    0.01578
   -0.00053
   -0.03185
   -0.07293
    0.05269
    0.00356
   -0.00547
    0.00693
   -0.00577
   -0.02785
   -0.02808
    0.03366
    0.01523
    0.00932
   -0.04018
   -0.03052
    0.02583
   -0.00392
   -0.02669
   -0.14411
    0.07836
    0.01357
   -0.05154
   -0.00405
    0.02395
   -0.00947
   -0.00505
   -0.05071
    0.04610
   -0.00519
   -0.02297
    0.00065
    0.01512
   -0.00894
   -0.03779
   -0.06876
    0.04838
   -0.00949
    0.01480
   -0.00588
    0.00589
   -0.02720
    0.01155
    0.01028
    0.00451
   -0.01298
    0.01007
    0.00524
    0.00955
   -0.01174
   -0.02841
   -0.03569
    0.03524
   -0.00598
    0.02838
   -0.03659
    0.01701
   -0.02164
    0.01348
    0.02469
    0.00157
   -0.01964
   -0.02800
    0.01902
    0.02238
    0.00368
   -0.03225
   -0.06015
    0.03696
   -0.01481
   -0.04911
   -0.00420
    0.04055
   -0.04934
   -0.02901
    0.03319
    0.02974
    0.00581
   -0.02664
   -0.02494
    0.02014
   -0.00420
   -0.06795
   -0.04034
    0.05089
    0.01874
   -0.02502
   -0.04191
    0.02447
   -0.04574
   -0.01633
   -0.01816
    0.04645
   -0.01727
   -0.00431
    0.00510
    0.01005
   -0.02061
   -0.01961
   -0.05578
    0.04175
   -0.02423
    0.01792
   -0.00114
    0.01469
   -0.02562
    0.01404
    0.03327
   -0.00067
   -0.01180
   -0.01099
   -0.00380
    0.02332
   -0.00896
   -0.03172
   -0.02437
    0.04035
   -0.01852
   -0.01808
   -0.02440
    0.04735
   -0.03820
   -0.02198
    0.02065
    0.03015
    0.00156
   -0.04343
    0.02366
    0.01011
   -0.00671
   -0.01392
   -0.05112
    0.02964
    0.00566
   -0.03554
   -0.00776
    0.02456
   -0.04077
   -0.03206
    0.03849
    0.02685
    0.00674
   -0.02356
    0.00214
    0.00396
   -0.02457
   -0.00596
   -0.08320
    0.08071
    0.01314
   -0.01125
   -0.02156
    0.01180
   -0.03175
   -0.00251
   -0.01416
    0.03369
   -0.00943
   -0.02557
    0.00621
    0.01864
   -0.01709
   -0.02419
   -0.05353
    0.03371
   -0.03153
   -0.01351
   -0.00828
    0.04573
   -0.03271
   -0.02543
    0.01624
    0.02463
   -0.01561
   -0.00339
    0.00919
    0.01493
    0.01090
   -0.05156
   -0.04288
    0.03356
    0.00333
   -0.01125
   -0.00547
    0.00677
   -0.01992
   -0.02715
   -0.00510
    0.03122
    0.00910
   -0.06943
    0.00480
    0.01988
    0.01523
   -0.06359
   -0.05243
    0.03487
    0.01991
   -0.09350
   -0.00405
    0.04436
   -0.02923
   -0.07357
    0.01923
    0.04248
    0.02061
   -0.04955
   -0.00282
    0.00177
    0.01457
   -0.07593
   -0.05977
    0.05540
    0.01251
   -0.05384
   -0.00268
    0.01984
   -0.03394
   -0.05193
   -0.01369
    0.05559
   -0.00515
   -0.00309
    0.00403
    0.00402
   -0.00143
   -0.02763
   -0.07783
    0.03769
   -0.00957
    0.00164
    0.01445
   -0.00156
   -0.02200
   -0.00590
   -0.00779
    0.01932
   -0.02402
    0.02140
    0.01725
    0.01066
   -0.01494
   -0.02723
   -0.03206
    0.03783
   -0.02214
    0.01726
   -0.01201
    0.02198
   -0.02301
    0.00668
    0.03061
   -0.00009
   -0.01746
   -0.03145
    0.03275
    0.01620
    0.00199
   -0.02666
   -0.01764
    0.01557
   -0.03927
    0.00860
   -0.01198
    0.04505
   -0.03976
   -0.03389
    0.06312
    0.01146
   -0.00632
    0.00131
   -0.01310
    0.01341
   -0.01497
   -0.04617
   -0.08184
    0.05492
    0.01252
   -0.02682
   -0.03740
    0.02799
   -0.04684
   -0.00347
   -0.01021
    0.03526
   -0.02545
    0.00461
    0.03376
    0.00735
   -0.02799
    0.00200
   -0.06708
    0.03107
   -0.02691
    0.01124
   -0.00888
    0.02721
   -0.04424
    0.00468
    0.03420
    0.00887
