15 20 14 1 36 -4.2155 2.0022 4.1644 11291
 -0.06773  -0.05091  -0.03314   0.09456  -0.05638  -0.05149  -0.04614   0.09745  -0.03091  -0.13402  -0.17697   0.13397  -0.02422  -0.02074  -0.09112   0.09363  -0.07200  -0.05872   0.01204   0.06416 
 -0.06108  -0.06162  -0.03330   0.09407  -0.04286  -0.05716  -0.06088   0.09390  -0.04011  -0.09867  -0.22122   0.13453  -0.05432   0.00185  -0.08006   0.10343  -0.09269  -0.06312   0.02168   0.07200 
 -0.07015  -0.05532  -0.03259   0.09767  -0.05273  -0.02478  -0.03592   0.08066  -0.03939  -0.13750  -0.18295   0.14236  -0.03999  -0.01693  -0.08345   0.10204  -0.09941  -0.07415  -0.00344   0.09020 
 -0.07350  -0.06111  -0.03641   0.10358  -0.04938  -0.09200  -0.00406   0.08696  -0.02365  -0.16687  -0.15647   0.13632  -0.04961   0.00766  -0.12944   0.11983  -0.09301  -0.04876   0.03222   0.06183 
 -0.07015  -0.06622  -0.01491   0.09454  -0.06230  -0.04291  -0.01148   0.08471  -0.05318  -0.09259  -0.20887   0.13970  -0.05456  -0.01519  -0.08013   0.11188  -0.09228  -0.06298   0.01350   0.07549 
 -0.07913  -0.05332  -0.02157   0.09852  -0.06718  -0.03807  -0.04462   0.10095  -0.04139  -0.08943  -0.16091   0.12219  -0.05491  -0.00046  -0.07993   0.10500  -0.09936  -0.04662   0.02946   0.06555 
 -0.08141  -0.04177  -0.02042   0.09511  -0.04841  -0.04524  -0.07128   0.09852  -0.05997  -0.06391  -0.22194   0.13488  -0.05528   0.00631  -0.09562   0.10970  -0.08411  -0.02828   0.02396   0.05311 
 -0.07350  -0.02980  -0.03809   0.09216  -0.04852  -0.06390  -0.03605   0.09097  -0.03790  -0.11009  -0.22282   0.13747  -0.05603   0.01472  -0.09439   0.10550  -0.07471  -0.05211   0.02359   0.05767 
 -0.06586  -0.05109  -0.03070   0.09235  -0.05316  -0.03005  -0.04368   0.08624  -0.01662  -0.09598  -0.24770   0.11938  -0.02062  -0.03917  -0.07341   0.08988  -0.07490  -0.06696  -0.00266   0.07527 
 -0.05742  -0.05657  -0.04122   0.09273  -0.05567  -0.06291  -0.03165   0.09478  -0.03123  -0.10672  -0.22238   0.13120  -0.07127  -0.00406  -0.10834   0.13308  -0.08000  -0.07740   0.02870   0.06732 
 -0.07126  -0.06519  -0.02670   0.09974  -0.03474  -0.04594  -0.07282   0.08765  -0.05667  -0.08043  -0.23767   0.14154  -0.04047   0.00199  -0.07480   0.08864  -0.07847  -0.05729   0.00243   0.07139 
 -0.06435  -0.04665  -0.04414   0.09492  -0.04580  -0.04871  -0.05047   0.08939  -0.06867  -0.07240  -0.19162   0.13976  -0.03000   0.00444  -0.09255   0.08709  -0.09444  -0.01584   0.01747   0.05652 
 -0.07252  -0.02839  -0.03354   0.08909  -0.05166  -0.03747  -0.04586   0.08854  -0.02220  -0.08930  -0.23532   0.11930  -0.02980  -0.00755  -0.07982   0.08645  -0.08816  -0.06619   0.04213   0.06098 
 -0.06312  -0.05084  -0.02273   0.08706  -0.05124  -0.05720  -0.00321   0.07658  -0.03166  -0.11698  -0.18391   0.12946  -0.02784  -0.01697  -0.06849   0.08330  -0.08702  -0.04104   0.00966   0.06643 
 -0.06394  -0.05233  -0.01927   0.08677  -0.02421  -0.04912  -0.07920   0.08178  -0.02494  -0.15025  -0.15858   0.13208  -0.02470  -0.02884  -0.11462   0.10919  -0.05962  -0.06701   0.02945   0.05213 
 -0.04479  -0.06853  -0.03665   0.08629  -0.05956  -0.02895  -0.01138   0.07726  -0.01397  -0.17725  -0.15584   0.13216  -0.01098  -0.06403  -0.10004   0.10542  -0.09612  -0.06027   0.03937   0.06424 
 -0.06312  -0.07112  -0.00970   0.08928  -0.04495  -0.01629  -0.07720   0.08745  -0.02050  -0.11690  -0.31751   0.13941  -0.03136  -0.01769  -0.08535   0.09574  -0.08350  -0.05164   0.04423   0.05197 
 -0.05999  -0.04665  -0.03070   0.08648  -0.04271  -0.04492  -0.10543   0.10595  -0.06544  -0.14297  -0.22844   0.16840  -0.01473  -0.05739  -0.13065   0.11998  -0.06733  -0.05065   0.02927   0.05029 
 -0.05836  -0.06468  -0.05152   0.10040  -0.05305  -0.02680  -0.07822   0.09850  -0.05308  -0.17389  -0.20658   0.16702  -0.02340   0.00763  -0.12501   0.09519  -0.05607  -0.06397   0.02056   0.05332 
 -0.05917  -0.05909  -0.04365   0.09587  -0.05434  -0.00434  -0.07648   0.09060  -0.03330  -0.14349  -0.26907   0.15220  -0.01363  -0.04599  -0.14701   0.12114  -0.07249  -0.08117   0.04491   0.05671 
 -0.05931  -0.06468  -0.03857   0.09606  -0.04876  -0.01915  -0.09049   0.09667  -0.05226  -0.13955  -0.22606   0.15834  -0.02401  -0.00252  -0.13951   0.10734  -0.05415  -0.05302   0.02254   0.04706 
 -0.05661  -0.04911  -0.04979   0.09264  -0.04486  -0.00416  -0.11582   0.09674  -0.04638  -0.14857  -0.24563   0.15995   0.00289  -0.00545  -0.17061   0.09703  -0.04791  -0.10622   0.03534   0.05651 
 -0.04715  -0.06828  -0.05726   0.09597  -0.05186   0.01719  -0.14808   0.10486  -0.03980  -0.17569  -0.28216   0.16846   0.01980  -0.02467  -0.19139   0.09805  -0.08453  -0.04877   0.04796   0.04948 
 -0.05742  -0.04665  -0.06130   0.09663  -0.03754   0.02661  -0.15519   0.09130  -0.05983  -0.14940  -0.28588   0.17401   0.00924  -0.03303  -0.16948   0.10353  -0.05351  -0.06876   0.02809   0.04997 
 -0.04834  -0.04985  -0.07261   0.09559  -0.04207   0.01681  -0.12903   0.09067  -0.04409  -0.15109  -0.25301   0.16016   0.02864  -0.02967  -0.19659   0.09344  -0.04846  -0.07645   0.01777   0.05493 
 -0.04201  -0.05553  -0.07387   0.09363  -0.07063   0.03766  -0.15747   0.11441  -0.10146  -0.12614  -0.27695   0.19047   0.00981  -0.06688  -0.15687   0.11253  -0.03584  -0.07069   0.01928   0.04460 
 -0.05927  -0.04858  -0.07596   0.10399  -0.02607   0.01113  -0.15663   0.08791  -0.06508  -0.17589  -0.28832   0.18550   0.04707  -0.05440  -0.18561   0.08065  -0.08141  -0.03881   0.02310   0.05633 
 -0.04870  -0.04882  -0.07675   0.09695  -0.00948   0.01792  -0.21557   0.08749  -0.07465  -0.17392  -0.24992   0.18624  -0.01325  -0.05533  -0.14020   0.12190  -0.07269  -0.05867   0.01740   0.06201 
 -0.05108  -0.05528  -0.08578   0.10427  -0.05820   0.00997  -0.18422   0.12317  -0.05116  -0.12953  -0.24346   0.15658   0.00697  -0.10699  -0.10485   0.10816  -0.08169  -0.08762   0.00089   0.08427 
 -0.06445  -0.06979  -0.08018   0.11665  -0.06664   0.02854  -0.21376   0.13040  -0.08188  -0.12300  -0.23303   0.17270  -0.02887  -0.05708  -0.10726   0.12174  -0.11435  -0.08078   0.01091   0.09322 
 -0.09117  -0.05403  -0.07675   0.12683  -0.06428   0.05093  -0.24632   0.12788  -0.07527  -0.12296  -0.21340   0.16596  -0.06664  -0.04683  -0.09360   0.14148  -0.15804  -0.04552   0.01623   0.09760 
 -0.11208  -0.03166  -0.07387   0.13009  -0.10030   0.00519  -0.18725   0.15535  -0.10017  -0.12415  -0.24339   0.18512  -0.09112  -0.05821  -0.08744   0.16060  -0.17536  -0.08049   0.02229   0.11346 
 -0.13891  -0.06057  -0.06050   0.15029  -0.10700   0.00263  -0.19126   0.16148  -0.15263  -0.11026  -0.12769   0.19201  -0.12418  -0.00932  -0.08040   0.15941  -0.19409  -0.06625   0.02097   0.11633 
 -0.16680  -0.04514  -0.04532   0.15388  -0.07286   0.00018  -0.29267   0.16233  -0.13479  -0.11962  -0.16573   0.19187  -0.15789  -0.04897  -0.06534   0.18808  -0.20162  -0.04968   0.03225   0.10869 
 -0.16352  -0.04538  -0.05173   0.15454  -0.08411  -0.03199  -0.26210   0.17371  -0.13454  -0.12088  -0.28274   0.20688  -0.15677  -0.01072  -0.05104   0.16616  -0.22102  -0.05556   0.04986   0.10962 
 -0.17327  -0.04882  -0.04216   0.15710  -0.09072  -0.00396  -0.28037   0.17299  -0.16437  -0.06748  -0.23009   0.19749  -0.13454  -0.01304  -0.08199   0.16802  -0.21741  -0.07089   0.02372   0.12471 
 -0.17663  -0.04124  -0.06151   0.16250  -0.07329  -0.03150  -0.39617   0.18977  -0.14247  -0.12201  -0.17295   0.19756  -0.12722  -0.06039  -0.10580   0.19152  -0.27710  -0.05727   0.04577   0.12953 
 -0.18705  -0.05729  -0.06075   0.17215  -0.08415  -0.01598  -0.38322   0.19016  -0.14785  -0.08542  -0.27961   0.20159  -0.13827  -0.08175  -0.08015   0.19486  -0.26367  -0.10471   0.02281   0.14918 
 -0.19199  -0.07369  -0.07283   0.18300  -0.09777  -0.00978  -0.42628   0.20255  -0.13951  -0.13382  -0.25012   0.20962  -0.17346  -0.00450  -0.10059   0.19392  -0.25678  -0.07828   0.05617   0.12561 
 -0.20091  -0.05628  -0.05247   0.17517  -0.06130  -0.00722  -0.54415   0.19299  -0.11896  -0.13170  -0.27184   0.20107  -0.15074  -0.06113  -0.05291   0.18307  -0.26833  -0.01377   0.08979   0.09076 
 -0.18487  -0.03166  -0.03255   0.15330  -0.07320   0.04314  -0.54170   0.18421  -0.12623  -0.10536  -0.27528   0.19689  -0.15012  -0.06968  -0.08886   0.20083  -0.23559  -0.03533   0.08730   0.08933 
 -0.17309  -0.03024  -0.04999   0.15330  -0.06883   0.01910  -0.61561   0.19639  -0.11791  -0.15300  -0.24481   0.20375  -0.09066  -0.06033  -0.11431   0.17228  -0.22867  -0.04089   0.06035   0.10231 
 -0.15651  -0.04416  -0.07833   0.15932  -0.06821   0.00589  -0.59616   0.19841  -0.14050  -0.06017  -0.25866   0.18651  -0.10234   0.03168  -0.04445   0.10744  -0.28326  -0.06881   0.10395   0.10766 
 -0.18055  -0.03024  -0.03589   0.15196  -0.15517  -0.05946  -0.49489   0.25296  -0.09906  -0.11824  -0.27258   0.18608  -0.14478  -0.05683  -0.11656   0.20417  -0.28850  -0.04674  -0.00090   0.14795 
 -0.20620  -0.05628  -0.11149   0.19448  -0.20366  -0.21404  -0.66000   0.31337  -0.27277  -0.18225  -0.46562   0.29091  -0.12334  -0.15185  -0.21703   0.25196  -0.42427  -0.26377  -0.07774   0.24676 
 -0.30787  -0.21538  -0.19403   0.28131   0.05911  -0.06122  -0.02962  -0.03178   0.04662  -0.22689   0.14009   0.00753  -0.02090  -0.15930   0.22107  -0.13235  -0.24339  -0.28080   0.41984  -0.15528 
 -0.13421  -0.21610   0.35112  -0.09247  -0.56590   0.63615  -0.84534  -0.13043  -0.46309   0.43392  -0.63478  -0.07488  -0.68730   0.63226  -1.19047  -0.20892  -0.78031   0.56633  -0.82626  -0.13645 
 -0.63658   0.59176  -0.91068  -0.16699   0.42850  -2.09684  -1.39011  -1.34315   0.45041  -2.59841  -2.88912  -2.77197   0.45158  -1.14664  -1.01493  -1.12764   0.57117  -1.94967  -2.19312  -1.87752 
  0.48513  -2.17489  -2.11369  -2.04221  -2.42548  -0.69188   0.74493  -2.62541   0.11514   0.03359  -4.05277  -0.02286  -0.09843   0.28242  -0.02941  -0.14223  -0.16566   0.13047  -0.09783   0.06598 
 -2.06925  -0.74296   0.74151  -2.09774  -0.05300  -0.18746   0.26785  -0.08301   0.10900  -0.06811   0.01703  -0.11303  -0.14141  -0.21339   0.39092  -0.34440   0.01538  -0.23935   0.10439   0.01736 
 -0.11701  -0.20536   0.46721  -0.39669  -0.16337  -0.10544   0.02881   0.15545  -0.07358  -0.06275  -0.10573   0.12409  -0.11812  -0.03717  -0.09805   0.17445  -0.25702  -0.06246   0.14788   0.07225 
 -0.12430  -0.06231   0.00760   0.11768   0.01704  -0.07334   0.04552  -0.01506   0.06591  -0.13341  -0.05603   0.01519   0.03954  -0.04308   0.01460  -0.03718  -0.07407  -0.09221   0.14118   0.00375 
 -0.01301  -0.08224   0.08631   0.00176  -0.06474   0.09764   0.05425  -0.01447   0.00887  -0.01414  -0.01531   0.00437  -0.01829   0.04043   0.13309  -0.14750  -0.16772   0.02938   0.27405  -0.12991 
 -0.06719   0.04182   0.16582  -0.07595  -0.03286   0.02008   0.01506   0.01822  -0.04521  -0.02337   0.00491   0.05639   0.02629   0.02420   0.01732  -0.06676  -0.17773   0.03158   0.15036  -0.00319 
 -0.04303   0.01859   0.06217  -0.00512  -0.07456   0.03842   0.11159  -0.01024   0.03499  -0.10730  -0.05213   0.03753  -0.02387  -0.02089   0.08946  -0.03738  -0.15930  -0.00599   0.19649  -0.03009 
 -0.05987  -0.01480   0.12470  -0.01400  -0.08108   0.03788   0.20616  -0.08793   0.03779  -0.00479   0.03917  -0.05722  -0.00753   0.05809   0.11729  -0.15995  -0.17724   0.00419   0.28703  -0.12365 
 -0.06042   0.02549   0.20552  -0.11203  -0.01059  -0.06057   0.15196  -0.06711   0.00103  -0.03865   0.03586   0.01065   0.04861   0.08306   0.01531  -0.15647  -0.17541   0.03054   0.16456  -0.01462 
 -0.01282   0.01411   0.10714  -0.06491  -0.06864  -0.01001   0.14680  -0.01893   0.03301  -0.10772   0.01980   0.01825   0.01203   0.07814   0.03066  -0.10447  -0.16380  -0.00405   0.20246  -0.03396 
 -0.04231  -0.00532   0.12635  -0.03709  -0.03447   0.01188   0.20944  -0.13636   0.04226  -0.03986   0.01596  -0.02978  -0.00968   0.04120   0.11682  -0.13894  -0.16961   0.04963   0.27155  -0.14022 
 -0.03984   0.02194   0.19552  -0.12226  -0.02812  -0.02329   0.12696  -0.04148   0.00399  -0.05469   0.07020   0.00407   0.03755   0.08317   0.00632  -0.12636  -0.16865   0.05254   0.16642  -0.03221 
 -0.01933   0.02278   0.10107  -0.05849  -0.09003   0.01292   0.16415  -0.02314   0.03592  -0.10252  -0.01815   0.02448   0.00229   0.02015   0.07682  -0.08903  -0.16424   0.01212   0.20281  -0.04283 
 -0.05167  -0.00778   0.13902  -0.03658  -0.06062   0.02548   0.19357  -0.09137   0.02661  -0.01398   0.06198  -0.04539   0.00969   0.02681   0.10238  -0.13793  -0.19213   0.02946   0.29265  -0.13927 
 -0.05074   0.02068   0.19944  -0.11280  -0.02877  -0.00602   0.13952  -0.06034  -0.00725  -0.02645   0.03532   0.01232   0.02350   0.07725   0.03959  -0.13231  -0.19403   0.07515   0.15976  -0.02754 
 -0.03124   0.03759   0.10920  -0.06176  -0.05415  -0.00175   0.14530  -0.03748   0.04648  -0.10510   0.00008   0.00783   0.00188  -0.01979   0.07682  -0.05873  -0.15071   0.01758   0.20202  -0.05289 
 -0.03392  -0.01939   0.13240  -0.04228  -0.05465   0.00349   0.19264  -0.08456   0.04237  -0.04095   0.03003  -0.03455  -0.01273   0.05863   0.10900  -0.14012  -0.19709   0.04115   0.27015  -0.11452 
 -0.05194   0.02068   0.19000  -0.10129  -0.02601   0.01378   0.13738  -0.07306  -0.00364  -0.04135   0.03889   0.01608   0.02937   0.06115   0.04545  -0.13321  -0.17594   0.10802   0.12172  -0.02885 
 -0.02681   0.04461   0.09949  -0.06367  -0.07223  -0.00277   0.17648  -0.04457   0.03688  -0.09439  -0.03000   0.02290   0.01515   0.03773   0.05160  -0.09525  -0.14018   0.01876   0.19528  -0.05352 
 -0.03648  -0.00420   0.13077  -0.04713  -0.05769   0.00520   0.21140  -0.10237   0.03712  -0.06938   0.06732  -0.02504   0.00559   0.02543   0.09986  -0.12653  -0.17560   0.07291   0.27426  -0.15843 
 -0.04414   0.01836   0.19608  -0.11511  -0.03303   0.01879   0.12397  -0.05536   0.01513  -0.06239   0.03040   0.01084   0.03156   0.08128   0.03151  -0.14139  -0.19716   0.06432   0.15245  -0.01372 
 -0.02543   0.03434   0.09949  -0.05822  -0.08602   0.01982   0.17462  -0.04019   0.01334  -0.07383  -0.02171   0.03549   0.00439   0.02649   0.05738  -0.07602  -0.14350   0.00669   0.21748  -0.06583 
 -0.05100  -0.00044   0.14173  -0.04372  -0.07278   0.04540   0.21535  -0.11362   0.03277  -0.03679   0.03811  -0.02808  -0.00972   0.06138   0.09908  -0.13435  -0.17679   0.06387   0.29000  -0.17293 
 -0.05448   0.04081   0.20069  -0.12510  -0.00559  -0.02934   0.13544  -0.07458  -0.00790  -0.00758   0.05788  -0.00719   0.03850   0.08265   0.00821  -0.12950  -0.17815   0.09031   0.16301  -0.04832 
 -0.01502   0.04242   0.09984  -0.07562  -0.07674   0.04417   0.16565  -0.05592   0.01191  -0.07852  -0.01040   0.03602  -0.02216   0.07708   0.08077  -0.10756  -0.17628   0.02998   0.20538  -0.04887 
 -0.05852   0.02382   0.13870  -0.04872  -0.07092   0.04887   0.20723  -0.10888   0.03215  -0.01015  -0.00921  -0.02764   0.00483   0.08000   0.08461  -0.15872  -0.17699   0.05739   0.27548  -0.14654 
 -0.04835   0.04976   0.18254  -0.11929  -0.03546   0.04992   0.11846  -0.06617   0.01274  -0.02327   0.04072  -0.01362   0.02514   0.07004   0.03643  -0.12436  -0.16047   0.07072   0.14386  -0.02965 
 -0.02268   0.04778   0.09438  -0.06642  -0.07029   0.01788   0.15666  -0.03987   0.00212  -0.08165   0.00280   0.04351  -0.01285   0.02396   0.10290  -0.10049  -0.13743   0.01116   0.19525  -0.05077 
 -0.05047  -0.00198   0.13854  -0.04072  -0.07765   0.02680   0.23438  -0.11804   0.01420   0.00450   0.00862  -0.02220   0.01157   0.05656   0.07856  -0.13824  -0.20098   0.03158   0.28912  -0.13029 
 -0.05906   0.03271   0.19986  -0.11265  -0.04614   0.01479   0.13776  -0.04910  -0.01867  -0.02105   0.01422   0.02776   0.02426   0.08216   0.03319  -0.13137  -0.19689   0.08844   0.15284  -0.02904 
 -0.03932   0.04916   0.10142  -0.05499  -0.05647   0.00719   0.18269  -0.07421   0.01008  -0.07859  -0.02868   0.04323  -0.02153   0.04222   0.06469  -0.06024  -0.16923   0.01300   0.19885  -0.03701 
 -0.05327   0.00155   0.13693  -0.03877  -0.06579   0.03378   0.21994  -0.12029   0.00025   0.01012   0.02088  -0.01438  -0.00298   0.08024   0.06166  -0.11723  -0.15733   0.04615   0.27286  -0.14792 
 -0.05475   0.04620   0.18586  -0.11265  -0.05253   0.02940   0.15984  -0.06975  -0.02558  -0.01106   0.01692   0.02767   0.03629   0.07095   0.00748  -0.11332  -0.19328   0.09191   0.16462  -0.04275 
 -0.03867   0.05191   0.10403  -0.05958  -0.09648  -0.00647   0.17959  -0.02039   0.03573  -0.08802  -0.06586   0.03104   0.00757   0.02196   0.05213  -0.07161  -0.15946   0.02835   0.21011  -0.06189 
 -0.04954  -0.00398   0.13354  -0.03645  -0.07295  -0.00450   0.22310  -0.09087   0.01982  -0.00811   0.03978  -0.03186  -0.00202   0.05421   0.10191  -0.14369  -0.15410   0.06285   0.25082  -0.13407 
 -0.05234   0.03209   0.18986  -0.10898  -0.04711   0.07851   0.13160  -0.08184  -0.00970  -0.03474  -0.02949   0.04005   0.00790   0.07666   0.03528  -0.10149  -0.15909   0.09032   0.13119  -0.03316 
 -0.03790   0.06044   0.08974  -0.05539  -0.06937   0.01674   0.16888  -0.05125   0.01690  -0.06412  -0.00805   0.02251   0.00576   0.02763   0.04655  -0.06777  -0.14917   0.04491   0.17153  -0.04266 
 -0.04506   0.01326   0.11903  -0.03968  -0.07658   0.05679   0.20707  -0.10702   0.01502  -0.03069   0.04809  -0.01434   0.00214   0.07281   0.07694  -0.13657  -0.18157   0.07040   0.26085  -0.13422 
 -0.05784   0.04936   0.18181  -0.10731  -0.03714  -0.00529   0.14884  -0.05865  -0.00561  -0.04479   0.04277   0.01873   0.02423   0.05855   0.03340  -0.10861  -0.19237   0.08450   0.15873  -0.03348 
 -0.03392   0.03189   0.10817  -0.05432  -0.08600   0.02101   0.16740  -0.03436   0.02023  -0.03976  -0.03337   0.01292  -0.02774   0.04891   0.07985  -0.07355  -0.15382   0.03496   0.19594  -0.05570 
 -0.05974   0.02089   0.13629  -0.04372  -0.07013   0.00569   0.21133  -0.08700   0.03890  -0.04482   0.05783  -0.03865   0.00534   0.04899   0.11215  -0.16555  -0.17311   0.06261   0.26414  -0.13801 
 -0.04650   0.02673   0.19199  -0.11403  -0.03692   0.01180   0.12463  -0.04732  -0.00316  -0.01709   0.05538  -0.00524   0.01610   0.05774   0.02071  -0.08212  -0.19280   0.08138   0.14965  -0.02407 
 -0.03507   0.03920   0.09756  -0.04978  -0.08187   0.00634   0.17648  -0.03900   0.01677  -0.12269   0.02567   0.04093  -0.02654   0.06999   0.05571  -0.06736  -0.11729   0.00633   0.17954  -0.04624 
 -0.05207  -0.00221   0.13224  -0.03401  -0.06190   0.02588   0.19739  -0.09414   0.03800  -0.01847   0.03041  -0.04410  -0.00908   0.05221   0.11210  -0.14402  -0.16139   0.05037   0.24724  -0.11539 
 -0.04835   0.03291   0.18239  -0.10625  -0.04947   0.02300   0.15451  -0.06469   0.00688  -0.02937   0.03721  -0.00181   0.00480   0.08275   0.02395  -0.09079  -0.17014   0.08965   0.13551  -0.03007 
 -0.03803   0.04916   0.10159  -0.05647  -0.05776   0.03960   0.14258  -0.05392   0.03439  -0.09664  -0.03259   0.02756  -0.04191   0.06510   0.04585  -0.03447  -0.13963   0.01156   0.19174  -0.04650 
 -0.04677   0.01176   0.11668  -0.03529  -0.05678   0.04755   0.19932  -0.11730   0.03256  -0.06038   0.07036  -0.02599  -0.01488   0.07760   0.07534  -0.11244  -0.13506   0.07272   0.23338  -0.13379 
 -0.04375   0.04381   0.17095  -0.10792  -0.03485   0.02188   0.11802  -0.04995  -0.01496  -0.01154   0.04997   0.00587   0.01367   0.08935   0.01775  -0.10451  -0.15118   0.07170   0.15989  -0.04841 
 -0.03235   0.04881   0.09619  -0.05805  -0.10500   0.04873   0.16084  -0.02495   0.02596  -0.06513  -0.06483   0.02966  -0.03819   0.07993   0.04834  -0.05353  -0.13384   0.01899   0.19153  -0.05403 
 -0.06174   0.02574   0.12041  -0.03231  -0.07382   0.02707   0.19326  -0.07603   0.03137  -0.03462   0.03742  -0.02746  -0.01287   0.06242   0.09485  -0.12487  -0.15751   0.09503   0.23710  -0.14058 
 -0.05297   0.04822   0.17084  -0.10066  -0.03318  -0.00104   0.11788  -0.03941  -0.00274  -0.01019  -0.01427   0.01406  -0.01146   0.09845   0.02714  -0.08502  -0.16820   0.09291   0.12703  -0.02683 
