9 20 3 1 47 -3.3807 1.9250 3.8193 11110
 -0.05700   0.07911   0.08541  -0.04615  -0.10032   0.04003   0.14802  -0.01399  -0.03049  -0.03932  -0.03301   0.06273  -0.01688   0.06751   0.05744  -0.08015  -0.21688   0.09865   0.16802  -0.03835 
 -0.08536   0.05164   0.10910  -0.01889  -0.05667  -0.00651   0.19009  -0.07373   0.01041  -0.02439   0.03541  -0.00825  -0.01175   0.09505   0.08955  -0.15352  -0.16779   0.07311   0.23989  -0.11933 
 -0.05569   0.04523   0.16765  -0.09227  -0.05717   0.04860   0.10989  -0.03291  -0.03929   0.01152   0.05682   0.01290  -0.00489   0.12232   0.02298  -0.11481  -0.17916   0.12220   0.11515  -0.03211 
 -0.05692   0.08438   0.08235  -0.04782  -0.09155  -0.00326   0.14677   0.00057  -0.00618  -0.07215  -0.02899   0.05604  -0.05069   0.06151   0.08686  -0.06213  -0.19824   0.05661   0.16434  -0.01793 
 -0.08071   0.01925   0.11395  -0.00688  -0.08048   0.05349   0.19029  -0.08173   0.00622  -0.01943   0.05577  -0.01438  -0.01660   0.07130   0.06783  -0.09527  -0.20186   0.09299   0.24724  -0.12236 
 -0.07467   0.06031   0.17204  -0.08769  -0.05032   0.06098   0.11020  -0.04826  -0.04327   0.01358   0.00412   0.03319   0.02349   0.09489  -0.00496  -0.10308  -0.20270   0.14309   0.09466  -0.02074 
 -0.05121   0.08787   0.06109  -0.04103  -0.08717   0.02827   0.17347  -0.04261  -0.01498  -0.04609  -0.03614   0.05305  -0.04207   0.07342   0.05546  -0.05022  -0.18635   0.07592   0.14577  -0.02089 
 -0.07840   0.04077   0.10770  -0.01713  -0.08711   0.06719   0.18530  -0.07793   0.02402  -0.01352   0.00540  -0.02047  -0.03061   0.09725   0.08896  -0.12527  -0.16267   0.08588   0.23239  -0.12381 
 -0.06564   0.06784   0.16199  -0.09317  -0.05542   0.05608   0.11493  -0.04323  -0.03528  -0.00019   0.02091   0.02899   0.02100   0.11526  -0.02741  -0.09856  -0.22076   0.12929   0.11242  -0.01485 
 -0.05392   0.08438   0.06342  -0.03748  -0.08765   0.01716   0.13354  -0.00287  -0.00618  -0.06408  -0.06511   0.06150  -0.01529   0.05572   0.04014  -0.05491  -0.21580   0.08455   0.16025  -0.02331 
 -0.07596   0.03378   0.09458  -0.00590  -0.06047   0.04717   0.16985  -0.08078   0.00979  -0.01448   0.03597  -0.01415  -0.00697   0.08474   0.07392  -0.13015  -0.17801   0.09475   0.24371  -0.13458 
 -0.06046   0.06326   0.16326  -0.09642  -0.05795   0.04514   0.11893  -0.03716  -0.03716  -0.00831   0.08246   0.01383   0.02673   0.10718   0.01925  -0.14686  -0.14643   0.13504   0.06502  -0.02443 
 -0.04128   0.07941   0.07075  -0.05155  -0.09797   0.05346   0.15411  -0.02882  -0.01677  -0.03380  -0.05030   0.05196  -0.01663   0.06756   0.02955  -0.05281  -0.16599   0.07837   0.12488  -0.01723 
 -0.07136   0.04849   0.08791  -0.01423  -0.08408   0.07564   0.17505  -0.07674   0.00920  -0.02219   0.06172  -0.01838  -0.02385   0.11948   0.06767  -0.13318  -0.15209   0.06254   0.23982  -0.12169 
 -0.06490   0.06519   0.16187  -0.09179  -0.06536   0.04791   0.09919  -0.01572  -0.01028  -0.01958   0.01334   0.01878   0.00823   0.10649   0.00239  -0.09771  -0.21655   0.12980   0.12421  -0.02559 
 -0.05456   0.07642   0.06961  -0.03548  -0.09480   0.03504   0.15933  -0.02606   0.01226  -0.06517  -0.05120   0.04043  -0.03235   0.08343   0.05017  -0.06583  -0.19492   0.08498   0.13726  -0.01589 
 -0.07392   0.04426   0.09910  -0.01709  -0.07128   0.07176   0.18247  -0.09694  -0.01697   0.00040   0.07075  -0.00776  -0.02308   0.08534   0.09023  -0.12596  -0.20645   0.08531   0.24792  -0.11434 
 -0.07778   0.06845   0.17314  -0.09179  -0.04498   0.05742   0.12216  -0.06228  -0.03998  -0.01443  -0.01302   0.05207   0.01642   0.11290   0.00937  -0.12456  -0.19071   0.11419   0.09693  -0.00822 
 -0.04861   0.07754   0.06655  -0.03993  -0.07503   0.06469   0.12074  -0.03155  -0.01054  -0.05321  -0.03133   0.05127  -0.01837   0.09633   0.04441  -0.09085  -0.18969   0.06676   0.16035  -0.02500 
 -0.06896   0.05049   0.09552  -0.02288  -0.08837   0.03661   0.19023  -0.06217   0.00162  -0.00867   0.05973  -0.01781  -0.02176   0.11742   0.05639  -0.12067  -0.19765   0.08938   0.24126  -0.11484 
 -0.07535   0.06711   0.16326  -0.08370  -0.05225   0.04038   0.11218  -0.03547  -0.02350  -0.01309   0.03987   0.01913   0.01580   0.10787   0.00172  -0.11038  -0.21917   0.14266   0.11671  -0.02810 
 -0.05293   0.08146   0.07397  -0.04364  -0.09043   0.02404   0.14783  -0.01492  -0.00693  -0.05220  -0.07831   0.05950  -0.04104   0.10283   0.05523  -0.07745  -0.19606   0.07980   0.15582  -0.02630 
 -0.07865   0.04668   0.09981  -0.01497  -0.05925   0.06081   0.17686  -0.09853   0.02032  -0.02137   0.00324  -0.01018  -0.03059   0.13765   0.06158  -0.13622  -0.17866   0.09336   0.22911  -0.11556 
 -0.06156   0.07717   0.15141  -0.09477  -0.06825   0.07687   0.11883  -0.04480  -0.02505  -0.00235   0.05347   0.00907   0.01733   0.10141  -0.00098  -0.10356  -0.23425   0.13522   0.11285  -0.01321 
 -0.05853   0.08644   0.07454  -0.04218  -0.07040   0.02531   0.13647  -0.02675  -0.02599  -0.08034  -0.00619   0.07165  -0.03667   0.12153   0.03317  -0.07883  -0.19831   0.09348   0.15436  -0.03283 
 -0.07678   0.05069   0.09695  -0.01709  -0.06521   0.02670   0.19014  -0.08283   0.00755  -0.00320   0.03810  -0.01993  -0.02432   0.11203   0.08897  -0.15127  -0.19971   0.07897   0.25931  -0.12748 
 -0.06868   0.06190   0.17598  -0.09913  -0.05715   0.07930   0.09330  -0.03867  -0.04666   0.00309   0.04670   0.02885   0.01141   0.13841   0.02667  -0.16506  -0.18598   0.13220   0.10614  -0.02919 
 -0.05361   0.09785   0.07284  -0.05427  -0.08428   0.05307   0.12807  -0.02104  -0.02654  -0.04849  -0.08054   0.07579  -0.03252   0.06548   0.05559  -0.05567  -0.20222   0.07539   0.14438  -0.01182 
 -0.07908   0.04426   0.08644  -0.00404  -0.05881   0.09205   0.14295  -0.08725  -0.00179  -0.00150   0.05947  -0.01869  -0.01212   0.11935   0.05123  -0.13172  -0.19171   0.11265   0.22812  -0.12206 
 -0.06686   0.09028   0.14585  -0.09447  -0.04242   0.07840   0.08239  -0.04680  -0.03985  -0.01635   0.04645   0.03441   0.00953   0.13617  -0.01898  -0.11046  -0.19501   0.13370   0.13273  -0.04552 
 -0.05059   0.09268   0.06331  -0.04667  -0.11677   0.05888   0.11151   0.01816  -0.01758  -0.03954  -0.09156   0.06593  -0.01991   0.07785   0.01750  -0.04610  -0.18754   0.09502   0.14244  -0.02987 
 -0.08237   0.05666   0.07193   0.00058  -0.07446   0.07041   0.17453  -0.08392   0.01200  -0.00819  -0.01983  -0.00148  -0.04020   0.12907   0.05576  -0.10568  -0.14744   0.10177   0.22354  -0.13691 
 -0.06584   0.08242   0.14557  -0.08894  -0.06040   0.06453   0.07456  -0.01290  -0.03422  -0.02102   0.08076   0.01943   0.00938   0.12971  -0.02813  -0.09480  -0.20403   0.11454   0.12374  -0.02069 
 -0.05712   0.08131   0.06137  -0.03090  -0.07803   0.04350   0.12103  -0.01657  -0.01373  -0.04328  -0.08644   0.06317  -0.02285   0.10155   0.00352  -0.05041  -0.18069   0.12362   0.09562  -0.01858 
 -0.07133   0.06811   0.05746  -0.00680  -0.07939   0.07163   0.15218  -0.05769   0.00485  -0.01128   0.03729  -0.01110   0.00721   0.11938   0.02073  -0.12852  -0.14966   0.09898   0.21904  -0.12772 
 -0.05739   0.07795   0.13388  -0.08381  -0.05241   0.07507   0.07216  -0.02598  -0.05540   0.02920   0.03069   0.02553   0.04165   0.13243  -0.01169  -0.17025  -0.17020   0.13574   0.09458  -0.03181 
 -0.04562   0.10074   0.04934  -0.04814  -0.08772   0.05863   0.10714  -0.00500  -0.02299  -0.02855  -0.04894   0.05449  -0.03995   0.10823   0.02797  -0.05687  -0.21157   0.10007   0.11721  -0.00318 
 -0.08353   0.06658   0.06658  -0.00122  -0.07710   0.08704   0.14744  -0.06616   0.00101  -0.01905   0.00852   0.00823  -0.01183   0.14005   0.02367  -0.12454  -0.17172   0.13371   0.22116  -0.14561 
 -0.06752   0.09771   0.13174  -0.08703  -0.07351   0.07103   0.08162  -0.00800  -0.05292   0.00533   0.05974   0.02856   0.00454   0.14149  -0.01511  -0.11221  -0.18857   0.15010   0.05566  -0.00759 
 -0.06514   0.10181   0.04107  -0.02487  -0.07407   0.06865   0.09883  -0.01823  -0.00898  -0.02257  -0.10276   0.05149  -0.01309   0.10654   0.01194  -0.07570  -0.17943   0.07680   0.11296  -0.00122 
 -0.06682   0.06368   0.05431  -0.00595  -0.06608   0.08294   0.11557  -0.04845   0.02914  -0.01521  -0.06672  -0.00246  -0.02320   0.12424   0.03509  -0.10224  -0.15572   0.09975   0.21741  -0.12233 
 -0.05561   0.08094   0.11677  -0.07329  -0.04745   0.09148   0.02912  -0.01310  -0.04771  -0.01321   0.02283   0.04740  -0.00878   0.15851  -0.05099  -0.07912  -0.16247   0.12936   0.06058  -0.00919 
 -0.05684   0.10039   0.01484  -0.01568  -0.08146   0.04406   0.08798   0.01009  -0.03172  -0.06332  -0.10552   0.09276  -0.02624   0.15510  -0.04979  -0.05297  -0.14993   0.06642   0.10118  -0.00209 
 -0.07360   0.05529   0.03471   0.01638  -0.06972   0.03604   0.12969  -0.02785  -0.01623  -0.00030  -0.07535   0.03885   0.00012   0.09514   0.00799  -0.07995  -0.14769   0.10410   0.17191  -0.08396 
 -0.06500   0.06945   0.09824  -0.04108  -0.02408   0.04972  -0.00383   0.00432  -0.00951   0.00892  -0.07249   0.02580   0.06229   0.10517  -0.08597  -0.10741  -0.12918   0.10299   0.02576   0.01041 
 -0.02023   0.07476  -0.02431  -0.01147  -0.03650   0.09849   0.04423  -0.03957   0.03411  -0.02163  -0.12868   0.01208   0.00876   0.14255  -0.01635  -0.11895  -0.11559   0.12012   0.05894  -0.02778 
 -0.02887   0.09068   0.01180  -0.03388  -0.00659   0.27116   0.06000  -0.28273   0.11921   0.13230  -0.11731  -0.30145   0.09620   0.28611  -0.09213  -0.57832  -0.08718   0.29302   0.12557  -0.31548 
  0.03157   0.25416   0.02721  -0.33434   0.25493  -0.22125  -0.29632  -0.27208   0.30664  -0.45791  -0.39913  -0.29298   0.31750  -0.21095  -0.42259  -0.37432   0.05448   0.01795   0.01540  -0.06413 
  0.28610  -0.23021  -0.29292  -0.25857  -0.58027  -0.88361   0.67281  -0.68075  -0.17981  -0.37398   0.53133  -0.02172  -0.24730  -0.50272   0.46506  -0.32404  -0.63811  -0.55329   0.59235  -0.39697 
 -0.46280  -0.69298   0.62819  -0.46861  -0.28941  -1.78892   0.66316  -1.54718   0.00884  -1.32113   0.75939  -1.62663  -1.32228  -2.82823   0.66224  -2.73539  -0.34420  -1.86335   0.65860  -1.47361 
 -0.74229  -2.20211   0.72958  -2.03515  -1.29531  -1.28713  -1.57579   0.49167  -0.02618   0.06835  -4.04575   0.10880  -2.52834  -0.84925  -3.26842   0.54541  -0.01358  -0.04649  -0.16758   0.09313 
 -2.02224  -0.85730  -2.37505   0.47530  -0.08014  -0.08969  -0.06031   0.13286   0.31783  -0.41685  -0.34934  -0.38438  -0.42744   0.45850  -4.04575   0.13075   0.37404  -0.51025  -0.10360  -0.34410 
  0.28772  -0.48917  -0.07494  -0.29437   0.14342  -0.09178  -0.41217  -0.01055   0.06697  -0.30073  -0.08265   0.08091   0.29694  -0.19760  -0.36676  -0.31326   0.08334  -0.14965  -0.09561   0.03817 
  0.18139  -0.16486  -0.30633  -0.03501  -0.32518  -0.30691   0.49933  -0.18414  -0.12968  -0.22132   0.29290   0.08778  -0.19567  -0.15688   0.29715  -0.06057  -0.19645  -0.22751   0.41645  -0.20153 
 -0.24351  -0.26878   0.44105  -0.13567  -0.15720  -0.01456   0.00025   0.13663  -0.12017  -0.02564  -0.32754   0.16969  -0.26820  -0.04194  -0.36502   0.31208  -0.09811  -0.02265  -0.04493   0.08774 
 -0.19042  -0.03134  -0.15436   0.19118  -0.06548   0.00490  -0.10142   0.10515  -0.02666  -0.12896  -0.28069   0.14388  -0.04346   0.07536  -0.18917   0.10325  -0.01140  -0.03520  -0.05567   0.04917 
 -0.05314  -0.02086  -0.09778   0.09642  -0.10468   0.08720  -0.14973   0.11605  -0.08048  -0.04071  -0.37033   0.15677  -0.05398   0.08194  -0.14701   0.09068  -0.12833   0.06698  -0.11859   0.08961 
 -0.10921   0.05729  -0.15181   0.11565  -0.07908   0.07819  -0.16801   0.10684  -0.08456  -0.07408  -0.33653   0.16910  -0.05133   0.12789  -0.25102   0.09979  -0.15491   0.12816  -0.14794   0.07933 
 -0.11340   0.08470  -0.19314   0.11629  -0.08207   0.10436  -0.15093   0.09164  -0.12289  -0.08229  -0.29140   0.18908  -0.05268   0.11721  -0.16928   0.07644  -0.17788   0.11195  -0.08576   0.07699 
 -0.13125   0.07876  -0.14519   0.11620  -0.07258   0.03286  -0.06723   0.08707  -0.09669  -0.12958  -0.35017   0.19649  -0.06226   0.09459  -0.20533   0.11361  -0.11130   0.06168  -0.08685   0.07348 
 -0.10200   0.02950  -0.13254   0.11822  -0.05534   0.02629  -0.10308   0.08905  -0.08032  -0.12372  -0.24977   0.17414  -0.04769   0.05198  -0.14472   0.10183  -0.12280   0.02925  -0.09544   0.09632 
 -0.09446   0.00847  -0.12321   0.11978  -0.03563   0.04590  -0.16217   0.08364  -0.09876  -0.05929  -0.34682   0.17299  -0.05702   0.08965  -0.18061   0.10278  -0.13312   0.09190  -0.06400   0.05998 
 -0.09637   0.05851  -0.13220   0.10125  -0.08231   0.07988  -0.10978   0.08976  -0.13495  -0.02097  -0.37477   0.18046  -0.06454   0.11640  -0.14304   0.07563  -0.15404   0.12064  -0.12272   0.07503 
 -0.12459   0.08842  -0.15241   0.10965  -0.09807   0.10895  -0.12966   0.09470  -0.15367  -0.01133  -0.40467   0.18871  -0.10412   0.09160  -0.19340   0.14206  -0.14839   0.10535  -0.12912   0.08283 
 -0.13992   0.08750  -0.17562   0.12526  -0.10017   0.07563  -0.17551   0.12543  -0.14763   0.00342  -0.35887   0.17514  -0.04051   0.07283  -0.13668   0.07960  -0.13118   0.08274  -0.11340   0.08160 
 -0.12684   0.07201  -0.16599   0.12291  -0.08386   0.02443  -0.09745   0.11035  -0.12708  -0.03256  -0.33570   0.17720  -0.05457   0.07923  -0.18684   0.10943  -0.12700   0.08840  -0.08011   0.06510 
 -0.11729   0.05694  -0.13220   0.11476  -0.09396   0.04544  -0.12715   0.11919  -0.12663  -0.07918  -0.30935   0.19189  -0.07738   0.05477  -0.18011   0.13808  -0.14956   0.07673  -0.08008   0.08109 
 -0.12943   0.04295  -0.13524   0.12894  -0.08128   0.02496  -0.09952   0.10892  -0.11190  -0.06963  -0.31432   0.18101  -0.06466   0.04054  -0.17706   0.13471  -0.11254   0.05296  -0.08385   0.07710 
 -0.11010   0.02849  -0.12736   0.12191  -0.09370   0.04580  -0.12002   0.11658  -0.10720  -0.10354  -0.32378   0.19132  -0.11606   0.06058  -0.15184   0.15120  -0.15515   0.02186  -0.04959   0.09697 
 -0.13346   0.01466  -0.11023   0.13564  -0.10203   0.02903  -0.08848   0.11861  -0.11994  -0.03466  -0.32661   0.17320  -0.04050   0.04349  -0.21735   0.12872  -0.11745   0.03650  -0.07204   0.08260 
 -0.11614   0.02895  -0.12076   0.12322  -0.08446   0.00447  -0.10465   0.12077  -0.08255  -0.06920  -0.31208   0.16337  -0.09533   0.09691  -0.23203   0.14616  -0.13742   0.02624  -0.05853   0.09100 
 -0.11677   0.01962  -0.12106   0.12764  -0.08018   0.02048  -0.09156   0.10707  -0.09451  -0.06684  -0.29096   0.16734  -0.08956   0.03590  -0.13108   0.13722  -0.10215   0.02324  -0.07290   0.08151 
 -0.10559   0.01314  -0.10821   0.11985  -0.08671  -0.01346  -0.09282   0.12482  -0.06104  -0.10859  -0.32937   0.16611  -0.06790   0.02149  -0.17294   0.14489  -0.10735   0.01166  -0.08396   0.09275 
 -0.09814  -0.00964  -0.12284   0.12916  -0.08001   0.01279  -0.14992   0.12864  -0.07438  -0.10452  -0.25023   0.16393  -0.05227  -0.00167  -0.14843   0.13430  -0.10240   0.00679  -0.08004   0.09107 
 -0.09618  -0.00849  -0.12313   0.12764  -0.07998  -0.00315  -0.11664   0.12416  -0.08328  -0.10567  -0.29503   0.17521  -0.07993   0.00712  -0.18485   0.16425  -0.10045  -0.01278  -0.08365   0.09910 
 -0.10101  -0.02031  -0.12552   0.13572  -0.10327  -0.00651  -0.07094   0.12646  -0.07856  -0.11340  -0.27905   0.17315  -0.06594   0.00782  -0.16781   0.14786  -0.10305   0.01135  -0.05233   0.07930 
 -0.10712  -0.01056  -0.09157   0.12503  -0.06904  -0.03593  -0.09898   0.12154  -0.06434  -0.16986  -0.25310   0.17915  -0.10198   0.03669  -0.12122   0.14141  -0.10383  -0.01017  -0.07197   0.09560 
 -0.09844  -0.03150  -0.10165   0.13112  -0.07525  -0.02061  -0.10546   0.12316  -0.06977  -0.10796  -0.26787   0.16444  -0.06649   0.03791  -0.18963   0.14203  -0.10013  -0.00010  -0.06863   0.08871 
 -0.09558  -0.01378  -0.11081   0.12557  -0.09212  -0.00782  -0.09098   0.12608  -0.07799  -0.10587  -0.21336   0.16173  -0.06934   0.00148  -0.18874   0.16065  -0.10480  -0.00968  -0.04427   0.08562 
 -0.10344  -0.02078  -0.09212   0.12701  -0.05098  -0.03961  -0.08418   0.10347  -0.09265  -0.09065  -0.18584   0.16129  -0.06917  -0.01555  -0.12756   0.14484  -0.10926  -0.00856  -0.06342   0.09441 
 -0.09543  -0.02671  -0.08826   0.12322  -0.07777  -0.00187  -0.07755   0.10873  -0.08590  -0.13656  -0.24078   0.18052  -0.07303  -0.00162  -0.11943   0.13810  -0.10116  -0.00631  -0.03930   0.08059 
 -0.09965  -0.02314  -0.07688   0.12058  -0.10253  -0.03452  -0.09119   0.14218  -0.04950  -0.11057  -0.32892   0.15913  -0.09127   0.02199  -0.10939   0.13598  -0.10808  -0.02091  -0.02583   0.08426 
 -0.10497  -0.02910  -0.07768   0.12629  -0.06333  -0.04146  -0.09234   0.11677  -0.06661  -0.08370  -0.21959   0.14702  -0.07974   0.00792  -0.13683   0.14585  -0.10123  -0.01817  -0.04975   0.08934 
 -0.09334  -0.02671  -0.08662   0.12140  -0.06917  -0.07040  -0.07554   0.12455  -0.04970  -0.10416  -0.21831   0.14304  -0.08153   0.02585  -0.08231   0.11430  -0.09507  -0.04191  -0.02818   0.08693 
 -0.08903  -0.04497  -0.06318   0.11757  -0.09110  -0.06654  -0.07883   0.14021  -0.06600  -0.06511  -0.28436   0.14788  -0.09520   0.02268  -0.14115   0.15159  -0.08156  -0.04031  -0.05617   0.09056 
 -0.09603  -0.03708  -0.09046   0.12818  -0.07131  -0.05955  -0.09053   0.12796  -0.04083  -0.12925  -0.26228   0.15183  -0.04627   0.03704  -0.15425   0.11281  -0.09929  -0.03765  -0.02886   0.08766 
 -0.08507  -0.04298  -0.08010   0.12022  -0.06889  -0.05131  -0.08381   0.12127  -0.07541  -0.11120  -0.19122   0.15879  -0.04308  -0.00820  -0.10137   0.10929  -0.09516  -0.05318  -0.02141   0.08832 
 -0.08756  -0.05300  -0.06163   0.11903  -0.07784  -0.03148  -0.07124   0.11698  -0.03025  -0.08646  -0.23413   0.12423  -0.06244   0.00234  -0.10730   0.12284  -0.09312  -0.03786  -0.02072   0.08147 
 -0.08448  -0.03562  -0.06085   0.11035  -0.07042  -0.05522  -0.04729   0.11029  -0.02375  -0.10529  -0.19153   0.12014  -0.06411  -0.01653  -0.13189   0.14329  -0.10851  -0.03590  -0.01866   0.08723 
 -0.08477  -0.04646  -0.05675   0.11314  -0.04941  -0.04285  -0.07603   0.10030  -0.04297  -0.06633  -0.21340   0.12236  -0.06201   0.06440  -0.14926   0.10874  -0.08173  -0.01883  -0.02766   0.07125 
 -0.07323  -0.01564  -0.07209   0.09910  -0.06096  -0.04475  -0.04473   0.09831  -0.03581  -0.11950  -0.19772   0.13566  -0.07020   0.03440  -0.17447   0.14095  -0.07876  -0.02919  -0.01675   0.06924 
 -0.07337  -0.03586  -0.06448   0.10452  -0.06624  -0.01592  -0.06595   0.10063  -0.03305  -0.12740  -0.24330   0.14311  -0.08060  -0.01755  -0.06320   0.12499  -0.09598  -0.05090  -0.01593   0.08566 
 -0.08288  -0.04796  -0.05293   0.11109  -0.08787  -0.02672  -0.03418   0.10869  -0.04616  -0.11074  -0.19705   0.13982  -0.06582   0.01665  -0.10380   0.11694  -0.07926  -0.02112  -0.03349   0.07330 
 -0.08521  -0.02886  -0.05496   0.10603  -0.06221  -0.01717  -0.05698   0.09438  -0.04378  -0.10059  -0.18112   0.13176  -0.03237   0.00299  -0.12492   0.10552  -0.10963  -0.03842   0.00029   0.08073 
 -0.08041  -0.03465  -0.04890   0.10291  -0.06286  -0.03127  -0.01892   0.08427  -0.05323  -0.10193  -0.19601   0.14136  -0.04420  -0.03469  -0.08729   0.11569  -0.08128  -0.02008  -0.01587   0.06654 
 -0.07480  -0.03659  -0.04095   0.09689  -0.05477  -0.05923  -0.04483   0.09820  -0.05596  -0.09003  -0.22327   0.14276  -0.06909   0.04606  -0.08955   0.09722  -0.10645  -0.06826   0.00444   0.08815 
 -0.08430  -0.04717  -0.04066   0.10711  -0.07104  -0.07705  -0.05120   0.11912  -0.03758  -0.15943  -0.19417   0.15012  -0.04992  -0.04603  -0.08980   0.12646  -0.10975  -0.05642   0.01533   0.08076 
 -0.08547  -0.07425  -0.03310   0.11475  -0.05502  -0.05197  -0.03427   0.09165  -0.03586  -0.10932  -0.23343   0.13722  -0.04527  -0.01306  -0.07800   0.10199  -0.08795  -0.06109   0.01668   0.07119 
 -0.07362  -0.05678  -0.02518   0.09760  -0.06687  -0.04327  -0.03444   0.09838  -0.04685  -0.10951  -0.23436   0.14530  -0.05399  -0.00826  -0.09687   0.11626  -0.07593  -0.04040   0.00577   0.06217 
