IntronPotTab 1 1024 -24.19337 2.85983 13.34026 23302 6 16  312.02
   -0.03534
   -0.07224
    0.05101
    0.05128
   -0.03146
   -0.09260
   -0.12720
    0.11535
   -0.04151
   -0.06599
   -0.04460
    0.11376
   -0.06168
   -0.10336
    0.06501
    0.05248
   -0.07614
   -0.07657
    0.03310
    0.10959
   -0.01237
   -0.07471
   -0.15234
    0.11235
   -0.03516
   -0.09533
   -0.02587
    0.10236
   -0.02620
   -0.15445
    0.06710
    0.05557
   -0.01823
   -0.06762
   -0.06614
    0.10558
   -0.01830
   -0.12320
   -0.16830
    0.10073
    0.00245
   -0.08400
   -0.00952
    0.05370
   -0.01269
   -0.13917
   -0.01990
    0.07224
   -0.07490
   -0.04121
    0.04888
    0.05997
   -0.03584
   -0.11015
   -0.10996
    0.12192
   -0.05070
   -0.01679
   -0.05803
    0.09943
   -0.06473
   -0.08181
    0.05500
    0.04353
   -0.02498
   -0.10881
   -0.01009
    0.10646
    0.01127
   -0.12585
   -0.14211
    0.10495
   -0.04953
   -0.08079
   -0.08404
    0.13597
   -0.04107
   -0.12054
    0.03296
    0.07388
   -0.04008
   -0.09506
    0.00452
    0.09790
   -0.00517
   -0.03851
   -0.27131
    0.09787
   -0.01758
   -0.09070
   -0.10059
    0.14116
   -0.01134
   -0.15432
    0.04892
    0.06891
   -0.02667
   -0.15670
    0.00302
    0.13320
    0.04022
   -0.15167
   -0.19765
    0.12817
    0.03518
   -0.13291
   -0.06178
    0.08400
    0.00540
   -0.14997
   -0.02242
    0.10226
   -0.02330
   -0.11427
    0.02420
    0.07301
   -0.02747
   -0.11403
   -0.13023
    0.12630
   -0.01874
   -0.08719
   -0.07800
    0.11787
   -0.01756
   -0.11480
    0.01645
    0.06162
   -0.00500
   -0.03993
   -0.09365
    0.11061
   -0.00144
   -0.08363
   -0.23834
    0.12173
   -0.07183
   -0.04931
   -0.04197
    0.17283
    0.00126
   -0.11830
   -0.03814
    0.08341
   -0.07059
   -0.04100
   -0.05919
    0.13026
    0.01558
   -0.10119
   -0.26787
    0.12047
   -0.02547
   -0.06620
   -0.07662
    0.12538
   -0.04787
   -0.13191
    0.02125
    0.08533
    0.01073
   -0.04521
   -0.12310
    0.11025
   -0.00220
   -0.10891
   -0.17821
    0.11402
   -0.01817
   -0.11990
   -0.02861
    0.08592
   -0.10857
   -0.09031
   -0.02741
    0.11628
   -0.03095
   -0.07321
   -0.00699
    0.07868
    0.00433
   -0.08240
   -0.18079
    0.09573
   -0.03525
   -0.04191
   -0.07291
    0.10529
   -0.02102
   -0.08430
   -0.02872
    0.06467
   -0.05838
   -0.03600
   -0.00140
    0.07751
   -0.03883
   -0.09936
   -0.13789
    0.13284
   -0.03604
   -0.07630
   -0.03371
    0.09507
   -0.07184
   -0.04739
    0.06080
    0.05945
   -0.08064
   -0.05789
    0.03482
    0.08796
   -0.04687
   -0.04594
   -0.12320
    0.11340
   -0.06694
   -0.02645
   -0.02195
    0.12087
   -0.02776
   -0.14533
    0.08524
    0.04462
   -0.01993
   -0.06731
   -0.05005
    0.07942
   -0.04151
   -0.10074
   -0.10189
    0.11526
   -0.02919
   -0.10019
   -0.02288
    0.08965
   -0.04926
   -0.11320
    0.02545
    0.06776
   -0.08195
   -0.04641
    0.04561
    0.06264
   -0.02922
   -0.10279
   -0.11842
    0.10531
   -0.03811
   -0.04586
   -0.02755
    0.07851
   -0.02625
   -0.05261
    0.03557
    0.01858
   -0.05064
   -0.06904
   -0.00984
    0.10122
   -0.07000
   -0.07120
   -0.22495
    0.15105
   -0.06510
   -0.10186
   -0.10256
    0.16201
   -0.04635
   -0.09601
   -0.02354
    0.09324
   -0.10108
    0.02993
   -0.01908
    0.08842
   -0.04715
    0.00084
   -0.18604
    0.12762
   -0.05027
   -0.01414
   -0.03921
    0.07016
   -0.04283
   -0.12157
    0.04548
    0.06514
   -0.01008
   -0.07396
   -0.06055
    0.08687
   -0.04220
   -0.08895
   -0.17568
    0.11581
    0.01867
   -0.04393
    0.03167
   -0.01524
   -0.03954
   -0.09098
   -0.03232
    0.08120
   -0.06687
   -0.06551
    0.01953
    0.06729
   -0.05688
   -0.07914
   -0.18284
    0.13804
   -0.04825
   -0.04413
   -0.08246
    0.11106
   -0.03753
   -0.09011
   -0.00826
    0.06477
   -0.03159
   -0.06840
   -0.03275
    0.11376
   -0.00749
   -0.11198
   -0.21225
    0.15395
   -0.04751
   -0.10498
   -0.06570
    0.14980
   -0.02634
   -0.09993
   -0.00777
    0.08272
   -0.05205
   -0.05435
   -0.00441
    0.09962
   -0.06575
    0.06721
   -0.26053
    0.09500
   -0.04627
   -0.09335
   -0.04490
    0.14979
   -0.09743
   -0.10136
    0.05741
    0.10076
    0.00677
   -0.17594
   -0.01303
    0.12590
    0.11776
   -0.21989
   -0.15648
    0.15447
   -0.01033
   -0.09201
   -0.01066
    0.09246
    0.04075
   -0.19500
    0.01699
    0.09384
   -0.03567
   -0.05042
   -0.02384
    0.08569
    0.00052
   -0.12020
   -0.19834
    0.12944
   -0.03286
   -0.11476
   -0.04345
    0.14349
   -0.03174
   -0.13959
   -0.04987
    0.12959
   -0.02055
   -0.05674
   -0.11256
    0.13535
    0.03101
   -0.09843
   -0.32904
    0.21943
   -0.06515
   -0.14253
   -0.09366
    0.18340
   -0.01855
   -0.14621
   -0.09287
    0.16174
   -0.04743
   -0.03350
   -0.10938
    0.12528
   -0.03641
    0.07324
   -0.14339
    0.11234
   -0.01950
   -0.00645
   -0.15698
    0.12643
    0.00859
   -0.14636
   -0.00738
    0.08717
    0.01218
   -0.02757
   -0.13779
    0.11408
    0.05649
   -0.11521
   -0.13291
    0.12489
   -0.04234
   -0.12699
    0.07385
    0.04095
    0.00893
   -0.13645
   -0.07529
    0.11475
   -0.01338
   -0.11943
   -0.01034
    0.09822
    0.00996
   -0.01696
   -0.28440
    0.16734
   -0.05713
   -0.04458
   -0.12789
    0.14382
   -0.00931
   -0.09396
   -0.08317
    0.09163
   -0.05374
   -0.06772
   -0.03471
    0.10608
   -0.02962
   -0.07806
   -0.16329
    0.10081
   -0.02600
   -0.11136
   -0.04942
    0.12538
   -0.04704
   -0.06817
    0.00262
    0.07078
   -0.06690
   -0.06134
   -0.00087
    0.09341
   -0.02396
   -0.00219
   -0.20210
    0.08250
   -0.02138
   -0.06800
   -0.07873
    0.10877
   -0.05386
   -0.02738
    0.05895
    0.02470
   -0.02649
   -0.07485
   -0.06416
    0.09035
   -0.02918
   -0.10381
   -0.15740
    0.10391
   -0.02958
   -0.08748
   -0.02966
    0.08470
   -0.01647
   -0.13311
   -0.02531
    0.07678
   -0.05231
   -0.03530
    0.00345
    0.06101
   -0.01596
   -0.07827
   -0.15661
    0.08360
   -0.04042
   -0.03389
   -0.08356
    0.10522
   -0.01971
   -0.07233
   -0.01960
    0.06133
   -0.05009
   -0.06003
   -0.03218
    0.10924
   -0.04953
   -0.12016
   -0.20601
    0.14822
   -0.08654
   -0.05947
   -0.08541
    0.19104
   -0.04243
   -0.10073
   -0.00986
    0.08210
   -0.06944
   -0.06616
   -0.02153
    0.10580
    0.01644
   -0.12111
   -0.20733
    0.12091
   -0.10456
   -0.02522
   -0.04901
    0.17052
   -0.01605
   -0.15699
    0.07348
    0.04308
    0.02003
   -0.04608
   -0.13946
    0.12707
   -0.02358
   -0.15809
   -0.19483
    0.12326
   -0.03657
   -0.06951
    0.01920
    0.07527
   -0.02661
   -0.12566
   -0.01372
    0.07024
   -0.04750
   -0.04878
    0.00581
    0.05457
   -0.02061
   -0.09445
   -0.18512
    0.13872
   -0.06180
   -0.00187
   -0.05032
    0.11020
   -0.03483
   -0.08380
    0.02023
    0.04573
   -0.03477
   -0.08790
   -0.04503
    0.12413
   -0.00112
   -0.12043
   -0.24791
    0.15107
   -0.03033
   -0.12598
   -0.11445
    0.18642
   -0.02080
   -0.11164
   -0.02112
    0.09431
   -0.02709
   -0.10541
    0.01838
    0.08152
   -0.03287
   -0.00545
   -0.23463
    0.09803
   -0.02501
   -0.16292
   -0.03900
    0.18728
    0.00704
   -0.14230
    0.06984
    0.04792
    0.04046
   -0.23708
   -0.05824
    0.15388
    0.05995
   -0.15386
   -0.12473
    0.11968
    0.07055
   -0.24639
   -0.06812
    0.14962
    0.06011
   -0.19883
   -0.03409
    0.10060
   -0.00342
   -0.08590
   -0.04578
    0.09537
    0.02153
   -0.13628
   -0.22704
    0.11838
    0.01977
   -0.15084
   -0.08240
    0.16145
    0.04228
   -0.14230
   -0.03197
    0.08629
   -0.00861
   -0.04297
   -0.08917
    0.10882
    0.01097
   -0.09473
   -0.23331
    0.12603
   -0.03205
   -0.06471
   -0.11138
    0.17898
    0.00064
   -0.12562
   -0.02951
    0.07857
   -0.06095
   -0.06451
   -0.08090
    0.13274
    0.02727
   -0.08206
   -0.29564
    0.14166
   -0.02691
    0.03506
   -0.13247
    0.15994
   -0.06175
   -0.12199
   -0.00520
    0.09944
    0.02097
   -0.10069
   -0.10386
    0.10321
    0.03202
   -0.13227
   -0.19391
    0.09920
   -0.03746
   -0.11176
    0.02562
    0.06954
   -0.04731
   -0.16978
   -0.05187
    0.10433
   -0.07396
   -0.07080
    0.04190
    0.07630
    0.00962
   -0.08017
   -0.27262
    0.12439
   -0.04318
   -0.02961
   -0.08046
    0.12971
   -0.01403
   -0.09934
   -0.04940
    0.07168
   -0.03104
   -0.04575
   -0.09553
    0.10232
   -0.01206
   -0.10136
   -0.25160
    0.13281
   -0.02982
   -0.07500
   -0.04857
    0.09333
   -0.03411
   -0.05987
    0.00846
    0.05138
   -0.05392
   -0.08181
    0.00721
    0.08397
   -0.03758
   -0.08640
   -0.15807
    0.12826
    0.01776
   -0.09243
   -0.11389
    0.11049
   -0.02587
   -0.14378
    0.05850
    0.05737
    0.00488
   -0.11004
   -0.11465
    0.10619
   -0.01810
   -0.12640
   -0.18454
    0.11690
   -0.01818
   -0.13373
   -0.02258
    0.09440
   -0.03150
   -0.12506
    0.00188
    0.06592
   -0.03929
   -0.05410
   -0.01134
    0.06682
   -0.02251
   -0.09027
   -0.20795
    0.10771
   -0.02032
   -0.04128
   -0.05554
    0.07583
   -0.02317
   -0.05235
    0.00076
    0.03856
   -0.06337
   -0.03824
    0.03105
    0.07152
   -0.04086
   -0.10124
   -0.16299
    0.12513
   -0.03988
   -0.02124
   -0.07937
    0.10420
   -0.06205
   -0.05481
    0.04213
    0.04159
   -0.07967
   -0.06073
    0.01492
    0.09076
   -0.01801
   -0.04649
   -0.13887
    0.08152
   -0.02462
   -0.05266
   -0.00404
    0.04211
   -0.07079
   -0.11359
    0.05992
    0.06192
   -0.00999
   -0.08995
   -0.06502
    0.09656
   -0.00587
   -0.15562
   -0.12038
    0.08501
    0.02986
   -0.07431
   -0.06542
    0.06111
   -0.06426
   -0.10014
    0.00030
    0.07703
   -0.03145
   -0.02100
    0.03586
    0.01116
   -0.04720
   -0.08078
   -0.15601
    0.11444
   -0.04826
   -0.01156
   -0.04590
    0.07309
   -0.04418
   -0.04716
    0.04084
    0.02163
   -0.03800
   -0.08941
   -0.03815
    0.11689
   -0.03543
   -0.13199
   -0.17403
    0.15032
   -0.05394
   -0.09358
   -0.13268
    0.15678
   -0.01996
   -0.14948
    0.01768
    0.09306
   -0.06019
   -0.08534
   -0.00318
    0.10647
   -0.03904
   -0.03478
   -0.26615
    0.11707
   -0.01220
   -0.04267
   -0.14309
    0.17411
   -0.01849
   -0.18832
    0.08172
    0.08815
    0.00525
   -0.17539
   -0.04296
    0.09474
    0.04692
   -0.22993
   -0.17773
    0.16382
    0.03421
   -0.21823
   -0.08985
    0.15042
    0.03898
   -0.27089
    0.02994
    0.13536
   -0.02917
   -0.08420
   -0.01466
    0.07939
   -0.03452
   -0.16792
   -0.16370
    0.10861
   -0.02020
   -0.11692
   -0.06880
    0.12563
    0.02249
   -0.16031
   -0.00058
    0.08445
   -0.02672
   -0.03669
   -0.09823
    0.12246
   -0.00666
   -0.10596
   -0.25304
    0.14164
   -0.03949
   -0.04013
   -0.08101
    0.12093
   -0.01334
   -0.12560
   -0.04662
    0.10460
   -0.04658
   -0.03018
   -0.13551
    0.11970
    0.00370
   -0.08379
   -0.23502
    0.10524
   -0.00532
   -0.08521
   -0.06930
    0.10382
   -0.02396
   -0.13261
   -0.00998
    0.08017
    0.00828
   -0.09689
   -0.10965
    0.11218
    0.00307
   -0.09817
   -0.30546
    0.12694
   -0.03404
   -0.16730
   -0.03514
    0.11548
   -0.03496
   -0.09679
   -0.07630
    0.10429
   -0.05678
   -0.05611
    0.00494
    0.06855
   -0.01704
   -0.08514
   -0.20982
    0.11768
   -0.04085
   -0.02670
   -0.05377
    0.07608
   -0.00890
   -0.06533
   -0.05405
    0.06409
   -0.05065
   -0.03268
   -0.00745
    0.06680
   -0.05199
   -0.11538
   -0.11466
    0.12883
   -0.03465
   -0.08989
   -0.05754
    0.11195
   -0.04295
   -0.05165
    0.03058
    0.03235
   -0.06425
   -0.06134
    0.00756
    0.07954
   -0.03991
   -0.03439
   -0.13955
    0.08837
   -0.02686
   -0.03507
   -0.04423
    0.06828
   -0.02895
   -0.11976
    0.08788
    0.02517
   -0.02004
   -0.10141
   -0.04585
    0.08179
   -0.03454
   -0.11120
   -0.08551
    0.09180
   -0.03436
   -0.10784
   -0.03234
    0.09218
   -0.04838
   -0.12199
    0.01253
    0.06140
   -0.05393
   -0.03934
    0.00104
    0.05884
   -0.03957
   -0.07533
   -0.08127
    0.08347
   -0.02452
   -0.05165
   -0.04977
    0.07940
   -0.03493
   -0.04909
    0.03508
    0.02153
