IntronPotTab 1 1024 -31.25932 2.73406 29.72619 40146 6 16  571.00
   -0.03764
    0.00652
    0.05206
    0.03432
   -0.02886
   -0.03131
   -0.01429
    0.05992
   -0.03324
    0.00911
   -0.00648
    0.04770
   -0.05990
   -0.01246
    0.08778
    0.01760
   -0.03954
   -0.02413
    0.05292
    0.03838
   -0.00234
   -0.04494
   -0.06631
    0.05115
   -0.02457
   -0.01298
   -0.03221
    0.06090
   -0.04845
   -0.06453
    0.09652
    0.01851
   -0.01034
   -0.02429
   -0.01094
    0.03479
   -0.00935
   -0.05261
   -0.04488
    0.04435
   -0.00680
   -0.00534
    0.01047
    0.00478
   -0.03268
   -0.05166
    0.02456
    0.02691
   -0.03628
    0.01540
    0.06876
    0.01140
   -0.03374
   -0.02402
   -0.03577
    0.06058
   -0.04795
    0.03953
   -0.00385
    0.03651
   -0.06735
    0.00710
    0.05762
    0.02044
   -0.03018
   -0.02475
    0.02731
    0.03708
    0.00342
   -0.03683
   -0.03503
    0.03326
   -0.01874
   -0.01863
   -0.02819
    0.05254
   -0.04880
   -0.03992
    0.03930
    0.02665
   -0.04285
   -0.02732
    0.02667
    0.04918
   -0.01402
    0.00053
   -0.09269
    0.04873
   -0.04468
    0.02167
   -0.03182
    0.07726
   -0.06029
   -0.05137
    0.05808
    0.03112
   -0.00945
   -0.04925
    0.01093
    0.03005
    0.00255
   -0.05037
   -0.08253
    0.06754
   -0.01512
   -0.03869
    0.02527
    0.01715
   -0.03127
   -0.06646
    0.00825
    0.04808
   -0.03491
   -0.00823
    0.02409
    0.02681
   -0.02406
   -0.02514
   -0.06512
    0.05995
   -0.02097
   -0.00402
   -0.01907
    0.03743
   -0.05170
   -0.01467
    0.02710
    0.01617
   -0.01821
    0.00713
   -0.02329
    0.04651
   -0.00969
   -0.04090
   -0.06180
    0.05546
   -0.03149
    0.01130
   -0.01228
    0.06008
   -0.03914
   -0.02684
    0.02242
    0.02532
   -0.04192
   -0.01949
   -0.00568
    0.05924
    0.00117
   -0.05547
   -0.10684
    0.05532
   -0.02263
   -0.02392
   -0.04255
    0.06964
   -0.02578
   -0.05706
    0.03936
    0.02217
    0.00202
   -0.01678
   -0.05000
    0.04228
   -0.00165
   -0.03827
   -0.07066
    0.03880
   -0.01521
   -0.00722
   -0.01015
    0.02879
   -0.06409
   -0.03052
    0.02246
    0.03497
   -0.02909
   -0.00740
    0.03250
    0.01533
   -0.01154
   -0.03263
   -0.09209
    0.05687
   -0.01934
    0.01843
   -0.01311
    0.02060
   -0.03874
   -0.01064
    0.01236
    0.01883
   -0.03840
    0.02805
    0.03273
    0.02515
   -0.02317
   -0.02974
   -0.02940
    0.05250
   -0.02990
    0.01613
   -0.00985
    0.03053
   -0.05566
    0.02128
    0.09170
    0.00409
   -0.05089
    0.00354
    0.03878
    0.03861
   -0.02326
   -0.01673
   -0.05654
    0.04723
   -0.02305
   -0.00310
   -0.02790
    0.05037
   -0.05172
   -0.05715
    0.10580
    0.01049
   -0.01538
   -0.02537
   -0.01908
    0.03600
   -0.03413
   -0.03949
   -0.06532
    0.06842
   -0.01767
   -0.01841
   -0.00589
    0.03309
   -0.03530
   -0.03890
    0.04134
    0.01374
   -0.05419
    0.03096
    0.06201
    0.01969
   -0.03924
   -0.01465
   -0.07168
    0.05991
   -0.04499
    0.03386
   -0.00454
    0.03466
   -0.04108
    0.02439
    0.07021
   -0.01588
   -0.02801
   -0.01758
    0.00400
    0.04272
   -0.03213
   -0.03134
   -0.05602
    0.07143
   -0.03744
    0.00229
   -0.01598
    0.04936
   -0.04687
   -0.02350
    0.03433
    0.02504
   -0.04698
    0.00682
    0.00762
    0.04503
   -0.01428
   -0.00248
   -0.07469
    0.04474
   -0.01906
    0.01267
   -0.01148
    0.01749
   -0.06430
   -0.04553
    0.05467
    0.03274
    0.00127
   -0.04448
   -0.03347
    0.04233
   -0.01570
   -0.03799
   -0.08222
    0.05732
    0.00720
    0.01333
    0.02018
   -0.02873
   -0.03087
   -0.05011
   -0.00679
    0.04573
   -0.03703
   -0.00994
    0.02242
    0.03083
   -0.03662
   -0.01690
   -0.07692
    0.07219
   -0.05202
    0.03927
   -0.02011
    0.03642
   -0.06842
   -0.02259
    0.00795
    0.04466
   -0.01922
   -0.02586
    0.00432
    0.04186
   -0.01964
   -0.03602
   -0.05914
    0.07202
   -0.03046
   -0.03270
   -0.02595
    0.07375
   -0.04683
   -0.03892
    0.02611
    0.03603
   -0.03569
   -0.01940
    0.00364
    0.04957
   -0.06897
    0.09977
   -0.14130
    0.01110
   -0.04820
    0.04428
   -0.04393
    0.06066
   -0.08263
   -0.03996
    0.06173
    0.03825
    0.00200
   -0.07809
    0.02154
    0.02988
    0.01144
   -0.05870
   -0.06363
    0.06424
    0.00997
   -0.02589
   -0.00134
    0.00749
   -0.02780
   -0.10026
    0.05872
    0.02844
   -0.03667
   -0.01617
    0.00677
    0.04883
   -0.02059
   -0.03928
   -0.04424
    0.05384
   -0.05310
   -0.00945
   -0.02298
    0.07444
   -0.06005
   -0.06495
    0.01223
    0.05432
   -0.01838
   -0.01486
   -0.00392
    0.03654
   -0.00008
   -0.04445
   -0.10864
    0.08558
   -0.02459
   -0.02120
   -0.00082
    0.03509
   -0.03832
   -0.03823
    0.00659
    0.04519
   -0.03689
    0.00302
   -0.02621
    0.05171
   -0.01969
    0.00143
   -0.11976
    0.07630
   -0.00867
    0.00133
   -0.02647
    0.02273
   -0.02732
   -0.03078
   -0.01203
    0.04349
    0.01896
   -0.04736
   -0.03165
    0.02519
    0.02491
   -0.03649
   -0.11038
    0.04667
    0.02764
   -0.01426
    0.02817
   -0.02537
   -0.02197
   -0.04612
    0.01355
    0.02315
   -0.02939
   -0.00394
    0.00978
    0.02609
   -0.00989
   -0.00576
   -0.15076
    0.08302
   -0.04753
    0.02332
   -0.02619
    0.04646
   -0.04326
   -0.01451
   -0.01697
    0.04024
   -0.03508
    0.00053
   -0.01059
    0.04567
   -0.03326
   -0.02448
   -0.06643
    0.06372
   -0.02713
   -0.00582
   -0.01210
    0.03961
   -0.05600
   -0.01393
    0.04244
    0.02546
   -0.03908
    0.00199
    0.00006
    0.04218
   -0.03077
    0.02730
   -0.08347
    0.03038
   -0.04257
    0.00943
   -0.03530
    0.05959
   -0.05603
   -0.02499
    0.06669
    0.01814
   -0.01333
   -0.03772
   -0.03262
    0.04694
   -0.02738
   -0.04723
   -0.09401
    0.06706
   -0.00910
   -0.03028
   -0.00277
    0.02691
   -0.03594
   -0.05908
    0.00090
    0.04674
   -0.02938
   -0.00909
    0.01133
    0.02958
   -0.03189
   -0.01900
   -0.10355
    0.05514
   -0.04413
    0.01782
   -0.03716
    0.05637
   -0.04784
   -0.01331
    0.02421
    0.01828
   -0.04046
    0.00811
    0.00187
    0.05334
   -0.02374
   -0.05633
   -0.06276
    0.07321
   -0.05694
    0.01599
   -0.02966
    0.09622
   -0.05332
   -0.03442
    0.03886
    0.02855
   -0.04081
   -0.02702
    0.01560
    0.05002
   -0.00053
   -0.06202
   -0.09276
    0.06878
   -0.01595
   -0.00981
   -0.03494
    0.05513
   -0.03821
   -0.08522
    0.08797
    0.01535
    0.00001
   -0.01798
   -0.03697
    0.04187
   -0.00682
   -0.04894
   -0.07889
    0.04507
   -0.01846
   -0.00858
   -0.00272
    0.03290
   -0.00941
   -0.06175
    0.02369
    0.01597
   -0.04573
    0.01761
    0.02242
    0.02883
   -0.01792
   -0.04858
   -0.08602
    0.07362
   -0.05588
    0.03650
   -0.01099
    0.05550
   -0.04011
   -0.02266
    0.02222
    0.01860
   -0.02036
   -0.03564
   -0.01486
    0.05717
   -0.00519
   -0.04360
   -0.06783
    0.06147
   -0.01638
   -0.06360
   -0.04075
    0.10439
   -0.04298
   -0.04750
    0.02437
    0.03658
   -0.03214
   -0.05295
    0.00530
    0.05845
   -0.04494
   -0.00248
   -0.07816
    0.07300
   -0.03924
   -0.03037
   -0.03104
    0.09490
   -0.05778
   -0.08439
    0.07332
    0.03662
    0.00104
   -0.10330
    0.00362
    0.05288
    0.01388
   -0.09643
   -0.06005
    0.08123
   -0.00967
   -0.08254
    0.01049
    0.05548
    0.00014
   -0.11120
    0.01152
    0.04316
   -0.02620
   -0.03227
   -0.01618
    0.05718
   -0.00858
   -0.05102
   -0.08166
    0.06283
   -0.02110
   -0.05230
   -0.05760
    0.10823
   -0.01002
   -0.04576
    0.00825
    0.02516
   -0.01078
   -0.00386
   -0.02796
    0.04188
    0.01196
   -0.05542
   -0.08992
    0.04625
   -0.02356
    0.00177
   -0.03602
    0.07120
   -0.01640
   -0.06042
    0.00741
    0.03329
   -0.04402
   -0.01419
   -0.03113
    0.06817
   -0.00531
   -0.03699
   -0.12438
    0.06376
   -0.01208
   -0.00349
   -0.03775
    0.04987
   -0.03339
   -0.05638
    0.01935
    0.03506
    0.00149
   -0.04166
   -0.03139
    0.03969
    0.02288
   -0.04781
   -0.10738
    0.02660
   -0.01568
   -0.03117
    0.01781
    0.01839
   -0.02884
   -0.10174
    0.01756
    0.04185
   -0.04074
   -0.00086
    0.03178
    0.02357
   -0.01724
   -0.01351
   -0.12450
    0.06726
   -0.03478
    0.03693
   -0.03664
    0.04827
   -0.04087
   -0.02177
   -0.00575
    0.03177
   -0.02866
    0.01816
   -0.04677
    0.04635
   -0.02053
   -0.03229
   -0.11080
    0.06679
   -0.01904
   -0.01760
   -0.03521
    0.05285
   -0.05000
    0.00326
    0.02633
    0.01787
   -0.04033
   -0.01966
    0.01160
    0.04631
   -0.03384
   -0.01205
   -0.09851
    0.06480
   -0.00838
   -0.01778
   -0.06653
    0.06421
   -0.03849
   -0.06385
    0.05419
    0.02702
   -0.00609
   -0.04521
   -0.04905
    0.04926
   -0.02180
   -0.04703
   -0.11622
    0.06667
   -0.00824
   -0.03002
   -0.00939
    0.03015
   -0.02352
   -0.03246
    0.00507
    0.02035
   -0.04282
    0.02282
    0.01083
    0.02822
   -0.03416
   -0.01567
   -0.13232
    0.06760
   -0.03344
    0.02549
   -0.02197
    0.03347
   -0.03045
    0.02247
    0.02482
   -0.00694
   -0.04638
    0.02914
    0.04470
    0.03726
   -0.02993
   -0.03478
   -0.00863
    0.05568
   -0.02721
    0.03645
   -0.02775
    0.03069
   -0.07242
    0.02231
    0.07549
    0.00900
   -0.04841
   -0.01287
    0.03192
    0.04315
   -0.01509
   -0.01761
   -0.08090
    0.04590
   -0.02447
   -0.00195
   -0.01740
    0.03636
   -0.07190
   -0.04437
    0.09107
    0.01570
   -0.01296
   -0.02984
   -0.01858
    0.03905
   -0.01478
   -0.07071
   -0.06417
    0.05799
    0.01598
   -0.00318
   -0.01345
   -0.00676
   -0.04691
   -0.03622
    0.01047
    0.03299
   -0.03509
    0.04472
    0.06743
   -0.00641
   -0.03305
   -0.00555
   -0.06346
    0.05161
   -0.04742
    0.05119
   -0.01444
    0.02737
   -0.06126
    0.03468
    0.07403
   -0.00313
   -0.02589
   -0.02370
    0.00777
    0.03851
   -0.01894
   -0.04531
   -0.06710
    0.06837
   -0.01467
   -0.02727
   -0.06742
    0.07793
   -0.04142
   -0.05954
    0.03726
    0.03625
   -0.04277
   -0.03207
    0.00522
    0.05404
   -0.02843
   -0.00311
   -0.08470
    0.04213
   -0.00718
   -0.00397
   -0.05256
    0.04516
   -0.04463
   -0.08335
    0.07380
    0.03302
    0.00888
   -0.07766
   -0.00372
    0.03122
    0.00670
   -0.05778
   -0.11140
    0.05909
    0.02638
   -0.04022
   -0.01706
    0.00942
   -0.01029
   -0.09500
    0.02563
    0.03623
   -0.04336
   -0.00393
    0.00601
    0.04172
   -0.01998
   -0.05302
   -0.07943
    0.05172
   -0.02841
   -0.03680
   -0.04021
    0.07346
   -0.02198
   -0.05642
    0.02504
    0.02670
   -0.03541
    0.01157
   -0.01294
    0.05082
   -0.00764
   -0.04721
   -0.10301
    0.06462
   -0.02411
    0.00913
   -0.02025
    0.04012
   -0.03762
   -0.03952
    0.00565
    0.03744
   -0.03547
   -0.00634
   -0.06082
    0.06623
   -0.00845
   -0.03817
   -0.13511
    0.05771
   -0.03140
   -0.00820
   -0.03064
    0.05179
   -0.03837
   -0.05440
    0.01699
    0.03576
    0.00396
   -0.04568
   -0.04481
    0.04284
    0.00653
   -0.05351
   -0.13901
    0.05328
    0.00230
   -0.05359
    0.00140
    0.02388
   -0.03003
   -0.05897
   -0.01306
    0.04606
   -0.04391
    0.01607
    0.02905
    0.02025
   -0.02545
   -0.01072
   -0.12118
    0.06223
   -0.02793
    0.03967
   -0.02359
    0.01746
   -0.03172
   -0.00148
   -0.00470
    0.01803
   -0.04997
    0.02571
    0.05098
    0.02621
   -0.03623
   -0.03591
   -0.06145
    0.06939
   -0.03669
    0.01248
   -0.02576
    0.04716
   -0.06214
    0.00851
    0.08632
   -0.00279
   -0.05778
   -0.00628
    0.03080
    0.04960
   -0.03933
   -0.00281
   -0.08307
    0.05060
   -0.02438
   -0.00245
   -0.05498
    0.06300
   -0.05831
   -0.04998
    0.10753
    0.00673
   -0.01881
   -0.03059
   -0.00583
    0.03367
   -0.02697
   -0.04558
   -0.09546
    0.06058
   -0.01630
   -0.01653
   -0.02215
    0.03573
   -0.04270
   -0.03750
    0.03902
    0.01570
   -0.05968
    0.04675
    0.06422
    0.01498
   -0.05833
    0.01097
   -0.07032
    0.05085
   -0.05281
    0.02967
   -0.00468
    0.03928
   -0.05929
    0.05439
    0.09968
   -0.02253
