IntronPotTab 1 1024 1.27920
    0.09976
   -0.01127
   -0.12572
   -0.04359
    0.08002
   -0.03601
   -0.08608
   -0.01707
    0.05105
    0.07018
   -0.10070
   -0.07153
   -0.04951
    0.00565
    0.02332
    0.02099
   -0.00769
    0.08561
   -0.14088
    0.03257
    0.00462
    0.09293
   -0.06551
   -0.07227
   -0.02503
    0.03235
   -0.05610
    0.04126
   -0.04479
    0.00120
    0.03657
    0.00688
   -0.01370
    0.04819
    0.01497
   -0.04582
    0.06113
   -0.02209
   -0.10520
    0.01925
   -0.00129
    0.01069
    0.03232
   -0.04566
   -0.07564
    0.05364
    0.01837
    0.00471
   -0.09765
    0.08935
   -0.08620
    0.06013
    0.06132
    0.03691
   -0.09598
   -0.03142
    0.00523
    0.07773
   -0.06461
   -0.03480
   -0.16388
    0.03964
    0.04257
    0.02541
    0.03277
    0.02892
   -0.08924
    0.02960
    0.11140
   -0.09534
   -0.04235
   -0.03604
    0.00690
    0.02740
   -0.09878
    0.03956
   -0.00254
   -0.08938
    0.05591
    0.01036
   -0.02921
    0.07031
   -0.16747
    0.08805
   -0.07046
    0.10205
   -0.05510
    0.00242
   -0.01111
    0.06708
   -0.20271
    0.05003
   -0.05548
    0.00841
    0.04620
   -0.01496
   -0.00335
    0.01962
   -0.03244
    0.01648
    0.04657
   -0.04065
    0.02008
   -0.02258
    0.03896
   -0.01261
   -0.01917
   -0.00688
    0.00934
    0.00805
   -0.00089
   -0.01843
    0.06012
    0.01014
   -0.17827
    0.06544
    0.00678
    0.04282
   -0.05426
    0.00457
    0.11506
    0.02002
   -0.19444
    0.03298
   -0.16593
   -0.03476
    0.08103
    0.02188
    0.08727
    0.01303
   -0.11700
    0.02792
    0.06807
   -0.02032
   -0.10271
    0.03322
    0.08741
   -0.01555
   -0.09813
   -0.01694
   -0.01359
   -0.07170
    0.02637
    0.03423
   -0.00838
    0.07164
   -0.13921
    0.08475
    0.00230
    0.06787
   -0.08700
   -0.00126
   -0.04457
    0.07238
    0.00567
   -0.05978
    0.04143
   -0.03496
    0.04566
   -0.05255
    0.05864
    0.04022
   -0.08441
   -0.02076
    0.04967
   -0.03657
   -0.04099
    0.01541
    0.02269
   -0.04430
    0.05428
   -0.02787
   -0.06951
   -0.00864
   -0.01373
    0.07978
    0.00974
    0.04622
   -0.11192
    0.05516
    0.06071
    0.03901
   -0.09292
   -0.00907
   -0.00558
    0.03348
   -0.06879
    0.04012
   -0.09256
   -0.03386
    0.00588
    0.06762
    0.00294
    0.11891
   -0.10202
   -0.02128
    0.11637
   -0.04363
   -0.10492
   -0.02699
    0.01548
    0.05429
   -0.05176
   -0.04327
   -0.06849
    0.01260
    0.08167
   -0.01517
   -0.06500
    0.09253
   -0.10699
    0.06136
   -0.03457
    0.10093
   -0.05207
   -0.01567
   -0.04014
    0.05924
   -0.08318
    0.03351
    0.00132
    0.01664
    0.03638
   -0.04542
    0.02134
    0.00190
   -0.03349
    0.00584
    0.06050
   -0.05780
   -0.04438
    0.01399
    0.01384
    0.03883
   -0.05561
   -0.02286
   -0.00787
   -0.05599
    0.01958
    0.03990
   -0.12913
    0.11475
   -0.07527
    0.02786
    0.05328
    0.04780
   -0.09661
   -0.02601
   -0.01473
    0.07861
   -0.09552
    0.00401
   -0.10568
    0.01575
   -0.00273
    0.04542
    0.02384
    0.04953
   -0.09028
    0.02695
    0.02398
    0.04965
   -0.14086
    0.02444
    0.01665
   -0.00626
   -0.10178
    0.08872
   -0.04770
   -0.02642
   -0.04395
    0.12700
   -0.03541
    0.07124
   -0.14405
    0.06398
   -0.02462
    0.10872
   -0.12298
    0.00335
   -0.02617
    0.05345
   -0.09550
    0.04089
   -0.03464
    0.02835
   -0.00530
    0.00239
    0.01894
    0.03508
   -0.04578
   -0.01267
    0.00578
    0.04095
   -0.06982
    0.00381
    0.01166
    0.02523
   -0.03350
   -0.01909
   -0.00745
    0.04324
   -0.05043
    0.00928
   -0.02829
    0.02719
   -0.14052
    0.08079
    0.00594
    0.06728
   -0.14009
    0.02702
   -0.01973
    0.06396
   -0.12842
    0.06374
   -0.03603
    0.02546
   -0.04492
    0.04646
    0.03254
    0.01363
   -0.10149
    0.06297
   -0.01002
    0.00437
   -0.06545
    0.05549
   -0.00369
    0.05324
   -0.09814
    0.01273
    0.00034
    0.00688
   -0.01111
    0.00606
    0.00620
    0.07257
   -0.12521
    0.02237
   -0.13433
    0.13591
   -0.17408
    0.05251
   -0.09931
    0.11785
   -0.11581
   -0.02334
   -0.06682
    0.00614
   -0.04536
    0.05965
   -0.00885
    0.02810
   -0.02612
    0.00721
    0.01392
    0.01698
   -0.10310
    0.03411
   -0.05895
    0.08650
   -0.15508
    0.04100
   -0.05271
    0.02321
    0.00304
    0.00263
   -0.05598
    0.02945
   -0.05191
    0.05081
   -0.04414
    0.09345
   -0.11203
    0.02998
   -0.03797
    0.07125
   -0.16166
    0.08027
   -0.08400
   -0.03373
   -0.03718
    0.09737
    0.03595
    0.05686
   -0.15956
    0.09038
    0.04231
    0.00649
   -0.12099
    0.06036
    0.00775
    0.07886
   -0.10998
    0.01863
    0.03019
   -0.05805
   -0.06199
    0.09656
   -0.02197
    0.09139
   -0.17533
    0.07998
   -0.04948
    0.11542
   -0.12642
    0.03556
   -0.03968
    0.10502
   -0.16351
    0.01717
    0.02301
   -0.00941
   -0.02417
    0.02004
    0.03119
    0.01284
   -0.05746
    0.01119
   -0.02420
    0.05670
   -0.12510
    0.08818
    0.05590
    0.05088
   -0.07713
   -0.05829
   -0.06150
   -0.02537
    0.02329
    0.04909
   -0.03860
    0.04181
   -0.10156
    0.06950
   -0.01437
    0.02386
   -0.06819
    0.05590
   -0.06950
    0.04980
   -0.12084
    0.10355
   -0.02345
    0.00678
   -0.06420
    0.07792
   -0.13635
    0.24324
   -0.24293
    0.00621
    0.07563
    0.01276
   -0.10136
   -0.02565
    0.00857
    0.01452
   -0.06454
    0.02196
   -0.11578
    0.01119
    0.05671
    0.04198
   -0.02109
    0.08598
   -0.12918
    0.04110
   -0.02626
    0.14808
   -0.14556
   -0.03532
    0.00861
    0.05209
   -0.07190
   -0.01620
   -0.07263
    0.11831
   -0.06499
   -0.03774
   -0.04967
    0.13537
   -0.13517
    0.01498
    0.00890
    0.05552
   -0.10644
    0.00753
   -0.00700
    0.05025
   -0.02772
   -0.02921
   -0.05676
    0.05674
   -0.04449
    0.02302
   -0.07536
    0.04537
   -0.07792
    0.05746
   -0.00491
    0.10019
   -0.17786
    0.01347
   -0.03080
    0.05334
   -0.07441
    0.04121
   -0.14910
    0.04868
   -0.07042
    0.08042
    0.01238
    0.06349
   -0.06177
   -0.01333
    0.07206
    0.05800
   -0.14707
   -0.05608
    0.01900
    0.05465
   -0.14391
    0.03547
   -0.00958
   -0.03209
   -0.02446
    0.06815
   -0.04719
    0.10482
   -0.12450
    0.05074
    0.00288
    0.08390
   -0.08588
   -0.01830
   -0.03716
    0.09872
   -0.07418
    0.00760
   -0.00466
    0.04013
    0.02130
   -0.05370
    0.01950
    0.00221
    0.00359
   -0.03035
    0.05224
    0.03911
   -0.10195
   -0.01401
    0.03632
    0.01907
   -0.00942
   -0.07280
   -0.02305
    0.00741
    0.00945
    0.00565
   -0.04087
    0.07168
   -0.08946
    0.02745
    0.04869
    0.02969
   -0.08640
   -0.01536
   -0.00605
    0.07559
   -0.09080
    0.00822
   -0.03461
   -0.02003
   -0.01279
    0.04896
   -0.00118
    0.02491
   -0.08760
    0.06803
    0.08942
   -0.02955
   -0.07502
   -0.02947
   -0.01207
    0.03987
   -0.10598
    0.04862
    0.01234
   -0.05125
    0.01787
    0.02794
   -0.05687
    0.08771
   -0.13290
    0.07662
   -0.04070
    0.09121
   -0.06427
    0.01448
   -0.05809
    0.08826
   -0.09100
    0.00250
   -0.04113
    0.01745
    0.01042
   -0.00410
   -0.01762
    0.06347
   -0.07354
    0.02518
    0.06539
    0.01856
   -0.09281
   -0.02309
   -0.06627
    0.02762
   -0.00125
    0.02477
   -0.07645
    0.07336
   -0.00681
   -0.02548
    0.18436
   -0.01476
   -0.14836
   -0.04221
   -0.02605
    0.02954
   -0.07477
    0.05601
    0.08087
    0.03925
   -0.18934
    0.03628
   -0.04549
    0.00766
   -0.04032
    0.05665
    0.04562
   -0.00471
   -0.11987
    0.08579
    0.06578
   -0.03826
   -0.11695
    0.05763
    0.03260
   -0.02306
   -0.03519
    0.02627
    0.03864
   -0.04565
   -0.03049
    0.04127
   -0.01428
    0.05125
   -0.08071
    0.05387
   -0.02002
    0.10287
   -0.11628
    0.03047
   -0.02427
    0.11740
   -0.05313
   -0.06915
    0.08624
   -0.00947
   -0.04126
   -0.00893
    0.07635
    0.02233
   -0.06046
   -0.04803
    0.03908
    0.00318
   -0.10060
    0.05379
   -0.00327
   -0.03239
    0.07945
   -0.08597
   -0.05203
    0.00862
   -0.03726
    0.07125
   -0.03851
    0.06537
   -0.06620
    0.03082
    0.01703
    0.01447
   -0.04660
    0.01755
   -0.05545
    0.07061
   -0.07219
    0.05623
   -0.03045
    0.01510
   -0.07872
    0.08952
    0.05586
    0.09909
   -0.18037
    0.00645
    0.05638
    0.03977
   -0.12945
   -0.00786
    0.03327
    0.07211
   -0.15600
   -0.00465
    0.01671
    0.00228
   -0.01829
    0.00064
   -0.04977
    0.08873
   -0.14113
    0.07310
    0.00618
    0.07522
   -0.06617
   -0.02453
   -0.06354
    0.11017
   -0.08372
   -0.00194
    0.00656
    0.00727
   -0.03778
    0.01961
    0.00845
    0.04504
   -0.08035
    0.02302
    0.04578
    0.00698
   -0.13237
    0.03473
    0.02840
    0.06887
   -0.05950
   -0.05048
   -0.04609
   -0.02338
   -0.02954
    0.07966
   -0.04476
    0.07390
   -0.13856
    0.06491
    0.03075
    0.07974
   -0.10871
   -0.02752
   -0.03580
    0.08498
   -0.08882
    0.02117
   -0.04050
    0.00966
   -0.05633
    0.06486
   -0.00857
    0.11770
   -0.09198
   -0.00719
    0.07545
    0.04712
   -0.08538
   -0.07602
   -0.00544
    0.12343
   -0.01698
   -0.15332
   -0.16295
    0.09252
    0.03475
    0.07285
   -0.04466
    0.09209
   -0.11583
    0.03983
   -0.04362
    0.12642
   -0.10401
   -0.00962
   -0.03987
    0.09958
   -0.05253
   -0.03612
   -0.06832
    0.02575
    0.09273
   -0.02748
    0.00399
    0.09427
   -0.05535
   -0.03220
    0.04559
    0.05429
   -0.06767
   -0.04528
    0.06348
    0.04243
   -0.05504
   -0.08520
   -0.06314
    0.07323
    0.00752
    0.00743
   -0.16398
    0.11836
   -0.10953
    0.07396
    0.00332
    0.02061
   -0.10948
    0.04716
    0.03102
    0.03169
   -0.06393
   -0.00748
   -0.23986
    0.08176
    0.03970
    0.06925
    0.04234
   -0.01688
   -0.09343
    0.07402
    0.04844
   -0.02610
   -0.11761
    0.06331
    0.00930
    0.03825
   -0.08715
    0.00490
    0.04051
   -0.07167
    0.01494
    0.04658
    0.01734
    0.06659
   -0.17454
    0.05640
   -0.07607
    0.14219
   -0.14156
    0.00836
   -0.02275
    0.04325
   -0.09121
    0.03054
   -0.01053
    0.00218
   -0.04934
    0.03610
    0.03824
    0.01427
   -0.07731
    0.02969
    0.06639
   -0.01614
   -0.09256
    0.01498
    0.06779
   -0.00909
   -0.05971
   -0.00841
   -0.02391
   -0.00476
    0.02407
    0.00270
   -0.02142
    0.02552
   -0.14874
    0.08917
   -0.03134
   -0.00114
   -0.17114
    0.11575
    0.03289
    0.02938
   -0.12992
    0.06643
   -0.09043
   -0.02003
   -0.03789
    0.09082
    0.02923
    0.04931
   -0.13321
    0.08478
    0.01228
    0.05313
   -0.13688
    0.06457
    0.06052
    0.03110
   -0.12644
    0.01840
    0.01333
   -0.06084
   -0.06893
    0.11763
    0.00191
    0.08708
   -0.17273
    0.07242
   -0.03169
    0.12005
   -0.15006
    0.03378
    0.01856
    0.09983
   -0.16236
   -0.03197
    0.11340
   -0.03715
   -0.06134
    0.02093
    0.02550
    0.03590
   -0.09004
    0.03115
    0.01301
   -0.02274
   -0.10357
    0.08821
    0.04114
    0.02963
   -0.03828
   -0.04352
   -0.06386
    0.00076
   -0.02297
    0.07846
    0.01667
    0.04687
   -0.15417
    0.06472
    0.02610
    0.04678
   -0.12295
    0.04651
   -0.02066
    0.05221
   -0.09881
    0.04389
   -0.02331
   -0.03870
   -0.06791
    0.10825
    0.03465
    0.07986
   -0.11706
   -0.00876
    0.06122
    0.02943
   -0.15832
    0.00173
    0.04666
    0.05494
   -0.08884
   -0.04801
   -0.10488
    0.05917
    0.06093
   -0.00116
   -0.01527
    0.10773
   -0.11306
    0.00506
   -0.05629
    0.15215
   -0.17535
    0.00373
   -0.03956
    0.04576
   -0.02871
    0.01271
   -0.04334
    0.00298
   -0.05662
    0.04443
    0.03977
   -0.00303
   -0.05807
    0.01549
    0.05626
   -0.02251
   -0.08536
    0.02172
    0.04268
    0.00715
    0.00997
   -0.06519
   -0.08499
   -0.02437
   -0.01116
    0.07561
   -0.10203
    0.09216
   -0.11007
    0.05436
   -0.00459
    0.04592
   -0.13114
    0.02893
   -0.00958
    0.04634
   -0.10642
    0.05040
   -0.16869
   -0.02825
   -0.11421
    0.13108
