16 20 14 1 36 51
 -0.00379  -0.07598   0.01034   0.05837  -0.01014   0.00286   0.04036  -0.03893   0.00390   0.04013   0.00540  -0.04873  -0.15482  -0.16708  -0.03967   0.25784   0.13300  -0.09400   0.02846  -0.07317 
 -0.00500  -0.05707   0.01558   0.04030  -0.00434  -0.00835   0.02815  -0.01929  -0.02704   0.06169  -0.03997   0.00031  -0.20438  -0.11669  -0.09583   0.28079   0.14725  -0.09486   0.00590  -0.06133 
 -0.01576  -0.04203  -0.01688   0.06628  -0.00594  -0.04303   0.01536   0.02697   0.00575   0.04158  -0.03719  -0.01559  -0.11905  -0.11655  -0.09838   0.24573   0.12382  -0.08297  -0.02331  -0.01260 
  0.00296  -0.05163  -0.02827   0.06696   0.00415  -0.02082   0.01877  -0.00626  -0.01456   0.05372  -0.04428  -0.00085  -0.11514  -0.08211  -0.12148   0.23549   0.06913  -0.04661  -0.01245  -0.00156 
 -0.01433  -0.02579  -0.02762   0.06096  -0.02907  -0.00719   0.01994   0.01510   0.00861   0.05251  -0.07928   0.00139  -0.10199   0.00200  -0.14547   0.18261   0.02969  -0.01968  -0.00963   0.00508 
 -0.02470   0.00596  -0.03930   0.05208  -0.02534   0.03241  -0.04000   0.03511   0.01408   0.07964  -0.12997   0.00050  -0.04950  -0.00763  -0.17342   0.17047   0.01479  -0.02149  -0.02906   0.03646 
 -0.01310   0.01958  -0.07968   0.06079  -0.05054   0.07091  -0.04464   0.02509   0.02123   0.04386  -0.10208   0.01150  -0.06051   0.03356  -0.13028   0.11939  -0.02995  -0.00020  -0.03506   0.05375 
 -0.02913   0.03371  -0.06782   0.05243  -0.00369   0.04195  -0.11316   0.06498   0.01230   0.07958  -0.14110   0.00918  -0.01532   0.01765  -0.14214   0.10594  -0.07205   0.03875  -0.02401   0.03428 
 -0.01865   0.04432  -0.09360   0.05225  -0.03475   0.06408  -0.12155   0.07853   0.00937   0.09805  -0.18059   0.01469  -0.00675   0.02683  -0.12468   0.07828  -0.07809   0.05375  -0.05087   0.04652 
 -0.02638   0.06030  -0.11057   0.05471  -0.01537   0.06866  -0.14296   0.07186   0.02284   0.08450  -0.16076   0.00396  -0.04819   0.04548  -0.12341   0.09343  -0.07639   0.03647  -0.06200   0.07060 
 -0.02428   0.05645  -0.11576   0.06027   0.00880   0.07980  -0.18355   0.06460   0.02788   0.08161  -0.14784  -0.00610   0.00152   0.04216  -0.14827   0.06860  -0.08196   0.02712  -0.04829   0.07115 
 -0.00842   0.05469  -0.12049   0.05172  -0.00092   0.08709  -0.14990   0.04502   0.00904   0.05859  -0.10643   0.01282   0.00423   0.08474  -0.17584   0.03048  -0.07135   0.01754  -0.00811   0.03924 
 -0.01371   0.05645  -0.09311   0.03539   0.01192   0.06692  -0.18091   0.07217   0.01588   0.07035  -0.13458   0.01106  -0.00240   0.05736  -0.13509   0.04595  -0.06123   0.02587  -0.02691   0.04267 
 -0.00580   0.05203  -0.10953   0.04462   0.03157   0.02367  -0.13544   0.06212   0.04166   0.05400  -0.14680   0.00632  -0.00069   0.05031  -0.13324   0.05155  -0.06527   0.01394  -0.03544   0.06298 
  0.00688   0.03222  -0.10340   0.04836   0.02517   0.03142  -0.13170   0.05933   0.01765   0.06508  -0.13845   0.01678   0.03411   0.02807  -0.14086   0.04641  -0.04494   0.02420  -0.02196   0.02969 
  0.00766   0.03482  -0.09584   0.03976   0.00382   0.06145  -0.13450   0.05504   0.05305   0.01898  -0.09902  -0.00303  -0.03273   0.03412  -0.09793   0.07598  -0.06248   0.02819  -0.02987   0.04388 
 -0.00299   0.03259  -0.08403   0.04300   0.02665   0.06762  -0.16080   0.04405   0.02615   0.06876  -0.15298   0.01234   0.02462   0.03549  -0.12869   0.03977  -0.04449   0.00942  -0.02685   0.04736 
  0.00922   0.04251  -0.10645   0.03831   0.02765   0.01365  -0.12704   0.06870   0.04063   0.02603  -0.11847   0.01717   0.00119   0.04806  -0.14229   0.05832  -0.07364  -0.01428  -0.00255   0.06284 
  0.00473   0.01399  -0.08476   0.05401   0.02801   0.00555  -0.10411   0.05868   0.04412   0.00872  -0.13558   0.03838   0.04360   0.01373  -0.10770   0.02876  -0.05451  -0.02925  -0.00781   0.06849 
  0.01577  -0.00362  -0.07633   0.05348   0.03058   0.03122  -0.12768   0.05113   0.06362   0.01984  -0.15695   0.01894   0.01957  -0.01482  -0.08310   0.06727  -0.03378  -0.04438   0.01962   0.04230 
  0.02071  -0.00504  -0.07040   0.04569   0.02092   0.01997  -0.11537   0.06193   0.05427   0.01880  -0.11058   0.00323   0.01978  -0.01189  -0.08902   0.06841  -0.03645  -0.03735  -0.02268   0.07681 
  0.01539  -0.00545  -0.07609   0.05523   0.02353   0.03550  -0.08716   0.02344   0.07165  -0.01146  -0.12098   0.01562   0.04420  -0.00532  -0.10593   0.04793   0.00824  -0.05456   0.01908   0.02220 
  0.03504  -0.01199  -0.05787   0.02801   0.03984   0.00246  -0.07918   0.02907   0.07448  -0.02294  -0.06724  -0.01402   0.06730  -0.01659  -0.09548   0.02504   0.00191  -0.04150   0.02587   0.00885 
  0.04642  -0.02177  -0.04370   0.01306   0.02658   0.03587  -0.07253   0.00704   0.05864  -0.01040  -0.06627  -0.00584   0.08806  -0.01056  -0.10724   0.00041  -0.00964  -0.01007   0.01671  -0.00090 
  0.04230   0.00020  -0.04837   0.00075   0.02562   0.01551  -0.05342   0.01044   0.08235  -0.02964  -0.08824  -0.00352   0.07924  -0.01671  -0.08150  -0.00171  -0.00521  -0.06689   0.05312   0.00482 
  0.04908  -0.02579  -0.03213   0.00352   0.03939   0.02740  -0.06254  -0.00877   0.08704  -0.04960  -0.03632  -0.03184   0.09497  -0.01238  -0.08535  -0.02586   0.02732  -0.08998   0.05226  -0.00091 
  0.06320  -0.03006  -0.02465  -0.01580   0.05466   0.02053  -0.06816  -0.01554   0.11202  -0.04533  -0.06584  -0.04789   0.12039  -0.01426  -0.09394  -0.05582   0.02408  -0.06502   0.03195   0.00484 
  0.08183  -0.02515  -0.04216  -0.02685   0.02158   0.07089  -0.11441   0.01209   0.10233  -0.04722  -0.04757  -0.04651   0.08159   0.06044  -0.12592  -0.07211   0.02040  -0.06342   0.04300  -0.00610 
  0.05941   0.01029  -0.05468  -0.02369   0.01610   0.06610  -0.08955   0.00258   0.11790  -0.05829  -0.10733  -0.01514   0.03105   0.08667  -0.15117  -0.02057   0.07511  -0.03974  -0.00071  -0.02568 
  0.06337   0.01631  -0.07896  -0.01334   0.01401   0.09604  -0.15615   0.02462   0.10919  -0.08271  -0.14886   0.03939   0.01418   0.08453  -0.07803  -0.05860   0.06388  -0.08853   0.02322   0.00008 
  0.05454   0.00774  -0.08306   0.00899   0.02719   0.06106  -0.13351   0.03079   0.08013  -0.07315  -0.20970   0.09458  -0.01438   0.10756  -0.15824   0.00573   0.05955  -0.09263   0.02010   0.01036 
  0.04140   0.00339  -0.10086   0.04048  -0.01074   0.10014  -0.14652   0.03855   0.05972  -0.10694  -0.19111   0.12558  -0.00737   0.09555  -0.15089   0.01086   0.08542  -0.14432   0.04340  -0.00089 
  0.03099  -0.00870  -0.08549   0.05031   0.00313   0.10548  -0.21741   0.06424   0.01693  -0.20738  -0.17623   0.19692   0.02251   0.11949  -0.18799  -0.03563   0.11497  -0.18368   0.05773  -0.02037 
  0.03577  -0.02388  -0.09709   0.06662   0.03596   0.14944  -0.28182   0.01552  -0.11997  -0.29933  -0.20649   0.30368   0.01208   0.16029  -0.25080  -0.05382   0.16637  -0.20958   0.06907  -0.07834 
  0.02840  -0.01364  -0.11524   0.07704   0.00641   0.26727  -0.36114  -0.09796  -0.18336  -0.40736  -0.29807   0.36500   0.02644   0.23430  -0.30211  -0.23194   0.22149  -0.26301   0.08364  -0.14785 
  0.03081   0.03129  -0.13993   0.05137   0.02744   0.33445  -0.59685  -0.18665  -0.32123  -0.42833  -0.44787   0.42219   0.07964   0.26882  -0.47620  -0.36712   0.26839  -0.23497   0.04476  -0.19368 
  0.03741   0.06739  -0.25072   0.07136   0.11328   0.30468  -0.76710  -0.20866  -0.30713  -0.45812  -0.53421   0.43176   0.22955   0.12706  -0.51432  -0.28232   0.30528  -0.31310   0.02878  -0.18752 
  0.10017  -0.01925  -0.28714   0.10144   0.17558   0.22617  -0.70093  -0.16687  -0.05709  -0.28303  -0.30378   0.29546   0.37285  -0.24416  -0.40537  -0.21436   0.31277  -0.39179   0.08522  -0.26281 
  0.19565  -0.08710  -0.18870  -0.01766   0.14597   0.24119  -0.69234  -0.13719   0.15761  -0.09801  -0.16874  -0.00557   0.38887  -0.31396  -0.42744  -0.19909   0.23543  -0.23783   0.05341  -0.14048 
  0.21699   0.00537  -0.24682  -0.11399  -0.00818   0.30315  -0.55131  -0.06952   0.17086  -0.02140  -0.12456  -0.12907   0.25169  -0.11339  -0.25326  -0.07222   0.01684  -0.07677   0.03720   0.01410 
  0.10206   0.10562  -0.22310  -0.06523  -0.08480   0.23404  -0.31975   0.03664   0.13460  -0.05786  -0.10621  -0.04135   0.06323   0.00132  -0.18332   0.06972  -0.01979  -0.06604   0.00110   0.06710 
  0.04140   0.04846  -0.14662   0.02820   0.00829   0.07220  -0.24923   0.10723   0.08556   0.02008  -0.10329  -0.04349  -0.00221   0.02583  -0.19194   0.11379  -0.08095  -0.01456  -0.02184   0.08347 
  0.01481   0.02130  -0.12527   0.06593   0.02547  -0.00199  -0.22021   0.13554  -0.02450   0.01956  -0.08340   0.06521  -0.02684  -0.03148  -0.09865   0.13366  -0.05959  -0.03463   0.00228   0.06659 
 -0.02177  -0.01509  -0.08451   0.09971   0.00706   0.09679  -0.28571   0.10307  -0.01499   0.04893  -0.06963   0.02229   0.02064  -0.00041  -0.14226   0.09119  -0.09047  -0.06054   0.04891   0.05846 
 -0.02596   0.01612  -0.07347   0.07001   0.04678   0.07060  -0.43879   0.14471  -0.00579   0.02319  -0.21808   0.11172   0.01936   0.04321  -0.32864   0.13641  -0.13859   0.04023  -0.16785   0.16062 
 -0.01762   0.04269  -0.26338   0.14249   0.23826   0.01229  -0.24472  -0.19405   0.16627  -0.01517  -0.04603  -0.20527   0.18213  -0.01242  -0.06243  -0.23262   0.11781   0.00793   0.07132  -0.25187 
  0.16691  -0.00443  -0.03105  -0.21490  -0.45205   0.40479  -1.71955   0.12210  -0.36524   0.32166  -1.27585   0.14885  -0.60358   0.32601  -1.14649   0.16351  -0.61694   0.29785  -1.28721   0.20777 
 -0.46221   0.34316  -1.36218   0.14958   0.57500  -3.94032  -3.94032  -3.94032   0.55467  -3.94032  -3.94032  -3.94032   0.58764  -3.94032  -3.94032  -3.94032   0.69511  -3.94032  -3.94032  -3.94032 
  0.59998  -3.94032  -3.94032  -3.94032  -3.94032  -1.37190   0.57670  -3.94032  -3.94032  -3.94032  -3.94032  -3.94032  -3.94032  -3.94032  -3.94032  -3.94032  -3.94032  -3.94032  -3.94032  -3.94032 
 -3.94032  -1.41055   0.59962  -3.94032  -3.94032  -3.94032  -3.94032  -3.94032   0.13556   0.15005  -0.42215  -0.11695   0.02305  -0.12199   0.13766  -0.07104  -3.94032  -3.94032  -3.94032  -3.94032 
  0.03705  -0.07479   0.11167  -0.10962  -0.10765   0.05523  -0.25350   0.20102  -0.03538   0.01036  -0.08976   0.08497  -0.04218   0.03621  -0.16619   0.12280  -0.05817   0.02786   0.00361   0.00974 
 -0.05649   0.03721  -0.13173   0.11153   0.07518   0.08592  -0.34292   0.07086   0.00555   0.00902  -0.04423   0.02048  -0.01060   0.05813  -0.05678  -0.00822  -0.00907   0.06495  -0.10095   0.03186 
  0.00960   0.05274  -0.11864   0.03612  -0.04162   0.15581  -0.28032   0.08235   0.01347   0.02866  -0.03550  -0.01261   0.02314   0.00072  -0.02991   0.00211  -0.10702   0.10488   0.00489  -0.05015 
 -0.02428   0.07504  -0.07300   0.00899   0.00492   0.09930  -0.21780   0.06902  -0.02262   0.02157  -0.05001   0.04080   0.06305   0.00282  -0.05688  -0.02568  -0.07414   0.13646  -0.07312  -0.03396 
 -0.00440   0.06585  -0.09659   0.01937   0.00485   0.10018  -0.18669   0.04987   0.02084   0.03280   0.00166  -0.05789  -0.00572   0.01518  -0.01318   0.00119  -0.12271   0.13542  -0.03106  -0.04276 
 -0.01556   0.07200  -0.05423  -0.01191   0.01452   0.07868  -0.09440  -0.00530   0.01469  -0.00273   0.03563  -0.04659   0.00880   0.02163   0.02671  -0.07036  -0.09519   0.07385   0.02598  -0.04251 
 -0.00399   0.03996  -0.00115  -0.03797   0.03535   0.04548  -0.10597   0.01599   0.03054   0.03147  -0.03874  -0.03275   0.08428  -0.01083  -0.05434  -0.04118  -0.07675   0.07143  -0.01386  -0.00724 
  0.03173   0.03278  -0.05468  -0.01601   0.03427   0.08654  -0.09468  -0.03832   0.01323   0.05422  -0.01119  -0.06039   0.04156   0.03745  -0.02557  -0.07693  -0.09743   0.09314   0.01308  -0.05043 
  0.00883   0.06585  -0.02976  -0.05407   0.01694   0.08062  -0.08060  -0.02291   0.03131   0.00415   0.01920  -0.05789   0.00939   0.01026  -0.01620  -0.00684  -0.07102   0.10443  -0.01676  -0.04959 
  0.00999   0.04667  -0.02613  -0.03516   0.00511   0.07874  -0.06859  -0.01824   0.03648   0.02260  -0.04004  -0.02990   0.06415   0.02229  -0.07500  -0.03585  -0.06943   0.08414   0.00999  -0.05451 
  0.02034   0.04972  -0.04326  -0.03344  -0.00668   0.09057  -0.05373  -0.03358   0.00651   0.02673   0.00596  -0.03807  -0.00217   0.04378  -0.04940  -0.00488  -0.07115   0.11702  -0.01758  -0.06645 
 -0.00964   0.06722  -0.02955  -0.03559  -0.00584   0.08539  -0.06303  -0.01897   0.01888   0.02323  -0.00362  -0.04038   0.03056   0.04363  -0.03273  -0.06261  -0.09744   0.12172  -0.00822  -0.06524 
 -0.00060   0.06602  -0.02891  -0.04451  -0.00798   0.10126  -0.14064   0.03042  -0.00540   0.01538   0.00537  -0.01298  -0.01310   0.06957  -0.05033  -0.02808  -0.08719   0.10980  -0.03658  -0.02454 
 -0.01783   0.07098  -0.05605  -0.00684  -0.02640   0.09940  -0.05217  -0.02400  -0.00787   0.03704  -0.00659  -0.02130  -0.01965   0.05802  -0.00819  -0.04702  -0.16095   0.15285  -0.02368  -0.05354 
 -0.04009   0.08586  -0.02486  -0.03302  -0.01670   0.05628  -0.04711   0.00975   0.02375   0.05221  -0.03339  -0.05128  -0.02229   0.05617  -0.00629  -0.04320  -0.11222   0.12608  -0.02206  -0.04578 
 -0.01638   0.07166  -0.03127  -0.03237  -0.00064   0.08698  -0.09358   0.00146   0.01971   0.02631  -0.01279  -0.03638   0.04596   0.05986  -0.05206  -0.08985  -0.08492   0.13777  -0.08384  -0.01867 
  0.00668   0.07555  -0.06247  -0.03195  -0.01985   0.10015  -0.04583  -0.03878  -0.00019   0.05630   0.00500  -0.06170   0.00039   0.06589  -0.00771  -0.08598  -0.12301   0.13307   0.00142  -0.07649 
 -0.02240   0.08553  -0.01419  -0.06224   0.02877   0.06229  -0.06945  -0.02666   0.03727   0.02578  -0.00423  -0.06586   0.04288   0.03868  -0.03084  -0.07475  -0.11729   0.09570   0.01283  -0.04048 
  0.01844   0.05221  -0.02613  -0.05161   0.01222   0.07172  -0.04939  -0.03759   0.01829   0.04236  -0.02804  -0.03836   0.06415   0.04857  -0.09246  -0.05749  -0.07087   0.11955  -0.04895  -0.03623 
  0.01787   0.06774  -0.05537  -0.04123   0.00930   0.08760  -0.02436  -0.08268   0.00460   0.05589  -0.00257  -0.05978   0.00387   0.07711  -0.09438  -0.01885  -0.10676   0.14296  -0.04949  -0.04479 
 -0.00862   0.08750  -0.04083  -0.05183   0.00534   0.06644  -0.05871  -0.01394   0.02155   0.01985   0.00423  -0.04737   0.03874   0.03405  -0.05710  -0.03442  -0.06289   0.08958   0.01899  -0.07822 
  0.01231   0.04846  -0.02423  -0.04188   0.02250   0.06854  -0.08320  -0.01316   0.01153   0.03011  -0.03035  -0.01598   0.03213   0.06752  -0.08994  -0.04383  -0.11167   0.11641  -0.01811  -0.03691 
  0.00335   0.06859  -0.05605  -0.02559   0.00007   0.06946  -0.02866  -0.04250   0.01158   0.04730   0.00356  -0.06437   0.01829   0.07502  -0.05811  -0.06854  -0.10879   0.13037  -0.00034  -0.07998 
 -0.00741   0.07807  -0.02043  -0.06178  -0.00652   0.07129  -0.03589  -0.02908   0.00448   0.02995   0.00323  -0.03655   0.01912   0.06109  -0.05074  -0.05482  -0.11775   0.10448   0.00179  -0.03905 
 -0.00862   0.06326  -0.02296  -0.03840   0.00609   0.07174  -0.08510   0.00368  -0.01596   0.02789  -0.03141   0.01575   0.01852   0.05561  -0.02584  -0.07245  -0.05998   0.09629  -0.04356  -0.01856 
 -0.00580   0.06048  -0.04949  -0.01232  -0.01826   0.09383  -0.01871  -0.06280  -0.03026   0.05346   0.02829  -0.04663   0.00919   0.07605  -0.07358  -0.04267  -0.11673   0.13908  -0.03150  -0.05151 
 -0.03105   0.08897  -0.02211  -0.04916  -0.02320   0.08656  -0.05156  -0.01258  -0.00464   0.03144   0.03124  -0.05439   0.00978   0.04248   0.00086  -0.07112  -0.07857   0.10840  -0.02252  -0.04328 
 -0.01351   0.06360  -0.01295  -0.04408  -0.00663   0.09580  -0.07555  -0.01858   0.01297   0.02754  -0.00394  -0.03748   0.04019   0.03192  -0.05032  -0.04009  -0.08630   0.12056  -0.04487  -0.03115 
  0.00236   0.06636  -0.04592  -0.03131  -0.01247   0.08566  -0.03658  -0.03886   0.00658   0.06485   0.00425  -0.07971   0.00900   0.06836  -0.04990  -0.05385  -0.09774   0.12311  -0.01251  -0.06205 
 -0.01249   0.08289  -0.02444  -0.05837   0.00542   0.08308  -0.07564  -0.01699   0.03005  -0.01290   0.01974  -0.04001   0.03764   0.03215  -0.00671  -0.08531  -0.04373   0.10106  -0.02533  -0.05586 
  0.01844   0.04667  -0.02465  -0.04628   0.04046   0.05731  -0.07017  -0.03505   0.01082   0.01677   0.00338  -0.03063   0.02256   0.06398  -0.07542  -0.03935  -0.06973   0.11555  -0.05157  -0.02895 
  0.01250   0.06135  -0.04949  -0.03280  -0.01730   0.07409  -0.02440  -0.03251   0.01220   0.04268  -0.01049  -0.04677   0.01258   0.07193  -0.07133  -0.04267  -0.10292   0.11381  -0.02967  -0.02673 
 -0.01187   0.07268  -0.03364  -0.03602  -0.01219   0.06354  -0.03394  -0.01586   0.00148   0.04451  -0.01302  -0.03392   0.04458   0.03271  -0.03455  -0.06394  -0.10647   0.12342  -0.01742  -0.05090 
 -0.00560   0.06412  -0.02720  -0.03840   0.00005   0.09717  -0.10339  -0.00265  -0.00916   0.03857  -0.01570  -0.01377   0.02510   0.06454  -0.05510  -0.06389  -0.10546   0.12706  -0.02823  -0.04489 
 -0.01065   0.07924  -0.05219  -0.02770  -0.05213   0.09295  -0.01067  -0.03297   0.02078   0.04439  -0.02037  -0.05027  -0.01710   0.09153  -0.03422  -0.07589  -0.11072   0.13248  -0.01217  -0.06752 
 -0.02554   0.08717  -0.02127  -0.05340   0.03191   0.04923  -0.04092  -0.04497   0.01170   0.03260   0.00968  -0.05399   0.00735   0.05123  -0.00625  -0.07305  -0.10864   0.12988  -0.01156  -0.06571 
  0.00158   0.06343  -0.01584  -0.05746  -0.00562   0.06754  -0.05931  -0.00243   0.00030   0.04985  -0.00855  -0.04232   0.05528   0.02069  -0.04546  -0.05018  -0.05983   0.12341  -0.05224  -0.04621 
  0.00766   0.06274  -0.04414  -0.03430  -0.01548   0.10054  -0.02346  -0.06965   0.01383   0.03320   0.02157  -0.06912   0.01475   0.08678  -0.09848  -0.04373  -0.08687   0.11013  -0.02404  -0.03827 
 -0.00761   0.07957  -0.02848  -0.05497   0.00357   0.07374  -0.05272  -0.02623   0.01412   0.01432   0.00772  -0.03600   0.02483   0.05091  -0.02991  -0.06910  -0.13815   0.11286   0.02445  -0.06512 
 -0.00460   0.05926  -0.01501  -0.04606  -0.01011   0.06545  -0.07710   0.02053  -0.02971   0.05468   0.01749  -0.03814   0.02671   0.04968  -0.07451  -0.02445  -0.04987   0.10867  -0.05089  -0.03453 
 -0.00984   0.06756  -0.04703  -0.01890  -0.01501   0.07821  -0.04617  -0.01703   0.00355   0.05414   0.01147  -0.07013   0.01348   0.08703  -0.05517  -0.08576  -0.10488   0.12854  -0.02730  -0.04840 
 -0.01535   0.08504  -0.02955  -0.05273  -0.00401   0.09909  -0.07556  -0.02558   0.00165   0.06159   0.01902  -0.08457   0.01722   0.06955  -0.03568  -0.08245  -0.11652   0.13566  -0.00726  -0.07431 
 -0.01004   0.08799  -0.02656  -0.06592   0.01861   0.07766  -0.05553  -0.04635  -0.00425   0.04573  -0.00369  -0.03697   0.05162   0.04623  -0.07565  -0.05181  -0.13028   0.13453  -0.04101  -0.02651 
  0.00256   0.07217  -0.04592  -0.03884   0.00234   0.06506  -0.01291  -0.05803  -0.01092   0.05209   0.01734  -0.05613  -0.00732   0.06767  -0.03433  -0.04840  -0.11054   0.12305  -0.01624  -0.04900 
 -0.01928   0.07420  -0.01274  -0.05183  -0.00321   0.06627  -0.02486  -0.03898  -0.00370   0.04557   0.04601  -0.08754   0.03042   0.05207  -0.03796  -0.06983  -0.08254   0.10768   0.00483  -0.07122 
 -0.00339   0.06550  -0.00437  -0.06731   0.01269   0.08207  -0.07286  -0.02695  -0.00426   0.05427  -0.03281  -0.02125   0.04592   0.04105  -0.04443  -0.06778  -0.06707   0.11767  -0.04054  -0.04497 
  0.00844   0.07064  -0.05152  -0.03797  -0.03885   0.07745   0.01400  -0.05749  -0.01190   0.03870   0.02548  -0.04809  -0.00789   0.07739  -0.06931  -0.02790  -0.12550   0.11053   0.00590  -0.04714 
 -0.03340   0.07251  -0.00377  -0.04451  -0.01331   0.05294  -0.02348  -0.01384   0.00885   0.01170   0.02940  -0.04781   0.02955   0.03843  -0.03659  -0.04927  -0.07407   0.09625  -0.00409  -0.05070 
 -0.00120   0.04793  -0.01089  -0.04014   0.02977   0.07328  -0.07867  -0.03177  -0.00909   0.04733   0.00935  -0.04520   0.02783   0.02145  -0.03226  -0.02762  -0.05334   0.11336  -0.06314  -0.02630 
