21 20 3 1 47 67
  0.01560   0.02609  -0.00976  -0.03428  -0.03321   0.07275   0.02062  -0.06656   0.01581   0.02266   0.02489  -0.06338   0.02620   0.04684   0.00684  -0.10961  -0.10104   0.03203   0.03812  -0.00506 
 -0.01176   0.04262   0.02175  -0.05867   0.01321   0.00818  -0.00702  -0.01510   0.04049  -0.01575   0.02819  -0.05892   0.02992   0.04131   0.00990  -0.11001  -0.09314   0.03967   0.04946  -0.03202 
  0.01367   0.01921   0.01694  -0.05368  -0.00629   0.02397   0.00181  -0.01852   0.04065  -0.01877   0.01438  -0.04267   0.00693   0.01746   0.01312  -0.04521  -0.10948   0.03792   0.02413   0.00939 
 -0.00145   0.01477   0.01111  -0.02531  -0.03611   0.06632   0.00656  -0.03774   0.03621  -0.00256   0.02885  -0.06721   0.01716   0.04110  -0.02006  -0.05458  -0.11817   0.02696   0.06545  -0.02231 
 -0.01197   0.03341   0.02060  -0.04586   0.02592   0.01539   0.00568  -0.05299   0.01820   0.03104   0.03116  -0.08244   0.05654   0.01178   0.00306  -0.09514  -0.07098   0.03730   0.05113  -0.04668 
  0.01943   0.02362   0.02041  -0.06999  -0.02702   0.05661  -0.00248  -0.02592   0.02089  -0.02917   0.01418  -0.00949   0.05477   0.00789   0.00406  -0.08774  -0.09317   0.03017   0.04504  -0.01610 
  0.00451   0.01574   0.01228  -0.03406  -0.02446   0.04657   0.04001  -0.07041   0.04160   0.02143  -0.00647  -0.06476   0.01671   0.03863   0.00977  -0.08578  -0.10805   0.06567   0.04004  -0.04120 
 -0.00506   0.04280   0.02098  -0.06556   0.01901   0.03624  -0.01056  -0.04774   0.05552  -0.00486   0.02255  -0.08508   0.04893   0.00595   0.00749  -0.08022  -0.11821   0.02660   0.08553  -0.04886 
  0.02284   0.01457   0.02346  -0.06695   0.02324   0.01721  -0.00589  -0.03771   0.01739   0.02493  -0.02077  -0.02539   0.06460   0.03260  -0.03766  -0.09079  -0.13846   0.04958   0.03431   0.00227 
  0.01387   0.03042  -0.00894  -0.03817  -0.02529   0.06216   0.04480  -0.09623   0.03132   0.00752   0.03019  -0.07270   0.03133   0.04935   0.00172  -0.11507  -0.12355   0.04522   0.06020  -0.03265 
 -0.00607   0.04006   0.03418  -0.07731   0.01050  -0.00106   0.01118  -0.02340   0.04424  -0.01803   0.03615  -0.06997   0.03241   0.00357   0.01224  -0.05873  -0.08874   0.03061   0.07467  -0.05811 
  0.01713   0.00314   0.02951  -0.05413   0.00685   0.00248   0.01979  -0.03284   0.03481  -0.00270   0.00433  -0.04126   0.06297   0.00489  -0.02648  -0.05966  -0.08254   0.04398   0.04123  -0.03380 
  0.01981   0.01184   0.00895  -0.04321  -0.03123   0.04657   0.02403  -0.04148   0.04550   0.01100   0.01408  -0.07909   0.00449   0.05222   0.00740  -0.08766  -0.16538   0.04948   0.06111  -0.01457 
 -0.01629   0.03988   0.02631  -0.05571  -0.00055  -0.00716   0.00769  -0.00112   0.03904  -0.05592   0.04014  -0.03241   0.02466   0.01807   0.03291  -0.09569  -0.11470   0.03753   0.06944  -0.04149 
  0.00490  -0.00067   0.03455  -0.04189  -0.01022   0.02871  -0.00355  -0.01306   0.03263  -0.01626  -0.01489  -0.00937   0.03536   0.00983  -0.00529  -0.05085  -0.12706   0.05274   0.04502  -0.02020 
 -0.00105   0.01941   0.00499  -0.02426  -0.02842   0.04109   0.03376  -0.05083   0.04421  -0.01304  -0.00925  -0.03100   0.04181   0.01643   0.01947  -0.10082  -0.11649   0.04561   0.05443  -0.03011 
 -0.00025   0.02228   0.02517  -0.05098   0.00021   0.03386  -0.00758  -0.02574   0.05963  -0.04907   0.02544  -0.05057   0.06416  -0.01786   0.01817  -0.08341  -0.10932   0.03924   0.07980  -0.06149 
  0.02265   0.00094   0.02726  -0.05548   0.00697   0.01015   0.00082  -0.01851   0.03436   0.00205  -0.03288  -0.01332   0.05248  -0.00376  -0.01420  -0.04629  -0.11056   0.03730   0.04994  -0.01888 
  0.01271   0.01047   0.00120  -0.02531  -0.03345   0.04455   0.04330  -0.06184   0.01406   0.01480   0.02397  -0.05191   0.00463   0.01039   0.03594  -0.06043  -0.07256   0.03005   0.07584  -0.07095 
 -0.01484   0.02400   0.04537  -0.06141  -0.02929   0.03613   0.01086  -0.01638   0.04457  -0.06931   0.03423  -0.02254   0.03951   0.01453   0.00788  -0.07928  -0.10175   0.00151   0.08481  -0.03113 
  0.00588  -0.00188   0.03157  -0.03817  -0.00072   0.01037  -0.01140   0.00308   0.00831  -0.00455   0.01647  -0.01918   0.02284   0.03022  -0.02100  -0.04516  -0.11363   0.01345   0.05190   0.00536 
 -0.00789   0.01418   0.00816  -0.01488  -0.05573   0.02161   0.06590  -0.04216   0.03228  -0.00115   0.00915  -0.04409  -0.01006   0.03820   0.03596  -0.08270  -0.08922   0.02115   0.05304  -0.01875 
 -0.02191   0.02094   0.04173  -0.04564   0.00116   0.02271   0.00864  -0.03367   0.05070  -0.00626  -0.00283  -0.05167   0.05451  -0.01275   0.03281  -0.09499  -0.07249   0.03629   0.05233  -0.04598 
  0.02227   0.00949   0.02117  -0.05753   0.00874   0.02096   0.01185  -0.04481   0.01708  -0.02376   0.00863  -0.00501   0.05531   0.01791  -0.03274  -0.05984  -0.06845   0.05214   0.03411  -0.04439 
  0.01522   0.01671   0.00439  -0.03839  -0.06351   0.04890   0.03879  -0.02839   0.04316  -0.02486   0.00403  -0.03065   0.00221   0.00720   0.03040  -0.04594  -0.12910   0.01366   0.07391  -0.01259 
 -0.02128   0.01086   0.03714  -0.02956   0.02866  -0.00495  -0.00874  -0.01881   0.03560  -0.01556   0.00374  -0.02953   0.02677   0.00061   0.02871  -0.06729  -0.12085   0.00729   0.08960  -0.03166 
  0.00745  -0.00168   0.02933  -0.03752  -0.02820   0.00796   0.01458   0.00629   0.02552  -0.00648  -0.01768  -0.00759   0.08282  -0.02129  -0.01462  -0.06799  -0.08714   0.04989   0.03125  -0.02543 
  0.01213   0.00712   0.00360  -0.02363  -0.08098   0.04971   0.03648  -0.00960   0.01673  -0.01181   0.00215  -0.00946  -0.01418   0.00228   0.03355  -0.02355  -0.11439   0.01981   0.06377  -0.01489 
 -0.03834   0.01457   0.03511  -0.01447  -0.01079   0.03032   0.00995  -0.02947   0.04403  -0.03595   0.02322  -0.03963   0.03481   0.00198   0.03074  -0.08345  -0.06642  -0.00698   0.07639  -0.03483 
  0.00941  -0.00147   0.03530  -0.04697  -0.01776   0.01768  -0.00205   0.00433   0.02939   0.00192  -0.00751  -0.02844   0.04573   0.01171   0.00028  -0.07492  -0.12345   0.03362   0.05930  -0.01859 
  0.00015   0.01651   0.01208  -0.02999  -0.03283   0.02611   0.04093  -0.03844   0.03189  -0.01863   0.02462  -0.04157   0.00660   0.02567   0.02035  -0.06534  -0.14780   0.01984   0.07535  -0.01017 
 -0.01919   0.01379   0.04027  -0.03861  -0.02994   0.02693   0.04266  -0.04482   0.02614  -0.04697   0.04682  -0.03088   0.00654  -0.00654   0.04349  -0.04936  -0.09941   0.01388   0.06878  -0.02434 
 -0.01217  -0.00228   0.04843  -0.03817  -0.01093  -0.01035   0.01276   0.00733   0.02681  -0.02998   0.01065  -0.01245   0.04967  -0.00934   0.01227  -0.06564  -0.10394   0.04445   0.01551   0.00858 
  0.00470   0.00054   0.01111  -0.01674  -0.03337   0.01408   0.04997  -0.03680   0.03209  -0.03556   0.03390  -0.03536   0.02151   0.01583   0.04737  -0.10803  -0.08486   0.01214   0.05358  -0.01286 
 -0.00769   0.00294   0.04627  -0.04608  -0.02018   0.02647  -0.02071   0.01745   0.08608  -0.05782   0.02811  -0.08369   0.04052  -0.01254   0.02611  -0.06530  -0.12287   0.00540   0.07423  -0.00829 
  0.01618  -0.00818   0.02574  -0.03622   0.01064   0.00761  -0.03259   0.01463   0.04415  -0.03149  -0.01213  -0.01208   0.07112   0.00731  -0.01104  -0.09410  -0.08191   0.01149   0.04362  -0.00229 
  0.02397  -0.00006  -0.00303  -0.02216  -0.06071   0.05499   0.00379   0.00301   0.04262  -0.01598   0.01289  -0.04642   0.00886   0.01886   0.03388  -0.07569  -0.17852   0.02689   0.08157  -0.00905 
 -0.02887   0.02132   0.03437  -0.03020  -0.02026   0.00357  -0.01520   0.03302   0.05032  -0.00254   0.01479  -0.07206   0.04795  -0.02348   0.02929  -0.06545  -0.10377   0.03416   0.03404  -0.00100 
  0.00902   0.00294   0.01423  -0.02722  -0.01814   0.02053  -0.00541   0.00551   0.02090  -0.04355   0.01866  -0.00149   0.02837   0.03081  -0.03284  -0.04064  -0.10407   0.02731   0.02313   0.01801 
 -0.00708   0.01086   0.00040  -0.00429  -0.03047   0.01050   0.02110  -0.00108   0.05648  -0.01042  -0.00789  -0.05064   0.01754   0.02516   0.02487  -0.08546  -0.11644   0.03444   0.04574  -0.00723 
 -0.00607   0.01593   0.02213  -0.03385   0.00901   0.05715  -0.05952  -0.00711   0.03376  -0.00789  -0.00222  -0.02909   0.03977  -0.01053   0.03411  -0.07737  -0.10418   0.03316   0.04966  -0.01798 
  0.00843   0.01709   0.00559  -0.03255  -0.00997   0.03321  -0.08294   0.05602   0.02218  -0.01665  -0.07850   0.04761   0.03912   0.01095  -0.01803  -0.04330  -0.07914   0.03342  -0.00478   0.02563 
  0.00312   0.01477  -0.04596   0.02452  -0.07110   0.07144   0.00124  -0.00223   0.02974  -0.00008  -0.02096  -0.01558   0.02814   0.02820  -0.00110  -0.07227  -0.10185   0.03849   0.04113  -0.01499 
 -0.02316   0.03360   0.00895  -0.02153  -0.01931   0.03858  -0.05953   0.04084   0.04351  -0.01481  -0.00340  -0.03365   0.02004  -0.00163   0.00246  -0.02434  -0.06898   0.03766   0.02466  -0.01617 
  0.00372   0.01418  -0.00955  -0.00874   0.02380   0.03473  -0.10709   0.03983   0.09885  -0.06139  -0.08195  -0.00374   0.10952  -0.02603  -0.05294  -0.06292  -0.01745   0.01038  -0.03333   0.03481 
  0.06220  -0.01044  -0.06818   0.00586   0.06641   0.06244  -0.07235  -0.07537   0.13823  -0.03110  -0.15103  -0.04029   0.15178   0.04122  -0.21319  -0.09223  -0.05686   0.08455  -0.00344  -0.04849 
  0.08571   0.04061  -0.08913  -0.06118   0.13712  -0.00095  -0.08210  -0.10653   0.16158  -0.03090  -0.12690  -0.09822   0.20368   0.03415  -0.09243  -0.37099  -0.01380   0.11809  -0.03045  -0.10062 
  0.14220   0.02457  -0.08155  -0.13994   0.20048  -0.13188  -0.17303  -0.01863   0.18570  -0.12962  -0.18869  -0.01710   0.26193  -0.07974  -0.17302  -0.21619  -0.03784   0.02587  -0.04460   0.04368 
  0.19193  -0.09176  -0.14796  -0.03665  -0.26874  -0.35595   0.34603  -0.14617  -0.09787  -0.24425   0.24240  -0.01150  -0.06751  -0.19417   0.26155  -0.12777  -0.30328  -0.34999   0.34079  -0.17102 
 -0.18742  -0.30286   0.32093  -0.11717  -1.29633  -3.93857   0.57504  -3.93857  -0.92003  -3.93857   0.64212  -3.93857  -1.58892  -3.93857   0.62381  -3.93857  -0.94583  -3.93857   0.54821  -3.93857 
 -1.24777  -3.93857   0.59763  -3.93857  -3.93857  -3.93857  -3.93857   0.61264  -3.93857  -3.93857  -3.93857  -3.93857  -3.93857  -1.15996  -3.93857   0.63054  -3.93857  -3.93857  -3.93857  -3.93857 
 -3.93857  -1.12152  -3.93857   0.59191  -3.93857  -3.93857  -3.93857  -3.93857   0.45308  -0.40883  -0.44121  -0.85687  -3.93857  -3.93857  -3.93857  -3.93857   0.56602  -0.83441  -0.19185  -0.80181 
  0.47142  -0.81030  -0.15080  -0.77818   0.21822   0.01512  -0.54048   0.00900   0.36939  -0.14835  -0.32268  -0.54882   0.39148  -0.12053  -0.48512  -0.47293   0.30840  -0.03361  -0.32947  -0.07587 
  0.28244  -0.03721  -0.49696  -0.07540  -0.82293  -1.05321   0.54280  -1.00783  -0.64186  -0.80632   0.58769  -0.75153  -0.61629  -0.78647   0.55179  -0.65441  -0.66450  -1.20797   0.51122  -0.78950 
 -0.71920  -0.99741   0.55405  -0.85090  -0.13022   0.03670  -0.07910   0.13970  -0.02588  -0.16518   0.05288   0.09165  -0.44184  -0.18682  -0.70071   0.47155  -0.04379  -0.25185  -0.05962   0.21224 
 -0.37560  -0.13840  -0.56885   0.41052  -0.03178   0.08835  -0.21751   0.11072   0.14341  -0.03468  -0.25335   0.01037   0.05753   0.06799  -0.30638   0.06359   0.08298   0.00875  -0.20966   0.08600 
  0.03770   0.01806  -0.19981   0.09092  -0.11452   0.07563  -0.11765   0.12407   0.01189  -0.06621  -0.08903   0.09721   0.02689   0.02348  -0.14823   0.06402  -0.13313  -0.07328  -0.03656   0.15656 
 -0.05860  -0.01667  -0.08131   0.12479  -0.02001   0.11124  -0.25487   0.09844   0.07020   0.04673  -0.29329   0.05020   0.05532   0.08503  -0.20827  -0.00910  -0.03399   0.01061  -0.11106   0.10317 
  0.01038   0.05820  -0.19006   0.07378  -0.07487   0.15199  -0.16913   0.05266  -0.01959   0.13611  -0.22099   0.02129  -0.00059   0.14489  -0.14675  -0.08568  -0.11165   0.08275  -0.09568   0.07029 
 -0.05497   0.12128  -0.14938   0.03677  -0.07501   0.14189  -0.22111   0.09406  -0.04477   0.16720  -0.27617   0.03188  -0.02587   0.12628  -0.21410   0.02538  -0.16940   0.12462  -0.15500   0.09251 
 -0.07250   0.13843  -0.21537   0.06802  -0.06052   0.12046  -0.18534   0.08545  -0.06071   0.15917  -0.21372   0.02786  -0.01969   0.10955  -0.28565   0.07957  -0.13601   0.09711  -0.12216   0.08562 
 -0.07180   0.12021  -0.18572   0.07243  -0.04624   0.10297  -0.21151   0.10563  -0.03830   0.14669  -0.19442   0.01330  -0.01965   0.10078  -0.23884   0.06865  -0.11792   0.08247  -0.07145   0.05574 
 -0.05679   0.10690  -0.15999   0.06133  -0.02998   0.08551  -0.14687   0.07132  -0.03100   0.13044  -0.18437   0.02043  -0.02586   0.06519  -0.16949   0.08023  -0.13396   0.05365  -0.05677   0.08004 
 -0.05339   0.08331  -0.12944   0.06512  -0.04731   0.06627  -0.17522   0.11925  -0.00984   0.09884  -0.20195   0.04345  -0.04698   0.07196  -0.15685   0.08305  -0.16298   0.07142  -0.06702   0.08429 
 -0.06066   0.07595  -0.14040   0.08457  -0.04193   0.08195  -0.19308   0.11153  -0.04399   0.12593  -0.20184   0.04568  -0.00125   0.06336  -0.17831   0.06482  -0.08430   0.07896  -0.11566   0.07378 
 -0.04869   0.08794  -0.16408   0.07763  -0.03625   0.05986  -0.14656   0.09956  -0.03186   0.11979  -0.19241   0.03712  -0.05783   0.07914  -0.13556   0.07043  -0.14562   0.08537  -0.10105   0.08744 
 -0.06596   0.08613  -0.13985   0.07796  -0.03192   0.08642  -0.19464   0.10055  -0.03132   0.13255  -0.21447   0.03320  -0.04008   0.10978  -0.19512   0.05159  -0.10730   0.05228  -0.07269   0.08039 
 -0.05384   0.09251  -0.15451   0.07125  -0.05160   0.07010  -0.15838   0.10977  -0.01299   0.08908  -0.17217   0.04156   0.00305   0.05331  -0.14513   0.05208  -0.11783   0.03832  -0.06598   0.09280 
 -0.04470   0.05995  -0.12701   0.08012  -0.02328   0.04899  -0.16139   0.10703  -0.04230   0.09144  -0.14513   0.05122   0.01250   0.06113  -0.16926   0.04829  -0.12451   0.01905  -0.03998   0.09257 
 -0.04869   0.05236  -0.11297   0.08144  -0.00466   0.05471  -0.16852   0.09075   0.01990   0.06852  -0.18440   0.03590  -0.06345   0.08678  -0.15876   0.08000  -0.06377   0.00706  -0.07404   0.09725 
 -0.02590   0.04967  -0.13488   0.08012  -0.02829   0.07464  -0.15645   0.08611   0.00194   0.06536  -0.15532   0.04167  -0.00142   0.03826  -0.14164   0.07162  -0.10421   0.01155  -0.03541   0.08546 
 -0.03444   0.04317  -0.10753   0.07562  -0.02401   0.04219  -0.11351   0.08313   0.01982   0.05858  -0.16785   0.03696  -0.02665   0.04587  -0.11182   0.06695  -0.07536   0.00906  -0.08336   0.10802 
 -0.02612   0.03564  -0.11349   0.07979  -0.01062   0.06855  -0.11548   0.04847   0.00561   0.04398  -0.14479   0.05200   0.00100   0.05768  -0.11440   0.02737  -0.06401   0.00681  -0.03378   0.06696 
 -0.02002   0.03933  -0.09037   0.05593  -0.02245   0.05847  -0.11324   0.06724   0.03109   0.06978  -0.13576  -0.00439   0.00616   0.04600  -0.11374   0.03612  -0.05567   0.00842  -0.02042   0.04932 
 -0.00931   0.04262  -0.08545   0.03987   0.00777   0.05648  -0.09406   0.02542   0.01975   0.05302  -0.08651  -0.00629   0.00029   0.03046  -0.10394   0.05343  -0.03275  -0.00109  -0.03889   0.05945 
 -0.00025   0.03173  -0.07577   0.03512  -0.01658   0.03548  -0.07426   0.05329   0.01082   0.03929  -0.13390   0.04523   0.00549   0.03542  -0.09431   0.03519  -0.06658   0.01352  -0.00027   0.03267 
 -0.01505   0.02835  -0.06607   0.04421   0.01947   0.02707  -0.11004   0.05339   0.03589   0.04627  -0.10040  -0.00838   0.06495   0.03286  -0.13128  -0.00331  -0.05799  -0.01044  -0.00015   0.04850 
  0.01694   0.02171  -0.07386   0.02715   0.02236   0.04641  -0.13005   0.04751   0.03878   0.05219  -0.08947  -0.02558   0.02237   0.04065  -0.12082   0.03039  -0.06719  -0.00802  -0.00171   0.05328 
  0.00863   0.02986  -0.07625   0.02901   0.01748   0.04710  -0.12371   0.04729   0.06500   0.00495  -0.11062   0.00297   0.02036   0.02538  -0.08883   0.02693  -0.03272   0.00977  -0.02588   0.03877 
  0.02170   0.01902  -0.08179   0.03124   0.01622   0.03785  -0.11180   0.04834   0.05748   0.00382  -0.11205   0.01381   0.00784   0.05715  -0.09335   0.00412  -0.01547  -0.00989  -0.01612   0.03590 
  0.01904   0.01883  -0.07601   0.02957   0.00281   0.05404  -0.11290   0.04751   0.07892   0.02915  -0.12215  -0.03043   0.01209   0.05901  -0.14333   0.03447  -0.02440  -0.03417  -0.00823   0.05458 
  0.02152   0.02381  -0.08496   0.02920  -0.00611   0.06826  -0.09423   0.02790   0.03416   0.02264  -0.08838   0.00832  -0.01267   0.06948  -0.11643   0.02773  -0.00587  -0.00637   0.01746  -0.00809 
  0.00372   0.03490  -0.05911   0.01481  -0.00077   0.06115  -0.09195   0.02785   0.05530   0.00383  -0.13706   0.03112  -0.01762   0.09216  -0.10847  -0.00517   0.01132  -0.03299  -0.00247   0.02380 
  0.01560   0.02948  -0.07697   0.02320  -0.01415   0.10838  -0.12773   0.01899   0.02469  -0.04908  -0.15660   0.10902  -0.01199   0.11137  -0.16110  -0.00070   0.01304  -0.02310   0.01165  -0.00066 
  0.00332   0.03675  -0.09285   0.03969  -0.00038   0.14435  -0.14808  -0.02500  -0.00078  -0.06809  -0.19822   0.15712   0.01427   0.13592  -0.19343  -0.05019   0.06762  -0.08813   0.02410  -0.00453 
  0.01694   0.03266  -0.10420   0.03914   0.03316   0.13383  -0.21338  -0.00241  -0.03124  -0.06218  -0.23724   0.18804   0.02747   0.09768  -0.14733  -0.03642   0.13521  -0.12009   0.02152  -0.04454 
  0.03807   0.01360  -0.11980   0.04762   0.05518   0.13911  -0.24171  -0.01804  -0.03581  -0.09130  -0.21526   0.19788   0.07869   0.09823  -0.19363  -0.07485   0.15489  -0.14190   0.04037  -0.07481 
  0.05943   0.00573  -0.11901   0.03254   0.05733   0.17442  -0.28039  -0.04727  -0.00864  -0.07736  -0.21178   0.17230   0.12254   0.08737  -0.21230  -0.11730   0.12771  -0.13561   0.05131  -0.06133 
  0.06905   0.02285  -0.12809   0.01171   0.04195   0.19059  -0.31871  -0.02921  -0.01999  -0.07676  -0.19369   0.17343   0.13698   0.04842  -0.23148  -0.06247   0.17051  -0.13293   0.04137  -0.10518 
  0.07545   0.02171  -0.14515   0.01749   0.07115   0.19745  -0.33742  -0.07050   0.02280  -0.08047  -0.19390   0.14407   0.10233   0.07244  -0.18252  -0.07779   0.14412  -0.13768   0.02592  -0.04629 
  0.08045   0.02779  -0.14740   0.00703   0.04537   0.16747  -0.25820  -0.03469   0.00884  -0.04827  -0.16231   0.12430   0.12470   0.03313  -0.23006  -0.02068   0.11319  -0.08705   0.03507  -0.06481 
  0.06632   0.02476  -0.12863   0.01326   0.02874   0.16855  -0.26875  -0.00897   0.03636  -0.07482  -0.15928   0.11540   0.11964   0.02373  -0.19724  -0.02178   0.08626  -0.09515   0.02556  -0.01790 
  0.06202   0.01515  -0.12836   0.02733   0.02880   0.15728  -0.23185  -0.01627   0.04908  -0.03564  -0.17136   0.08471   0.08810   0.03985  -0.19036  -0.00151   0.08686  -0.09717   0.01477  -0.00480 
  0.05838   0.02152  -0.12299   0.02130   0.03426   0.14423  -0.20954  -0.02004   0.07623  -0.04379  -0.18564   0.06921   0.07412   0.02271  -0.15193   0.01273   0.07348  -0.07676  -0.00271   0.00969 
  0.06254   0.01574  -0.12245   0.02206   0.01534   0.13007  -0.16017  -0.01459   0.07563   0.00141  -0.16417   0.02476   0.07358   0.03484  -0.19982   0.02988   0.10632  -0.06617  -0.02037  -0.01180 
  0.06409   0.02627  -0.11901   0.00723  -0.01399   0.08668  -0.04714  -0.02725   0.10473  -0.03704  -0.20807   0.04234   0.03385   0.06484  -0.13710  -0.00268   0.11150  -0.03610  -0.02837  -0.03602 
  0.05977   0.01729  -0.08790  -0.00268  -0.02391   0.09897  -0.02495  -0.05563   0.14856  -0.06259  -0.20467   0.00123   0.03816   0.06557  -0.13712  -0.00902   0.12886  -0.07733  -0.04983   0.00331 
  0.07612   0.00889  -0.08741  -0.01385  -0.04441   0.05568   0.05728  -0.08262   0.12370  -0.00675  -0.22533   0.00155   0.02439   0.03899  -0.10594   0.01906   0.17136  -0.06337  -0.04853  -0.05874 
  0.06905   0.00494  -0.05226  -0.03213  -0.04223   0.04225   0.05874  -0.07060   0.12446  -0.01396  -0.20660  -0.00272   0.01793   0.02992  -0.06459   0.00392   0.11728  -0.02956  -0.04895  -0.02737 
