IntronPotTab 1 1024 2.12091
    0.07247
    0.12669
   -0.16588
   -0.04680
    0.07697
   -0.00039
   -0.09953
   -0.03030
   -0.00739
    0.12303
   -0.11842
   -0.01143
   -0.17317
    0.07247
    0.04689
    0.05064
   -0.04085
    0.08787
   -0.09544
    0.04390
   -0.03801
    0.12157
   -0.09359
   -0.03925
    0.06471
    0.00813
   -0.17936
    0.06217
   -0.06488
    0.04409
   -0.00712
   -0.00612
   -0.03996
    0.09159
   -0.04214
   -0.00378
   -0.01975
   -0.06603
   -0.04353
    0.09001
    0.05307
    0.06358
   -0.02199
   -0.16103
   -0.14295
    0.00980
    0.02071
    0.06794
   -0.27875
    0.25836
   -0.16099
    0.07600
    0.01043
    0.03538
    0.01291
   -0.05165
   -0.00092
    0.07513
   -0.06265
   -0.01998
   -0.38894
    0.01630
    0.23151
   -0.02172
   -0.04300
    0.01980
   -0.04873
    0.09050
    0.02635
   -0.01258
   -0.03417
    0.01545
    0.01230
    0.05762
   -0.09287
   -0.01289
   -0.02814
   -0.02294
    0.03000
    0.00662
   -0.05006
    0.10716
   -0.15047
    0.06899
   -0.10120
    0.16278
   -0.06244
   -0.05186
   -0.00277
    0.09628
   -0.14236
   -0.00016
   -0.10015
    0.05118
    0.00743
   -0.01654
    0.01966
    0.02828
   -0.07692
    0.04137
    0.01403
   -0.02731
    0.02152
    0.00575
   -0.03151
    0.01287
   -0.01007
    0.02372
   -0.18408
    0.03303
    0.00119
    0.05260
    0.09414
   -0.01631
   -0.13876
    0.01752
    0.05631
   -0.02027
   -0.09395
    0.04664
    0.12976
    0.02542
   -0.16268
   -0.01166
   -0.26053
   -0.02174
    0.07231
    0.03322
    0.02294
    0.09830
   -0.11104
    0.02925
    0.11020
   -0.09026
   -0.06686
    0.00646
    0.05355
    0.03840
   -0.07285
   -0.04412
   -0.11004
   -0.01871
    0.03857
    0.05557
    0.00307
    0.06028
   -0.12679
    0.06819
   -0.00366
    0.05093
   -0.07941
    0.01322
    0.00654
    0.13624
   -0.11355
   -0.08659
    0.00199
    0.02649
   -0.03423
    0.00298
    0.02134
    0.06070
   -0.05604
   -0.01079
    0.00263
    0.00874
   -0.04803
    0.02450
    0.01004
    0.01845
    0.05205
   -0.09978
   -0.18282
    0.03597
   -0.01315
    0.08644
   -0.02677
    0.10924
   -0.10597
    0.01031
    0.00533
    0.06093
   -0.08625
    0.01684
    0.07978
    0.00181
   -0.14890
    0.04500
   -0.12664
    0.02188
   -0.00439
    0.04946
   -0.07695
    0.24117
   -0.08154
   -0.06590
    0.11162
   -0.02582
   -0.18967
    0.02311
   -0.07570
    0.16067
   -0.12868
   -0.04299
   -0.22413
    0.10558
    0.15505
   -0.04426
   -0.03618
    0.07751
   -0.16696
    0.07131
   -0.01585
    0.10491
   -0.06811
   -0.04704
   -0.05507
    0.17233
   -0.15812
   -0.03916
   -0.04511
    0.05507
    0.02410
   -0.05761
   -0.01919
    0.00311
   -0.09474
    0.08470
   -0.03937
   -0.09347
    0.04550
    0.08538
    0.06093
    0.02694
   -0.08917
   -0.04306
   -0.11633
    0.01127
    0.01378
    0.03902
   -0.14203
    0.21303
   -0.04846
   -0.01572
    0.04962
    0.03982
   -0.07194
   -0.03529
    0.02779
    0.06209
   -0.07493
   -0.02878
   -0.18167
    0.02113
    0.06084
    0.03862
    0.00362
    0.07574
   -0.14959
    0.10875
    0.00817
    0.00077
   -0.12321
    0.08155
    0.02937
    0.08893
   -0.13836
    0.00661
   -0.15944
    0.01400
   -0.10665
    0.20775
   -0.03086
    0.09977
   -0.13696
    0.05312
   -0.06430
    0.10035
   -0.09242
    0.05493
    0.06492
    0.06217
   -0.19566
    0.02896
   -0.06896
    0.05447
   -0.06301
    0.03545
    0.00351
    0.03759
   -0.04819
    0.01394
   -0.04839
    0.03571
   -0.16965
    0.10382
    0.04103
    0.04002
   -0.08293
   -0.01449
   -0.06856
    0.02666
   -0.06749
    0.07522
   -0.05325
    0.07981
   -0.16866
    0.07519
    0.03447
    0.00706
   -0.08365
    0.01578
    0.05388
    0.04815
   -0.11565
    0.01440
   -0.09667
    0.02497
   -0.03192
    0.06243
   -0.00777
    0.00272
   -0.11770
    0.16945
   -0.03766
    0.03300
   -0.02766
    0.01793
    0.02185
    0.05983
   -0.12479
    0.01445
   -0.09982
    0.03174
   -0.06116
    0.08030
    0.00393
    0.11071
   -0.19997
    0.08053
   -0.14926
    0.05839
   -0.04183
    0.09277
   -0.05441
    0.15705
   -0.15051
   -0.01157
   -0.11441
    0.09580
   -0.07437
   -0.01111
   -0.00430
    0.04625
   -0.06074
    0.03658
   -0.09937
    0.04237
    0.01550
    0.01085
    0.04417
    0.05118
   -0.08136
   -0.04719
   -0.23783
    0.07756
   -0.09524
    0.07892
   -0.22551
    0.11343
   -0.06002
    0.05244
   -0.00306
    0.00906
   -0.06774
    0.05812
    0.02975
    0.07588
   -0.11324
    0.00818
   -0.16393
   -0.01009
   -0.00095
    0.07600
   -0.02072
    0.13147
   -0.22632
    0.11379
   -0.02333
    0.08757
   -0.07377
    0.01573
    0.00797
    0.08731
   -0.09982
    0.01614
   -0.07057
    0.03102
   -0.04309
    0.10205
    0.00230
    0.03753
   -0.19209
    0.12836
   -0.09430
    0.12876
   -0.05746
    0.02696
    0.00322
    0.16899
   -0.23001
   -0.01931
   -0.04707
    0.02024
   -0.01235
    0.01839
   -0.01404
    0.09832
   -0.10193
    0.02551
   -0.03973
    0.02324
   -0.06103
    0.07525
    0.01813
    0.07858
   -0.08642
   -0.03638
   -0.13291
    0.10337
   -0.05404
    0.02733
   -0.02037
   -0.00001
   -0.25122
    0.18346
   -0.01292
    0.01892
   -0.08215
    0.07378
    0.01874
    0.02595
   -0.11799
    0.08034
   -0.11816
    0.03625
   -0.03762
    0.06829
   -0.19147
    0.32730
   -0.34358
   -0.06823
    0.03931
    0.02305
   -0.07429
   -0.01301
    0.01758
    0.06618
   -0.13120
    0.02619
   -0.15017
    0.04736
    0.08704
   -0.00712
   -0.00689
    0.08273
   -0.17709
    0.06200
   -0.06634
    0.15132
   -0.04419
   -0.07028
    0.02367
    0.03627
   -0.11948
    0.04388
   -0.04074
    0.03215
   -0.01441
   -0.00102
   -0.11730
    0.18902
   -0.15177
    0.01687
   -0.04154
    0.04554
   -0.00677
   -0.00654
   -0.04519
    0.07828
   -0.11318
    0.05389
   -0.13699
    0.03850
   -0.04641
    0.06751
   -0.14704
    0.19408
   -0.15763
    0.00294
    0.03051
    0.04069
   -0.08168
   -0.01575
   -0.00392
    0.05729
   -0.11523
    0.07121
   -0.13587
    0.05877
   -0.02367
    0.03750
   -0.01815
    0.09512
   -0.14207
    0.05865
    0.01433
    0.02667
   -0.03724
   -0.01816
   -0.03434
    0.13624
   -0.16902
   -0.00065
   -0.03684
    0.00254
   -0.02446
    0.06398
   -0.00777
    0.09095
   -0.12786
    0.03568
   -0.08473
    0.10474
   -0.01741
   -0.00200
    0.03648
    0.08590
   -0.13710
   -0.01271
    0.02143
    0.00943
   -0.00447
   -0.01718
   -0.05537
    0.04727
   -0.02792
    0.03848
   -0.06220
   -0.07590
   -0.09459
    0.14182
    0.02884
    0.04346
   -0.01296
   -0.09314
   -0.14506
    0.04464
    0.00254
    0.03499
   -0.09886
    0.09258
   -0.17002
    0.08623
    0.02785
    0.03766
   -0.02934
   -0.04420
    0.00250
    0.11491
   -0.07202
   -0.07233
   -0.10033
    0.06168
   -0.03884
    0.03361
   -0.03977
    0.03612
   -0.08402
    0.10790
    0.04222
    0.02476
   -0.05796
   -0.03700
    0.02440
    0.03681
   -0.11689
    0.02675
   -0.07361
    0.01185
   -0.03339
    0.06493
   -0.04076
    0.05825
   -0.10567
    0.07681
   -0.11962
    0.15097
    0.00900
   -0.03811
   -0.04244
    0.09659
   -0.12829
    0.03057
   -0.14627
    0.05429
    0.00714
   -0.01186
   -0.04910
    0.10726
   -0.14150
    0.06221
    0.06624
   -0.03165
    0.00499
   -0.03953
   -0.02806
    0.00639
   -0.00555
    0.02410
   -0.21019
    0.06842
   -0.00723
    0.02102
    0.24762
   -0.04287
   -0.23515
   -0.08041
   -0.06329
    0.03686
   -0.05800
    0.06656
    0.12727
    0.02657
   -0.15595
   -0.03553
   -0.10566
    0.03313
   -0.01463
    0.02548
   -0.00836
    0.01051
   -0.07555
    0.09504
    0.05090
   -0.01128
   -0.07977
    0.02590
    0.01692
    0.08176
   -0.10067
    0.00980
   -0.01612
   -0.07422
    0.01881
    0.07012
   -0.04974
    0.00368
   -0.05224
    0.08724
   -0.02699
    0.09474
   -0.10269
    0.03474
   -0.03999
    0.13062
   -0.04001
   -0.06117
    0.03616
   -0.00700
   -0.04408
    0.03005
   -0.00658
    0.06797
   -0.05300
    0.01008
    0.02493
   -0.06928
   -0.01753
    0.04053
   -0.00731
   -0.00164
    0.01824
   -0.00891
   -0.10546
    0.01555
   -0.02446
    0.06842
   -0.06100
    0.00208
   -0.04670
    0.07864
   -0.04908
   -0.01110
    0.01585
    0.03834
   -0.02683
    0.05590
   -0.08929
    0.07131
   -0.03538
    0.00636
   -0.01941
    0.04228
   -0.00206
    0.19836
   -0.14936
   -0.07110
    0.02860
   -0.01196
   -0.23137
    0.10781
    0.02575
    0.13719
   -0.23013
   -0.02434
   -0.04357
    0.02287
    0.05319
   -0.04953
   -0.00525
    0.07472
   -0.21091
    0.08081
   -0.07471
    0.12408
   -0.04058
   -0.01615
   -0.03963
    0.18036
   -0.18039
   -0.02020
    0.00755
    0.03299
   -0.02846
   -0.01553
   -0.01753
    0.04575
   -0.19293
    0.11651
   -0.03922
   -0.01869
   -0.02536
    0.05881
    0.05364
    0.04659
   -0.14885
   -0.00614
   -0.04832
    0.00826
   -0.00877
    0.02656
   -0.18032
    0.21310
   -0.15804
    0.02026
    0.01566
    0.08551
   -0.13920
   -0.02147
   -0.01045
    0.10578
   -0.09760
    0.00181
   -0.05763
    0.00537
   -0.03332
    0.06624
   -0.10031
    0.24339
   -0.06811
   -0.08096
    0.09923
    0.06759
   -0.08365
   -0.15679
    0.02595
    0.15733
   -0.21939
   -0.05836
   -0.25666
    0.21298
    0.17151
   -0.02248
   -0.06801
    0.12750
   -0.10362
    0.03069
   -0.09660
    0.16895
   -0.11835
   -0.01788
    0.04176
   -0.01065
   -0.07313
    0.02656
   -0.10070
    0.04373
    0.06550
   -0.03014
   -0.03025
    0.06651
   -0.00229
   -0.02949
    0.00807
   -0.02426
   -0.15394
    0.07882
    0.11318
   -0.02219
   -0.05075
   -0.05581
   -0.12950
    0.07751
    0.05141
   -0.01593
   -0.21082
    0.31928
   -0.10681
   -0.01697
    0.05721
   -0.00426
   -0.12846
    0.03540
    0.00251
    0.08092
   -0.08485
   -0.01882
   -0.34882
    0.19106
    0.13598
    0.00460
   -0.02959
    0.01784
   -0.13049
    0.16861
    0.03289
    0.02691
   -0.11591
    0.01985
   -0.00864
    0.07136
   -0.13792
    0.03517
   -0.01190
   -0.02833
    0.03931
    0.00039
   -0.00496
    0.05075
   -0.17042
    0.09998
   -0.09426
    0.11114
   -0.04941
   -0.00063
    0.01567
    0.01064
   -0.05128
    0.01515
    0.05748
    0.00755
    0.02243
   -0.05550
    0.01216
    0.03516
   -0.06090
    0.02334
    0.00891
   -0.04260
    0.02928
    0.01980
    0.01670
    0.01233
   -0.01425
   -0.02033
   -0.14573
    0.04495
   -0.01589
    0.02035
   -0.06050
    0.14583
   -0.11954
   -0.03095
    0.00336
    0.00333
   -0.05884
    0.04560
    0.04649
    0.03865
   -0.12556
    0.05209
   -0.12546
   -0.04633
    0.02566
    0.06674
   -0.01705
    0.09697
   -0.12601
    0.08039
    0.00865
    0.00471
   -0.11314
    0.09189
    0.03821
    0.07825
   -0.18141
    0.04860
    0.01198
   -0.02579
   -0.01095
    0.03871
   -0.02903
    0.07889
   -0.17342
    0.11499
   -0.08865
    0.13762
   -0.11709
    0.04332
    0.05318
    0.18062
   -0.30318
   -0.09307
    0.08598
   -0.02027
   -0.02198
   -0.00618
   -0.00428
    0.03510
   -0.11063
    0.07626
   -0.02876
   -0.02236
   -0.07446
    0.09577
    0.00801
    0.02796
   -0.02238
   -0.02231
   -0.13868
    0.02804
   -0.03717
    0.09097
   -0.01457
    0.04695
   -0.18168
    0.10961
   -0.03312
    0.05499
   -0.07363
    0.05279
   -0.01959
    0.02090
   -0.05919
    0.05621
   -0.01467
   -0.02231
   -0.03541
    0.07297
   -0.03233
    0.24475
   -0.07545
   -0.10542
    0.06720
   -0.02542
   -0.17440
    0.04593
    0.03287
    0.05881
   -0.10375
   -0.02870
   -0.24431
    0.14400
    0.19692
   -0.07353
   -0.02080
    0.13828
   -0.20020
    0.03893
   -0.07692
    0.14620
   -0.11822
   -0.01572
    0.02157
    0.10535
   -0.16604
   -0.00630
   -0.04341
    0.03014
    0.02406
   -0.02565
    0.00635
    0.02111
   -0.08595
    0.05066
   -0.03048
   -0.07331
    0.06211
    0.04329
    0.02440
    0.06307
   -0.07190
   -0.04958
   -0.12447
    0.00953
   -0.00444
    0.04996
   -0.17572
    0.24835
   -0.18095
   -0.02274
    0.01131
    0.01252
   -0.06617
    0.02004
    0.02071
    0.06743
   -0.11650
    0.01074
   -0.17785
    0.06432
    0.00337
    0.02630
