21 20 3 1 47 -4.4903 2.6851 4.7059 5429
 -0.03480   0.06270  -0.01031  -0.02645  -0.08361   0.08291   0.05984  -0.07971  -0.01008  -0.00275   0.02264  -0.00637   0.00281   0.03637  -0.02604  -0.01917  -0.16989   0.06347   0.06124  -0.04941 
 -0.04441   0.04261   0.02707  -0.03411  -0.00777   0.03019   0.01195  -0.03430   0.00472   0.00529   0.00776  -0.01654   0.01849   0.03158  -0.01619  -0.04718  -0.12211   0.06591   0.05780  -0.07624 
 -0.00916   0.03367   0.01231  -0.04192  -0.03876   0.08165  -0.00820  -0.03360  -0.02065   0.00298   0.01671   0.00345   0.03629   0.02865  -0.03801  -0.04338  -0.11176   0.04995   0.03412  -0.02795 
 -0.01720   0.03802  -0.00137  -0.02335  -0.04219   0.08845   0.03087  -0.08891  -0.02156   0.01430  -0.01033   0.01517  -0.00960   0.06966  -0.04590  -0.02654  -0.12278   0.07668   0.02748  -0.05100 
 -0.03692   0.06078  -0.00043  -0.03271   0.01772   0.02573  -0.00855  -0.03405  -0.00502  -0.00084   0.04103  -0.03026   0.02188   0.01823  -0.00849  -0.04351  -0.09629   0.05062   0.02127  -0.02253 
 -0.00257   0.02305   0.00801  -0.03131  -0.05105   0.02345   0.03096  -0.00698   0.00133   0.02707  -0.03401  -0.00148   0.02931   0.04629  -0.00940  -0.09660  -0.14317   0.05246   0.02592  -0.00426 
 -0.02162   0.03715   0.00365  -0.02335  -0.12426   0.03684   0.10239  -0.05243  -0.03700   0.02816   0.03354  -0.02127   0.01019   0.06144  -0.03866  -0.05087  -0.19305   0.05198   0.06033  -0.02054 
 -0.06317   0.04489   0.03990  -0.03446  -0.04212   0.07122   0.00567  -0.03470  -0.00077   0.00853   0.02951  -0.03361   0.03900  -0.02688   0.02972  -0.06311  -0.15630   0.04138   0.06706  -0.03391 
 -0.01484   0.02096   0.03031  -0.04192  -0.01917   0.07339  -0.01253  -0.03957   0.00678   0.02248  -0.00860  -0.02261   0.01626   0.04533  -0.02064  -0.05822  -0.11687   0.08513   0.01559  -0.05241 
 -0.01082   0.05500  -0.00870  -0.04299  -0.05589   0.06937   0.05345  -0.08218  -0.02283   0.01877   0.03392  -0.02558   0.01703   0.00829  -0.00276  -0.03036  -0.20065   0.06630   0.05988  -0.03589 
 -0.04011   0.03860   0.03353  -0.04120  -0.04010   0.03642   0.04211  -0.04489   0.01612  -0.03756   0.02961  -0.00696   0.02010   0.04522  -0.00372  -0.08737  -0.11503   0.04700   0.07819  -0.08241 
 -0.01049   0.02245   0.03324  -0.05206  -0.01807   0.07032   0.00653  -0.06048  -0.05685   0.03096   0.04325  -0.01467   0.03611  -0.00602   0.00232  -0.04721  -0.15276   0.04884   0.05854  -0.03448 
 -0.02505   0.03309   0.02469  -0.03906  -0.07384   0.05152   0.07516  -0.07446  -0.01208   0.00470   0.00809   0.00075   0.00635   0.05920  -0.05303  -0.02517  -0.15448   0.03925   0.05366  -0.01474 
 -0.03763   0.03773   0.01990  -0.02645  -0.01887   0.04277   0.01026  -0.03335   0.02732  -0.03055   0.03420  -0.02994   0.00903   0.02667   0.00758  -0.05736  -0.13492   0.04868   0.04333  -0.02450 
 -0.01049   0.02126   0.02110  -0.03587   0.01071   0.05061  -0.02454  -0.03371   0.00870   0.03761  -0.04436  -0.01230   0.02951   0.02879  -0.02374  -0.05059  -0.09074   0.03265   0.04352  -0.02955 
  0.00392   0.03600  -0.01258  -0.03096  -0.09649   0.05463   0.06383  -0.03955  -0.03584   0.04709   0.00783  -0.02011  -0.01376   0.03394  -0.00530  -0.01849  -0.28379   0.06902   0.08715  -0.04039 
 -0.07576   0.05025   0.03903  -0.02852   0.00609   0.04286  -0.00688  -0.04045   0.01887  -0.01589   0.03628  -0.03667   0.01858   0.02070   0.04307  -0.11868  -0.14330   0.03655   0.06332  -0.02960 
 -0.00421   0.02036   0.03207  -0.05500  -0.06995   0.06915   0.00383  -0.00401   0.01511  -0.00712  -0.01950   0.00684   0.00108   0.03410  -0.04099   0.00289  -0.14697   0.05968   0.01063   0.00547 
 -0.02781   0.03629  -0.01355   0.00164  -0.07749   0.10650   0.02625  -0.06843   0.00998   0.02150  -0.00996  -0.02385  -0.01520   0.04540   0.00841  -0.05043  -0.21221   0.07030   0.06282  -0.03996 
 -0.05204   0.05996   0.02200  -0.04263  -0.06471   0.10410  -0.00683  -0.03615   0.03184  -0.00874   0.00574  -0.03054   0.00904  -0.02366   0.02372  -0.01371  -0.16505   0.02078   0.08933  -0.03322 
 -0.01957   0.01885   0.02529  -0.02852   0.00825   0.02907   0.01079  -0.04987   0.00553   0.01666  -0.02832   0.00046   0.02533   0.06469  -0.04967  -0.06597  -0.19378   0.07581   0.01951  -0.00294 
 -0.01249   0.04800  -0.01290  -0.02783  -0.07231   0.08123   0.06048  -0.09030  -0.01473   0.02681   0.00237  -0.01417   0.03650   0.04934  -0.03715  -0.07570  -0.22210   0.05963   0.06916  -0.02885 
 -0.03976   0.05221   0.02380  -0.04696   0.00162   0.07853  -0.02047  -0.05975   0.01893   0.00881   0.00076  -0.02951  -0.02672   0.03377   0.03620  -0.05645  -0.14105   0.02392   0.08394  -0.04268 
 -0.01720   0.03338   0.02320  -0.04587  -0.01955   0.05327   0.03202  -0.07258   0.02029  -0.01536   0.00647  -0.01181   0.05380   0.00865  -0.06226  -0.01636  -0.16181   0.06918   0.03565  -0.02847 
  0.00069   0.02692   0.00083  -0.03131  -0.07185   0.04478   0.07811  -0.07320  -0.02557   0.06126   0.00487  -0.04436   0.00303   0.05890   0.00026  -0.08762  -0.18217   0.08364   0.03779  -0.04154 
 -0.04876   0.06215   0.03090  -0.05982  -0.02241   0.05097   0.01372  -0.04264   0.03252   0.03106   0.01957  -0.08960  -0.02146   0.05094   0.02257  -0.06996  -0.14215   0.01975   0.08464  -0.03767 
 -0.01484   0.03744   0.03060  -0.06282  -0.05782   0.07339  -0.00128  -0.01377   0.01622  -0.01469  -0.01250   0.00725   0.05018   0.01149  -0.04977  -0.02814  -0.13352   0.01270   0.04275   0.01893 
 -0.00487   0.01704  -0.00870  -0.00423  -0.12878   0.09328   0.07058  -0.06611  -0.04003   0.02975   0.00653   0.00340   0.00120   0.02532   0.02319  -0.06566  -0.21217   0.05656   0.05937  -0.01648 
 -0.07499   0.05025   0.04133  -0.03201  -0.01759   0.09587   0.00229  -0.08792   0.01275   0.00097   0.03388  -0.04480  -0.00609   0.02377   0.02190  -0.05076  -0.10182   0.02535   0.05794  -0.03195 
 -0.01350   0.03309   0.02588  -0.05279  -0.05174   0.06686  -0.00634  -0.00684  -0.02354   0.02361  -0.00952   0.00730   0.04057   0.03277  -0.07040  -0.01904  -0.08838   0.05071   0.01624  -0.02156 
 -0.01450   0.04090  -0.02043  -0.00951  -0.08598   0.07047   0.05171  -0.05037  -0.03955   0.02972   0.02856  -0.01594  -0.00832   0.02001   0.01151  -0.02843  -0.20689   0.07273   0.05939  -0.04144 
 -0.06657   0.04829   0.03672  -0.03166  -0.07227   0.07606  -0.01036   0.00621   0.01779  -0.01853   0.03944  -0.03585   0.02777   0.00649  -0.00692  -0.03868  -0.15911  -0.00103   0.09816  -0.02215 
 -0.01957   0.01247   0.02825  -0.02472  -0.02133   0.07294  -0.01546  -0.03337  -0.03923   0.04422  -0.04335   0.02574   0.05906  -0.00103  -0.04742  -0.02873  -0.17161   0.05335   0.02174   0.01321 
 -0.01856   0.04090  -0.02142  -0.00455  -0.12909   0.10937   0.04022  -0.04331  -0.00763   0.03496  -0.01872  -0.01259   0.01850   0.03923  -0.00957  -0.06718  -0.19742   0.09341   0.03383  -0.04356 
 -0.05646   0.06892   0.01109  -0.03729  -0.00438   0.05574  -0.01483  -0.03333   0.02861  -0.01222   0.01880  -0.03508  -0.01061   0.05614   0.01407  -0.08196  -0.16468   0.04753   0.04842  -0.01366 
 -0.01417   0.03513   0.01293  -0.03906  -0.03376   0.06491   0.01617  -0.04920   0.04301  -0.00306  -0.03137  -0.01810   0.02335   0.03141  -0.04259  -0.02236  -0.06659   0.04038  -0.01194   0.00896 
  0.00553   0.03104  -0.01911  -0.01993  -0.09033   0.09123   0.01386  -0.02179   0.00333   0.03852  -0.01727  -0.02913  -0.00125   0.03929  -0.01859  -0.02646  -0.17361   0.05487   0.04023  -0.00882 
 -0.04658   0.05416   0.00459  -0.02061  -0.02909   0.07443  -0.01365  -0.02902   0.01999  -0.01411   0.02024  -0.02474   0.00484   0.01321  -0.00350  -0.01857  -0.15387   0.04177   0.07576  -0.04777 
 -0.01957   0.02662   0.01809  -0.02922  -0.00095   0.09949  -0.10059   0.00060  -0.00224   0.03333  -0.01426  -0.02000   0.03753   0.05019  -0.05310  -0.05878  -0.13735   0.02141   0.04035   0.01379 
 -0.00651   0.04885  -0.03180  -0.01553  -0.07984   0.05198   0.04263  -0.02349  -0.03239   0.03730   0.00023  -0.00630   0.01025   0.00452   0.00214  -0.02204  -0.20976   0.06686   0.06963  -0.04550 
 -0.05720   0.04090   0.02825  -0.02130  -0.02915   0.09191  -0.06611   0.00573   0.02924  -0.04483   0.04323  -0.02731   0.06275  -0.01764  -0.02469  -0.04070  -0.08209   0.00769   0.06478  -0.03108 
  0.01285   0.00569   0.00459  -0.02438   0.00958   0.06213  -0.08135   0.01215   0.00036   0.05534  -0.07763   0.00093   0.05004   0.02841  -0.05743  -0.04205  -0.11188   0.04768   0.00056   0.01287 
  0.00295   0.04687  -0.05299  -0.00259  -0.10825   0.15016  -0.01907  -0.04142  -0.01471   0.06685  -0.05933  -0.00975  -0.02978   0.08484  -0.00549  -0.07339  -0.21088   0.07834   0.03297  -0.01415 
 -0.07306   0.09296  -0.01258  -0.02783  -0.07816   0.10367  -0.05983   0.03030   0.05802  -0.01607  -0.01733  -0.03455   0.02970   0.02560  -0.05306  -0.01220  -0.10117   0.02117   0.03548   0.00043 
  0.00134   0.02869  -0.02675  -0.00521   0.00890   0.06106  -0.08831   0.01996   0.06598  -0.07464  -0.02929   0.01708   0.06303   0.03127  -0.06413  -0.06004  -0.07185   0.03911   0.00342  -0.00242 
  0.02865   0.01400  -0.04453  -0.00063   0.03724   0.10323  -0.02312  -0.13810   0.08353   0.05345  -0.16926  -0.03392   0.11001   0.08097  -0.19428  -0.09183  -0.05973   0.08764  -0.00116  -0.07372 
  0.05463   0.08006  -0.08092  -0.07967   0.11954   0.04330  -0.10009  -0.09310   0.17546  -0.04341  -0.11408  -0.10751   0.19603   0.03750  -0.08852  -0.43351  -0.08170   0.12898  -0.03142  -0.09195 
  0.13879   0.03571  -0.08858  -0.13943   0.20804  -0.10680  -0.12742  -0.07611   0.18910  -0.08860  -0.18681  -0.03855   0.27112  -0.11542  -0.22257  -0.20409  -0.07697  -0.00852   0.01432   0.04195 
  0.19807  -0.09066  -0.12650  -0.05685  -0.37704  -0.26917   0.34707  -0.17801  -0.14423  -0.21050   0.26662  -0.01723  -0.05591  -0.22478   0.23741  -0.11183  -0.57376  -0.33130   0.36198  -0.13595 
 -0.25122  -0.27138   0.32568  -0.11546  -1.50316  -3.73480   0.55955  -3.73480  -1.58986  -3.73480   0.66313  -3.73480  -1.90321  -3.73480   0.59359  -3.73480  -1.49067  -3.73480   0.56028  -3.73480 
 -1.69055  -3.73480   0.59314  -3.73480  -3.73480  -3.73480  -3.73480   0.60294  -3.73480  -3.73480  -3.73480  -3.73480  -3.73480  -1.18714  -3.73480   0.66326  -3.73480  -3.73480  -3.73480  -3.73480 
 -3.73480  -1.18896  -3.73480   0.60169  -3.73480  -3.73480  -3.73480  -3.73480   0.48407  -1.05230  -0.28317  -0.67337  -3.73480  -3.73480  -3.73480  -3.73480   0.56293  -0.96776  -0.05879  -0.60657 
  0.43433  -0.91621  -0.03011  -0.58900   0.27898  -0.05157  -0.57852  -0.00922   0.39874  -0.13608  -0.35235  -0.69140   0.44838  -0.25903  -0.76552  -0.78509   0.22368  -0.04067  -0.18829  -0.00155 
  0.35029  -0.13430  -0.54256  -0.11335  -1.03337  -1.34061   0.53964  -1.12394  -0.72108  -1.15361   0.61756  -0.84816  -0.78541  -0.92195   0.55116  -1.02221  -0.71670  -1.35510   0.52997  -1.00618 
 -0.87973  -1.27476   0.56405  -1.01782  -0.23978   0.05463  -0.08034   0.17700   0.07458  -0.18886  -0.11797   0.12839  -0.44366  -0.24819  -0.79403   0.52512  -0.02570  -0.36135  -0.05295   0.25413 
 -0.36449  -0.23799  -0.67816   0.45004   0.08719   0.05387  -0.26859   0.06453   0.07612  -0.02746  -0.17836   0.05730   0.11163   0.06846  -0.48538   0.08468   0.00015   0.00119  -0.19209   0.13913 
 -0.03798   0.03802  -0.19237   0.13307  -0.06091   0.09265  -0.27419   0.15766   0.00717  -0.02599  -0.09307   0.07772   0.09991   0.05616  -0.19642  -0.03089  -0.14319  -0.10869  -0.00935   0.16732 
 -0.03692  -0.00725  -0.11036   0.12388  -0.01242   0.19107  -0.41840   0.08585   0.03610   0.14148  -0.51169   0.04437   0.10630   0.11855  -0.36185  -0.02802  -0.09064   0.10149  -0.23189   0.10723 
  0.00134   0.13899  -0.34617   0.06982  -0.05495   0.19043  -0.25007   0.04759  -0.06684   0.18179  -0.29633   0.02004   0.11265   0.13014  -0.23885  -0.15404  -0.13430   0.09574  -0.08864   0.04520 
 -0.05794   0.15405  -0.20785   0.03257  -0.07743   0.20269  -0.25914   0.05500  -0.07000   0.19037  -0.38927   0.04283   0.06652   0.08828  -0.24283   0.01092  -0.10120   0.12519  -0.14212   0.02985 
 -0.05388   0.16215  -0.26020   0.04710  -0.05629   0.13746  -0.24865   0.10513  -0.10222   0.17148  -0.31738   0.06746   0.04747   0.11021  -0.34434   0.06327  -0.13276   0.11223  -0.15209   0.06890 
 -0.07615   0.14241  -0.25620   0.08639  -0.02433   0.13727  -0.22163   0.06660  -0.08146   0.09861  -0.19414   0.08649   0.07035   0.05420  -0.23099   0.04271  -0.17204   0.10468  -0.09297   0.05411 
 -0.06771   0.10722  -0.17459   0.07805  -0.04083   0.15251  -0.20486   0.05414  -0.05776   0.12007  -0.25831   0.07351   0.05016   0.05989  -0.21117   0.05019  -0.13636   0.07338  -0.10438   0.08389 
 -0.05461   0.10648  -0.18847   0.07723  -0.07560   0.14663  -0.26001   0.11503  -0.04863   0.12373  -0.20141   0.03831   0.00778   0.04196  -0.18835   0.10527  -0.07655   0.08367  -0.09481   0.03585 
 -0.05794   0.10722  -0.17837   0.07313  -0.03778   0.12794  -0.20364   0.07675  -0.04730   0.12007  -0.22836   0.05346   0.03389   0.07167  -0.26536   0.08797  -0.10765   0.07589  -0.08093   0.05055 
 -0.04839   0.10401  -0.18028   0.07065  -0.06341   0.15909  -0.20459   0.06469  -0.05561   0.14756  -0.22515   0.02606   0.00977   0.10564  -0.21463   0.04392  -0.14559   0.09645  -0.10720   0.06338 
 -0.06961   0.13092  -0.18219   0.05633  -0.04548   0.09608  -0.25745   0.13790  -0.07829   0.13568  -0.15866   0.02646   0.05016   0.04936  -0.24465   0.08261  -0.12496   0.05498  -0.04868   0.05675 
 -0.05869   0.09449  -0.15978   0.07669  -0.01248   0.09476  -0.15758   0.05966  -0.03457   0.06964  -0.20233   0.08388   0.00410   0.06092  -0.17485   0.08014  -0.10928   0.02039  -0.03971   0.07822 
 -0.04477   0.06188  -0.13329   0.08371   0.01621   0.06706  -0.21680   0.09487  -0.00612   0.04705  -0.09119   0.02469   0.02947   0.05123  -0.22900   0.09584  -0.05713   0.03455  -0.05778   0.05218 
 -0.01249   0.05193  -0.13158   0.06705  -0.03970   0.06585  -0.15744   0.10671  -0.01104   0.03421  -0.10698   0.05088   0.01611   0.04044  -0.17452   0.08928  -0.08084  -0.01272  -0.01086   0.07161 
 -0.03374   0.03045  -0.09874   0.08264  -0.05415   0.11975  -0.16339   0.07326   0.00936   0.02515  -0.12358   0.05023   0.03604   0.05532  -0.19014   0.05967  -0.04122   0.01080  -0.02541   0.04009 
 -0.01822   0.05081  -0.11036   0.05861  -0.04263   0.02336  -0.11629   0.11557   0.00910  -0.01645  -0.12276   0.08451   0.05027   0.05444  -0.21107   0.05652  -0.04220  -0.00528  -0.03380   0.06412 
 -0.01016   0.01247  -0.10833   0.08665   0.00400   0.05562  -0.16866   0.08725   0.00853   0.01028  -0.06587   0.03007   0.05213   0.00478  -0.16631   0.07885  -0.06512   0.01492  -0.01207   0.03703 
 -0.00684   0.02395  -0.08819   0.05946  -0.01501   0.04291  -0.05475   0.03061   0.02656   0.02173  -0.09246   0.01860   0.07838   0.01648  -0.19115   0.04913  -0.02622  -0.05366   0.03468   0.03467 
  0.01253   0.00506  -0.05692   0.03558  -0.00727   0.02489  -0.09088   0.06891  -0.00848   0.03837  -0.08571   0.03206   0.04245  -0.01773  -0.08932   0.05497  -0.03312  -0.00168   0.01747   0.00550 
 -0.00322   0.01216  -0.05477   0.04152   0.02082   0.04065  -0.10003   0.03675   0.03623  -0.00377  -0.05577   0.00828   0.05639   0.01272  -0.11834   0.02843  -0.03907  -0.01822   0.03902   0.00299 
  0.01911   0.00693  -0.04874   0.02034   0.00091   0.06689  -0.12086   0.04805   0.01858   0.02972  -0.08060   0.01124   0.08502  -0.01286  -0.12808   0.02396  -0.00738  -0.00352   0.00109   0.00788 
  0.02498   0.01975  -0.07601   0.02466  -0.02857   0.06703  -0.12076   0.07340   0.05640  -0.00772  -0.08148   0.00744   0.04847   0.03533  -0.14594   0.03533  -0.09538   0.01340   0.00127   0.04213 
  0.00231   0.02543  -0.07902   0.04300  -0.00975   0.06894  -0.12247   0.05697   0.06056  -0.01220  -0.09911   0.01819   0.06921   0.02591  -0.13881   0.01161  -0.04949  -0.00184  -0.02156   0.05418 
  0.01973   0.01885  -0.08858   0.04064  -0.04560   0.07466  -0.09666   0.06278   0.06909   0.00625  -0.07556  -0.02530   0.03876   0.03965  -0.14809   0.04464  -0.04533  -0.00258  -0.00039   0.03262 
  0.00585   0.02751  -0.07079   0.03106  -0.02240   0.05141  -0.11365   0.07667   0.05849   0.00914  -0.08588  -0.00820   0.03226   0.05651  -0.15532   0.03813  -0.01465  -0.00455   0.01670  -0.00284 
  0.01411   0.02603  -0.07451   0.02772  -0.03330   0.07551  -0.15844   0.09455   0.06288  -0.07474  -0.07124   0.04870   0.01701   0.10057  -0.16216   0.00364  -0.04521   0.00826   0.00708   0.01336 
  0.00360   0.02603  -0.08665   0.04710  -0.04730   0.11390  -0.12064   0.04416   0.07339  -0.11543  -0.05378   0.05466   0.01067   0.07746  -0.15649   0.03944   0.00075  -0.03575   0.04800  -0.01652 
  0.00904   0.00909  -0.05549   0.03377  -0.04442   0.12932  -0.14680   0.04452  -0.02959  -0.10155  -0.11136   0.16133  -0.00590   0.15739  -0.18764  -0.03857   0.08329  -0.04972  -0.00896  -0.00319 
 -0.00618   0.03687  -0.10271   0.05690   0.03577   0.17357  -0.24893  -0.01966  -0.06743  -0.12475  -0.16189   0.21393   0.00743   0.15701  -0.17663  -0.06723   0.16166  -0.12121   0.04105  -0.07233 
  0.02621   0.02096  -0.11077   0.04885   0.03750   0.18046  -0.21043  -0.05902  -0.07776  -0.15357  -0.19325   0.24103   0.05068   0.12259  -0.20549  -0.04627   0.22905  -0.15296   0.03367  -0.12319 
  0.05435   0.00475  -0.11815   0.04182   0.09270   0.18496  -0.28654  -0.08856  -0.07951  -0.11443  -0.20855   0.23042   0.07589   0.15912  -0.24130  -0.13578   0.23040  -0.17723   0.06551  -0.15217 
  0.07643   0.02156  -0.13031   0.00966   0.07778   0.23404  -0.37183  -0.09814  -0.01434  -0.16959  -0.25431   0.23123   0.09792   0.14573  -0.23773  -0.15661   0.23807  -0.15762   0.01177  -0.10086 
  0.09117   0.03280  -0.18847   0.02065   0.06833   0.25793  -0.44153  -0.09280  -0.01066  -0.09848  -0.22508   0.18975   0.13227   0.06065  -0.19429  -0.10420   0.18479  -0.12190   0.03554  -0.09349 
  0.08050   0.04347  -0.17790   0.01472   0.06201   0.21080  -0.35305  -0.04577   0.01437  -0.11790  -0.13660   0.15038   0.14184   0.05009  -0.21701  -0.08675   0.17257  -0.14247   0.04355  -0.06852 
  0.08427   0.01216  -0.14194   0.01878   0.05824   0.21893  -0.33936  -0.06173   0.00085  -0.07498  -0.17799   0.15341   0.10465   0.05838  -0.24989  -0.00257   0.11693  -0.12290   0.04670  -0.02900 
  0.06118   0.03250  -0.15121   0.03015   0.00471   0.21243  -0.25830  -0.03495   0.00186  -0.04657  -0.14411   0.12156   0.11269  -0.00942  -0.20259   0.03460   0.10946  -0.08409   0.04041  -0.05086 
  0.04507   0.02869  -0.11939   0.02863  -0.01667   0.20015  -0.25550   0.00386   0.01544  -0.01425  -0.14219   0.08706   0.10257  -0.01177  -0.18923   0.04328   0.10446  -0.08385   0.01269  -0.01244 
  0.04184   0.02987  -0.12734   0.03647  -0.03533   0.18716  -0.16990  -0.01807   0.08803  -0.06358  -0.17278   0.06918   0.08383   0.01263  -0.17876   0.03693   0.06252  -0.07039  -0.01278   0.03678 
  0.04478   0.02096  -0.12022   0.03737  -0.03952   0.13643  -0.12029   0.01222   0.08502  -0.08234  -0.17831   0.08745   0.01496   0.07817  -0.14978   0.02799   0.06304  -0.06521  -0.00920   0.02833 
  0.02713   0.01552  -0.10112   0.04622  -0.05840   0.10475  -0.01809  -0.03007   0.07915  -0.05599  -0.15239   0.06319   0.03711   0.03232  -0.16201   0.06527   0.09852  -0.03049  -0.04092  -0.00400 
  0.03409   0.01125  -0.07827   0.02589  -0.05996   0.07316   0.00202  -0.01529   0.09193  -0.03437  -0.13627   0.02369  -0.00863   0.03072  -0.13346   0.09799   0.11630  -0.02683  -0.07422   0.00705 
  0.03229   0.00847  -0.07414   0.02711  -0.08878   0.07955   0.02828  -0.02743   0.13319  -0.06843  -0.20076   0.03407   0.05140   0.04021  -0.14988   0.02857   0.13516  -0.03607  -0.08079   0.00465 
  0.05778   0.00225  -0.08130   0.01220  -0.14878   0.08058   0.04978  -0.00653   0.08374  -0.01123  -0.14315   0.01705  -0.02977   0.04333  -0.05127   0.03899   0.14761  -0.01542  -0.07815  -0.03291 
