14 20 14 1 36 -3.6706 1.9067 3.5911 5432
 -0.01006  -0.08245   0.02830   0.05380  -0.01470  -0.02467   0.07040  -0.05054  -0.02473   0.01940   0.04976  -0.03961  -0.13236  -0.20007  -0.06625   0.29005   0.12151  -0.09411   0.04580  -0.06038 
 -0.01981  -0.07490   0.02978   0.05495  -0.04127  -0.04125   0.10525  -0.05914  -0.04459   0.03009   0.04222  -0.02418  -0.12670  -0.13200  -0.13964   0.29421   0.12510  -0.10657   0.04276  -0.04762 
 -0.02840  -0.06419   0.02206   0.06120   0.00897   0.00000   0.02659  -0.04128  -0.04910   0.03688  -0.02558   0.02883  -0.10234  -0.16881  -0.13998   0.29770   0.10933  -0.06126   0.01414  -0.04161 
 -0.01542  -0.04667  -0.02299   0.07672  -0.02713   0.01445   0.03909  -0.03192  -0.03258   0.02199  -0.01699   0.02276  -0.08832  -0.09683  -0.20335   0.28386   0.10333  -0.04098  -0.01250  -0.02677 
 -0.01812  -0.02314  -0.03408   0.06903   0.01556  -0.00715  -0.00571  -0.00383  -0.05754   0.05841  -0.02070   0.01037  -0.12509  -0.04524  -0.20282   0.27595   0.06774  -0.05245  -0.00073   0.00398 
 -0.03083  -0.00974  -0.04407   0.07590  -0.02017   0.02242  -0.04634   0.04564   0.00006   0.05517  -0.11749   0.02652  -0.00598  -0.04275  -0.21029   0.20030  -0.00197  -0.01390  -0.04465   0.05789 
 -0.01407   0.00885  -0.09192   0.08186  -0.02847   0.04168  -0.04367   0.03388  -0.06998   0.08909  -0.10222   0.04199  -0.07716  -0.00100  -0.18766   0.21279  -0.01857   0.01588  -0.05172   0.04443 
 -0.05744   0.04123  -0.08420   0.08025  -0.04010   0.07243  -0.12703   0.08220   0.00266   0.05174  -0.12211   0.03024  -0.01414  -0.04054  -0.17689   0.18916  -0.05726   0.05715  -0.07284   0.03937 
 -0.03188   0.04465  -0.11839   0.08106  -0.03066   0.07976  -0.12787   0.06877  -0.01052   0.10190  -0.18376   0.02175   0.00119   0.05224  -0.23566   0.12789  -0.04640   0.03002  -0.07599   0.06557 
 -0.02909   0.06895  -0.14218   0.07014  -0.05595   0.13611  -0.18741   0.07310  -0.01343   0.10997  -0.18079   0.01347   0.05088   0.02885  -0.22035   0.08977  -0.05055   0.02124  -0.02475   0.03383 
 -0.02426   0.07772  -0.13525   0.05237  -0.02532   0.09275  -0.14416   0.06353  -0.02640   0.08955  -0.19911   0.05649  -0.02067   0.06766  -0.15147   0.08284  -0.08137   0.06738  -0.04147   0.01310 
 -0.04178   0.08191  -0.12716   0.05666   0.00202   0.08701  -0.18864   0.07386  -0.00700   0.07856  -0.13554   0.01878   0.02021   0.07799  -0.22689   0.07475  -0.07812   0.04646  -0.04116   0.03621 
 -0.01880   0.07349  -0.13439   0.05179  -0.00731   0.10092  -0.22184   0.08795  -0.02428   0.07746  -0.21664   0.07445   0.03605   0.04147  -0.23679   0.10309  -0.07700   0.03590  -0.03173   0.03904 
 -0.02254   0.06571  -0.15911   0.07862  -0.07500   0.13414  -0.19396   0.09281  -0.00915   0.06093  -0.13276   0.03779   0.03894   0.01581  -0.14473   0.06846  -0.07112   0.06288  -0.05293   0.02335 
 -0.03610   0.07349  -0.12296   0.05837  -0.04588   0.12065  -0.23228   0.10525  -0.00360   0.05408  -0.14053   0.04383   0.03858   0.02386  -0.15899   0.07055  -0.09700   0.02374  -0.01729   0.04956 
 -0.02805   0.05642  -0.12379   0.07014  -0.01171   0.08248  -0.18456   0.08709   0.03706  -0.00654  -0.12860   0.05451   0.01830   0.01843  -0.17018   0.10652  -0.09914   0.03030  -0.00694   0.03383 
 -0.01340   0.03226  -0.10736   0.07069  -0.07319   0.09917  -0.13954   0.09135   0.01376   0.02528  -0.09088   0.02695   0.03517   0.02655  -0.14701   0.06319  -0.05452   0.01329  -0.05063   0.06681 
 -0.02357   0.04094  -0.10017   0.06569  -0.03461   0.04980  -0.13276   0.10043   0.03297   0.01877  -0.11485   0.02851   0.05391   0.01636  -0.14539   0.04941  -0.04610   0.02015  -0.02461   0.03226 
 -0.00085   0.02815  -0.09543   0.05552  -0.02257   0.07435  -0.14705   0.07989  -0.00401   0.01728  -0.07523   0.04130   0.04538   0.02348  -0.16793   0.06885  -0.04802  -0.00343  -0.03207   0.06410 
 -0.01140   0.02697  -0.09661   0.06653   0.00884   0.03204  -0.15180   0.09152   0.05585  -0.00094  -0.09916   0.01317   0.05784  -0.03145  -0.12558   0.07780  -0.04186  -0.03497  -0.01795   0.07737 
  0.01794  -0.00781  -0.08959   0.06764   0.02308   0.03778  -0.16751   0.08434   0.03419  -0.03976  -0.09656   0.06598   0.05696  -0.01107  -0.15162   0.07841  -0.07257  -0.01756   0.01068   0.05198 
  0.00849  -0.00685  -0.08574   0.07234  -0.00598   0.02735  -0.08142   0.05844   0.05817  -0.03522  -0.09198   0.03603   0.06395  -0.01963  -0.11038   0.04643  -0.00905  -0.04928   0.01675   0.03854 
  0.02135  -0.01983  -0.05394   0.04773   0.00204   0.01853  -0.07237   0.05112   0.05832  -0.10305  -0.04552   0.05671   0.09619  -0.06751  -0.13445   0.06632  -0.05087  -0.03995   0.05187   0.01773 
  0.02841  -0.04527  -0.03647   0.04832   0.03615   0.01814  -0.08480   0.02835   0.05920  -0.07433  -0.08195   0.05862   0.11134  -0.03989  -0.12234   0.00675  -0.01531  -0.04837   0.06339  -0.01095 
  0.04862  -0.03526  -0.03957   0.02195   0.02989   0.05723  -0.07371  -0.01174   0.09390  -0.08109  -0.02840  -0.01186   0.09793  -0.02658  -0.11925   0.01142  -0.04341  -0.04643   0.07195  -0.00479 
  0.05036  -0.02314  -0.02599  -0.00414   0.04575   0.00665  -0.06304   0.00868   0.11181  -0.11141  -0.06484   0.01524   0.13296  -0.07781  -0.10851  -0.00374  -0.02678  -0.11933   0.09613   0.02009 
  0.07674  -0.07603  -0.02332   0.01133   0.01015   0.05815  -0.09557   0.02760   0.07476  -0.07752  -0.04153   0.01819   0.15521  -0.04283  -0.13017  -0.06552  -0.03654  -0.08115   0.08258   0.01068 
  0.05981  -0.03389  -0.03340   0.00270  -0.02341   0.11430  -0.11484   0.01814   0.11476  -0.09229  -0.08175   0.00872   0.09374   0.03150  -0.13811  -0.03598   0.02532  -0.04425   0.04906  -0.02765 
  0.05439   0.00638  -0.06113  -0.00578  -0.00765   0.08586  -0.11760   0.03536   0.11757  -0.08847  -0.14149   0.03808   0.05454   0.07029  -0.12156  -0.04243   0.02707  -0.09714   0.07509  -0.00989 
  0.05094  -0.00685  -0.06295   0.01322  -0.00877   0.11015  -0.15594   0.03987   0.08475  -0.14143  -0.15075   0.11036   0.03757   0.10593  -0.19815  -0.00470   0.07982  -0.04130   0.00684  -0.02627 
  0.04424   0.01345  -0.11060   0.03832   0.00250   0.12590  -0.18224   0.03043   0.07907  -0.15653  -0.17526   0.13365   0.03438   0.10496  -0.19324  -0.00242   0.09846  -0.08740   0.02998  -0.02359 
  0.04746  -0.00081  -0.10898   0.04744   0.02144   0.12368  -0.21239   0.03374   0.04790  -0.21526  -0.15261   0.17578   0.04604   0.10333  -0.22589   0.00729   0.09321  -0.14467   0.09183  -0.04765 
  0.04395  -0.02480  -0.08843   0.05723   0.02061   0.12420  -0.25462   0.05833   0.00901  -0.27659  -0.18394   0.23337   0.08867   0.13253  -0.24912  -0.09730   0.17173  -0.17030   0.05813  -0.06253 
  0.06375  -0.02815  -0.11963   0.06261   0.01052   0.24432  -0.34782  -0.04022  -0.09606  -0.36092  -0.23055   0.31699   0.00978   0.20533  -0.33129  -0.05274   0.19974  -0.23533   0.09932  -0.10814 
  0.02811   0.01467  -0.13568   0.06986   0.00124   0.28715  -0.36820  -0.09932  -0.19080  -0.45523  -0.36760   0.38796   0.03733   0.26489  -0.40430  -0.21936   0.24815  -0.25452   0.08714  -0.14746 
  0.02750   0.02430  -0.17342   0.08455   0.04464   0.35562  -0.56081  -0.24942  -0.29999  -0.42567  -0.46433   0.42040   0.07508   0.27706  -0.53196  -0.27435   0.32294  -0.26576   0.05127  -0.22555 
  0.05810   0.05029  -0.24522   0.07014   0.14215   0.32195  -0.80768  -0.25473  -0.24274  -0.40156  -0.51940   0.41073   0.22701   0.15078  -0.54310  -0.33720   0.36828  -0.33223  -0.00592  -0.17747 
  0.13309  -0.00781  -0.32861   0.08186   0.15503   0.31399  -0.90306  -0.23611  -0.02941  -0.26017  -0.33216   0.28614   0.32320  -0.11909  -0.49958  -0.18129   0.34936  -0.33576   0.03803  -0.20236 
  0.18338  -0.00845  -0.27502  -0.00942   0.12883   0.28325  -0.70460  -0.14768   0.14384  -0.06183  -0.22705   0.02752   0.30055  -0.19771  -0.37163  -0.08675   0.26192  -0.21319   0.03734  -0.12465 
  0.18508   0.03893  -0.26332  -0.07525  -0.00777   0.34553  -0.64394  -0.10172   0.12175  -0.01407  -0.20286   0.00445   0.21074  -0.10813  -0.27240   0.00114  -0.04686  -0.03783   0.03063   0.03668 
  0.06988   0.11935  -0.25701  -0.01780  -0.12088   0.30523  -0.43953   0.01988   0.10522  -0.00777  -0.15360  -0.00658   0.09293  -0.05464  -0.24989   0.13041  -0.07688   0.01661  -0.02419   0.05283 
  0.01324   0.09221  -0.19904   0.04305  -0.08019   0.13021  -0.27722   0.14042   0.04317  -0.00733  -0.13605   0.05319  -0.01394   0.01229  -0.23473   0.17715  -0.11401  -0.01255   0.01290   0.06587 
 -0.03398   0.02933  -0.13396   0.10619  -0.03742   0.01338  -0.20459   0.16705  -0.08368   0.00708  -0.07968   0.11266  -0.05042  -0.03782  -0.12041   0.18472  -0.18562  -0.02972  -0.00564   0.12543 
 -0.09742  -0.00749  -0.08574   0.14718  -0.10744   0.09940  -0.33184   0.19971  -0.09969   0.04617  -0.15221   0.12662  -0.00557  -0.00260  -0.20580   0.16811  -0.20369   0.04218  -0.05519   0.10686 
 -0.11526   0.05309  -0.15145   0.14695  -0.00338   0.04736  -0.47898   0.21446  -0.04146  -0.10482  -0.22998   0.21254  -0.01264  -0.02402  -0.31370   0.23384  -0.24830   0.03801  -0.18373   0.19717 
 -0.08737   0.00170  -0.26621   0.21774   0.28524  -0.02398  -0.37504  -0.13893   0.12756  -0.01601  -0.05534  -0.10227   0.25153  -0.08530  -0.20258  -0.19842   0.13876   0.06470  -0.03427  -0.19813 
  0.16600   0.02430  -0.11182  -0.14919  -0.65573   0.37956  -2.68816   0.22049  -0.28244   0.22842  -1.29230   0.20084  -0.73153   0.38132  -1.82525   0.19298  -0.80594   0.26376  -1.63240   0.23173 
 -0.52922   0.30953  -1.70425   0.21557   0.59064  -3.73504  -3.73504  -3.73504   0.57613  -3.73504  -3.73504  -3.73504   0.55545  -3.73504  -3.73504  -3.73504   0.73901  -3.73504  -3.73504  -3.73504 
  0.60889  -3.73504  -3.73504  -3.73504  -3.73504  -2.02833   0.56216  -3.73504  -3.73504  -3.73504  -3.73504  -3.73504  -3.73504  -3.73504  -3.73504  -3.73504  -3.73504  -3.73504  -3.73504  -3.73504 
 -3.73504  -2.08852   0.59442  -3.73504  -3.73504  -3.73504  -3.73504  -3.73504   0.43783  -0.44601  -0.37514  -0.46448  -0.03337  -0.06219   0.12868  -0.07319  -3.73504  -3.73504  -3.73504  -3.73504 
  0.02166  -0.06237   0.12826  -0.13521  -0.04110   0.10997  -0.28131   0.13382  -0.11914   0.05819  -0.13473   0.12054  -0.04490   0.04798  -0.14765   0.12445  -0.09032   0.05464   0.00347  -0.01109 
 -0.05448   0.06191  -0.14175   0.09589   0.05699   0.14626  -0.39770   0.06423  -0.04341   0.08287  -0.05121  -0.00686  -0.05669   0.09397  -0.10163   0.04928  -0.09545   0.07633  -0.04837   0.01597 
 -0.04178   0.10028  -0.12171   0.03173  -0.00638   0.18735  -0.28805   0.02932  -0.02537   0.01129   0.00588   0.00880  -0.02144   0.09682  -0.07246  -0.02305  -0.11116   0.10319  -0.00047  -0.06479 
 -0.03929   0.09576  -0.07214  -0.00447  -0.00606   0.13581  -0.25638   0.07136  -0.05727   0.07403  -0.00471  -0.02028   0.03089   0.04594  -0.05399  -0.04087  -0.16234   0.09584  -0.03103   0.00804 
 -0.03822   0.08812  -0.07851   0.00974  -0.05774   0.13944  -0.13904   0.03896  -0.04963   0.07235  -0.04190   0.00401   0.01295   0.03348  -0.03136  -0.02318  -0.24130   0.14065  -0.00001  -0.05809 
 -0.06605   0.10028  -0.05323  -0.00348   0.05189   0.08388  -0.18930   0.02877  -0.02637   0.04271   0.05652  -0.07221   0.03263   0.02965  -0.03031  -0.04846  -0.13058   0.08184   0.01322  -0.03647 
 -0.00840   0.06054  -0.02800  -0.03190  -0.00316   0.08315  -0.09964   0.01942  -0.05356   0.05199   0.01239  -0.01288   0.08537   0.00702  -0.06619  -0.06265  -0.14550   0.08798  -0.02068   0.00020 
 -0.01006   0.05752  -0.04512  -0.00942   0.00751   0.12732  -0.06569  -0.07836  -0.04590   0.08279   0.00416  -0.04997   0.01004   0.03188  -0.04753   0.00094  -0.16001   0.12224   0.01448  -0.08673 
 -0.03398   0.09272  -0.02465  -0.05230  -0.02275   0.09614  -0.03895  -0.03265   0.01394   0.01981  -0.01124  -0.02530   0.05228   0.04812  -0.04850  -0.08646  -0.13871   0.04655   0.04183  -0.01781 
 -0.00053   0.04861  -0.01869  -0.03506  -0.01234   0.09586  -0.09549   0.01154  -0.01229   0.04235  -0.05386   0.01060   0.04738   0.04567  -0.09923  -0.01740  -0.12914   0.10962  -0.04519  -0.01471 
 -0.00940   0.07189  -0.07588   0.00043  -0.01805   0.08785  -0.04295  -0.02365  -0.03886   0.05660  -0.00144  -0.02000  -0.03252   0.03902  -0.04205   0.03818  -0.21414   0.11759  -0.03851   0.00814 
 -0.05967   0.07772  -0.03374   0.00140   0.01292   0.09141  -0.08823  -0.01617  -0.01087   0.02709   0.01569  -0.03006   0.01551   0.04290  -0.06045  -0.00718  -0.16820   0.09271   0.04824  -0.07749 
 -0.02254   0.06382  -0.01869  -0.03120  -0.01033   0.10952  -0.05891  -0.04106  -0.06153   0.04871  -0.00467   0.01167   0.02344   0.04915  -0.08483  -0.00166  -0.13041   0.10001   0.02074  -0.07453 
 -0.03188   0.07508  -0.03340  -0.02119  -0.05625   0.13310  -0.04105  -0.04241  -0.03986   0.06523   0.01121  -0.04038   0.00803   0.02397  -0.01968  -0.01735  -0.24512   0.14008  -0.01430  -0.03862 
 -0.05744   0.09171  -0.01935  -0.03330  -0.04328   0.11317  -0.01973  -0.05393  -0.00595   0.03954   0.01217  -0.04618  -0.00483   0.07011  -0.05822  -0.01995  -0.16048   0.10596   0.01671  -0.06127 
 -0.03363   0.07956  -0.01607  -0.04359   0.01021   0.10713  -0.05069  -0.07106  -0.05766   0.05443   0.00192  -0.00308   0.05419   0.01168  -0.06150  -0.02162  -0.12321   0.11720  -0.04531  -0.02950 
 -0.01374   0.07189  -0.04233  -0.02634  -0.03869   0.12190  -0.05500  -0.03070  -0.03124   0.07554   0.00594  -0.05740   0.00480   0.04538  -0.00657  -0.05936  -0.17587   0.11863   0.01098  -0.06666 
 -0.04286   0.09017  -0.01444  -0.05083   0.00171   0.06490   0.00500  -0.07530  -0.00931   0.03088   0.07668  -0.10049   0.00670   0.05966  -0.02215  -0.06367  -0.13468   0.09585   0.05707  -0.11727 
 -0.01575   0.06109   0.02623  -0.08858   0.01320   0.08801  -0.07584  -0.02438  -0.02260   0.05144  -0.00195  -0.02970   0.03803   0.03434  -0.07792  -0.00958  -0.15530   0.13156  -0.06122  -0.01876 
 -0.00379   0.07216  -0.05788  -0.02188  -0.02501   0.08835   0.02521  -0.10090   0.00574   0.04795  -0.01557  -0.04409  -0.02513   0.05349  -0.05039   0.02019  -0.21580   0.14162   0.00033  -0.07269 
 -0.04071   0.08373  -0.01120  -0.04756  -0.02920   0.10159  -0.02942  -0.04295   0.00974   0.00823   0.05330  -0.06923   0.05344   0.01178  -0.03494  -0.05131  -0.15750   0.11541  -0.01587  -0.03922 
 -0.00511   0.05669  -0.00926  -0.05083  -0.00386   0.11096  -0.07778  -0.03076  -0.05205   0.06809  -0.00916  -0.01439   0.04007   0.05782  -0.10703  -0.01575  -0.13196   0.13945  -0.07611  -0.02980 
 -0.01947   0.09221  -0.06955  -0.02119  -0.05044   0.08671   0.02827  -0.07377  -0.05699   0.07082   0.00936  -0.02888   0.03569   0.03538  -0.05658  -0.03028  -0.16432   0.14436  -0.01430  -0.08777 
 -0.04573   0.08761  -0.00991  -0.04938  -0.01389   0.09229  -0.01610  -0.06396  -0.01873   0.01033   0.04622  -0.03256   0.02570   0.00925  -0.00435  -0.04251  -0.12535   0.10347   0.01900  -0.08126 
 -0.01575   0.05113   0.00715  -0.05083  -0.01170   0.09297  -0.03794  -0.04187  -0.04067   0.03579   0.02670  -0.01974   0.03407   0.03245  -0.01253  -0.07826  -0.19934   0.14767  -0.03953  -0.04531 
 -0.02701   0.07614  -0.01836  -0.04323  -0.10003   0.13056   0.02041  -0.07110  -0.04311   0.07830  -0.01193  -0.03276   0.02422   0.04998  -0.08047  -0.00822  -0.16469   0.13000  -0.01746  -0.05768 
 -0.05009   0.09576  -0.02498  -0.04002  -0.04430   0.11352  -0.00766  -0.06807  -0.06715   0.04275   0.07109  -0.04598   0.02861   0.04016  -0.01978  -0.07115  -0.12679   0.11075   0.01470  -0.08722 
 -0.03964   0.07455   0.01207  -0.06306  -0.03027   0.06309   0.01581  -0.05038  -0.05833   0.05486  -0.00410   0.00193   0.06846  -0.00413  -0.04867  -0.03865  -0.13633   0.10705   0.00372  -0.06080 
 -0.01609   0.05476  -0.01347  -0.03190  -0.03207   0.12079  -0.00275  -0.09866  -0.06322   0.08913   0.00311  -0.04026   0.01371   0.04623  -0.06411  -0.00535  -0.16188   0.13144   0.01159  -0.09874 
 -0.04465   0.09677  -0.01509  -0.05783  -0.00493   0.09647  -0.01993  -0.07521  -0.01004  -0.01290   0.05594  -0.02732  -0.01390   0.03621   0.00720  -0.03732  -0.08605   0.08410   0.05460  -0.12738 
 -0.01643   0.04579   0.02026  -0.05894  -0.00037   0.07858  -0.02796  -0.04869  -0.00513   0.06865  -0.01970  -0.05368   0.01992   0.06236  -0.08326  -0.01657  -0.14327   0.12872  -0.00587  -0.08208 
 -0.01006   0.08321  -0.03785  -0.05010  -0.04811   0.11011   0.00826  -0.07996  -0.05460   0.06334   0.02750  -0.03876   0.03240   0.08306  -0.11038  -0.03851  -0.11670   0.15412  -0.03301  -0.11429 
 -0.03398   0.10053  -0.02599  -0.06231  -0.01987   0.09358  -0.05908  -0.01190  -0.00897   0.04335   0.03330  -0.06803   0.03739   0.01402  -0.00926  -0.06105  -0.18787   0.12919   0.01769  -0.08756 
 -0.01676   0.06841  -0.00830  -0.05487  -0.01339   0.07119   0.00286  -0.06219  -0.06495   0.06100  -0.00169  -0.00099   0.04952   0.04106  -0.05758  -0.05935  -0.16177   0.10696  -0.02681  -0.01227 
 -0.02598   0.06895  -0.02398  -0.02876  -0.08771   0.11894   0.06295  -0.13151  -0.07863   0.07405   0.01010  -0.01390   0.01968   0.04746  -0.04917  -0.03177  -0.22141   0.16119  -0.01585  -0.08676 
 -0.06947   0.10153   0.00059  -0.05820   0.02131   0.07873  -0.03553  -0.06612  -0.00047   0.04502   0.01256  -0.05922  -0.00719   0.07062  -0.01485  -0.06997  -0.11652   0.12508  -0.01637  -0.07933 
 -0.00874   0.07851  -0.01869  -0.06607  -0.01603   0.08964   0.00213  -0.08129  -0.06804   0.07766  -0.00312  -0.01620   0.01095   0.04099  -0.02196  -0.04212  -0.12494   0.12414  -0.01704  -0.07146 
 -0.03504   0.08165  -0.01412  -0.04720  -0.08527   0.09974   0.04500  -0.07802  -0.00079   0.06930  -0.03282  -0.04805   0.00981   0.03405  -0.01051  -0.04501  -0.21911   0.14943  -0.01350  -0.06832 
 -0.04214   0.08838  -0.00734  -0.05709   0.02666   0.09786  -0.07670  -0.05110  -0.03078   0.03919   0.04114  -0.04715   0.02204   0.01406  -0.04156   0.00067  -0.13670   0.12975  -0.03327  -0.05514 
 -0.01140   0.06841  -0.02934  -0.03753  -0.02836   0.08490  -0.00497  -0.05221  -0.03869   0.06375  -0.02482  -0.00920   0.04839   0.01737  -0.08212   0.00119  -0.11134   0.10538  -0.04847  -0.01509 
 -0.01913   0.06814  -0.04199  -0.01644  -0.08319   0.11565   0.02677  -0.07572  -0.01576   0.07396   0.01695  -0.08336   0.01421   0.06429  -0.06154  -0.03437  -0.14516   0.14720  -0.02034  -0.09743 
 -0.04250   0.10128  -0.01055  -0.07217  -0.04255   0.12584  -0.02903  -0.06054   0.00816   0.02813   0.03469  -0.07099  -0.01243   0.06570  -0.00115  -0.07289  -0.13865   0.10895   0.02093  -0.08490 
 -0.02323   0.07640   0.00122  -0.07025  -0.01377   0.11261  -0.04691  -0.05416  -0.04779   0.08578   0.01108  -0.05847   0.01128   0.05283  -0.08326   0.00828  -0.14056   0.12435  -0.03196  -0.04527 
 -0.02875   0.09145  -0.04129  -0.03824  -0.08330   0.11813   0.05467  -0.12132  -0.02055   0.06472   0.01813  -0.06673   0.02658   0.03940  -0.03333  -0.04936  -0.11063   0.11185  -0.02657  -0.04854 
 -0.03258   0.08243   0.00059  -0.06797  -0.04940   0.09982  -0.02652  -0.02355  -0.01456   0.04421   0.02259  -0.05214   0.01846   0.04907  -0.00849  -0.08404  -0.17591   0.08888   0.03118  -0.04426 
 -0.02840   0.06680  -0.00035  -0.04938  -0.01976   0.07495  -0.01599  -0.03672  -0.02291   0.07531  -0.01927  -0.04320   0.01614   0.07051  -0.08319  -0.02311  -0.13341   0.11236  -0.00996  -0.05474 
 -0.02220   0.08295  -0.03579  -0.03895  -0.05070   0.08817   0.00212  -0.04141  -0.04122   0.11445  -0.02893  -0.06846  -0.02584   0.07426  -0.02011  -0.04233  -0.12786   0.12107   0.00602  -0.09340 
 -0.04972   0.10128  -0.01477  -0.05969  -0.01428   0.09892  -0.03605  -0.04839   0.02355   0.02164   0.03575  -0.08335   0.02947   0.02875  -0.00464  -0.07588  -0.09423   0.12754  -0.00375  -0.11594 
  0.00497   0.06599  -0.00638  -0.07874   0.02320   0.08561  -0.05067  -0.05962  -0.00528  -0.00198   0.03094  -0.01939   0.05777   0.01916  -0.06824  -0.02971  -0.12919   0.11552  -0.02801  -0.04177 
