IntronPotTab 1 1024 -69.14972 3.45281 42.74341 64073 6 16  698.76
    0.00463
   -0.03112
    0.05717
   -0.02496
   -0.00524
   -0.04737
   -0.08093
    0.04684
   -0.01755
    0.05001
   -0.01549
    0.00939
   -0.03896
   -0.04115
    0.06851
    0.01402
   -0.01958
   -0.04858
    0.14531
   -0.00650
    0.01762
   -0.07654
   -0.06177
    0.04121
   -0.03185
    0.00910
    0.03556
    0.01277
   -0.05631
   -0.11722
    0.18477
    0.02606
   -0.00514
   -0.08402
    0.00754
    0.04279
   -0.02629
   -0.07750
   -0.06368
    0.07651
    0.00273
    0.00771
   -0.01140
    0.00143
   -0.03504
   -0.10194
    0.01714
    0.06079
   -0.05081
   -0.00149
    0.07444
    0.01653
   -0.04811
   -0.00981
   -0.08556
    0.07651
   -0.05704
    0.05501
    0.01407
    0.02891
   -0.07567
   -0.03334
    0.06835
    0.03258
   -0.01019
   -0.01874
    0.01390
    0.01542
   -0.02846
   -0.01428
   -0.04385
    0.05323
   -0.03603
   -0.00533
   -0.06683
    0.08121
   -0.06231
   -0.03155
    0.04361
    0.04389
   -0.02273
   -0.04031
    0.10439
    0.00740
   -0.03894
    0.02463
   -0.03592
    0.02925
    0.01032
   -0.03385
    0.01339
   -0.00349
   -0.09148
   -0.04768
    0.14935
    0.03343
   -0.01104
   -0.11450
    0.09410
    0.02283
    0.01535
   -0.10311
   -0.00702
    0.06819
   -0.01852
   -0.02626
    0.08768
   -0.02381
    0.00500
   -0.10430
    0.03550
    0.02826
   -0.02950
   -0.02778
    0.04142
    0.01937
   -0.07558
    0.00353
   -0.00612
    0.07085
   -0.05986
   -0.01009
   -0.00613
    0.07825
   -0.08513
    0.00355
    0.04227
    0.02734
   -0.00355
   -0.00806
    0.01027
    0.00086
    0.01441
   -0.03219
   -0.03900
    0.01326
   -0.01754
    0.06381
   -0.02365
    0.01291
   -0.03103
   -0.02883
    0.03450
    0.01524
   -0.02242
   -0.03362
    0.05377
    0.01220
   -0.00176
   -0.02529
   -0.02429
    0.01917
   -0.03310
    0.06749
   -0.02644
    0.02599
   -0.06377
   -0.07144
    0.14938
    0.01319
    0.00897
   -0.08195
    0.02322
    0.01056
   -0.00823
   -0.02412
   -0.03208
    0.03043
    0.01418
   -0.02239
    0.03865
   -0.03297
   -0.03468
   -0.05220
    0.04128
    0.02290
   -0.03549
   -0.01518
    0.05667
    0.00513
   -0.02342
    0.00205
   -0.03891
    0.03381
   -0.03991
    0.06650
    0.01582
    0.00021
   -0.05061
   -0.02419
    0.03388
    0.02380
   -0.02518
    0.01060
    0.03892
    0.00360
   -0.03403
   -0.02540
   -0.04531
    0.06121
   -0.02509
    0.03835
   -0.04443
    0.03490
   -0.05980
    0.01468
    0.04840
    0.02478
   -0.04267
   -0.02686
    0.15912
   -0.00512
   -0.01766
   -0.02238
   -0.06720
    0.04436
   -0.03280
   -0.00279
   -0.02941
    0.05952
   -0.08276
   -0.05675
    0.16015
    0.01298
   -0.01547
   -0.01689
    0.00729
    0.02134
   -0.03820
   -0.07893
   -0.07281
    0.09868
    0.00408
   -0.01249
   -0.03735
    0.02349
   -0.03762
   -0.04223
    0.00799
    0.04012
   -0.05573
    0.03253
    0.07640
   -0.00083
   -0.06563
    0.01433
   -0.08758
    0.07747
   -0.04625
    0.05811
   -0.00589
    0.02599
   -0.06629
    0.00291
    0.07485
    0.00059
   -0.01230
   -0.02058
    0.00659
    0.02226
   -0.04682
   -0.03867
   -0.12950
    0.09622
   -0.06179
    0.02753
   -0.03643
    0.06899
   -0.06202
   -0.01470
    0.01740
    0.04483
   -0.03265
   -0.02578
    0.12432
    0.00813
   -0.00775
   -0.03978
   -0.08573
    0.05469
   -0.08241
   -0.01300
    0.05942
    0.05930
   -0.08143
   -0.05879
    0.14975
    0.02354
    0.01148
   -0.07514
   -0.01406
    0.03338
   -0.05129
   -0.07529
   -0.15205
    0.13169
    0.01298
   -0.04052
    0.03125
   -0.01266
   -0.03430
   -0.09468
    0.00022
    0.06686
   -0.04697
   -0.03695
    0.01735
    0.04920
   -0.08710
   -0.01522
   -0.15607
    0.14161
   -0.06795
   -0.00185
   -0.01181
    0.07035
   -0.08198
   -0.05708
    0.02622
    0.06048
    0.01001
   -0.02182
   -0.03349
    0.02636
   -0.02531
   -0.00556
   -0.16470
    0.08137
   -0.03859
   -0.00920
   -0.07755
    0.09067
   -0.05387
   -0.02735
    0.00847
    0.05402
   -0.04834
    0.00714
    0.12933
    0.00840
   -0.08112
    0.09281
   -0.10959
    0.03007
   -0.09389
    0.03088
   -0.01328
    0.09568
   -0.13041
   -0.00122
    0.15057
    0.03314
    0.03484
   -0.12423
    0.10423
   -0.02119
   -0.00023
   -0.03020
   -0.12651
    0.06853
   -0.02366
   -0.03871
    0.04320
    0.02258
    0.03890
   -0.21822
    0.07421
    0.11388
   -0.04125
   -0.00596
   -0.00107
    0.04746
   -0.07513
    0.00684
   -0.06761
    0.07799
   -0.04210
   -0.03468
   -0.04606
    0.09339
   -0.09979
   -0.02144
   -0.00828
    0.07681
    0.00399
   -0.05724
    0.03238
    0.00760
    0.04679
   -0.03312
   -0.36092
    0.14412
   -0.03731
    0.00981
   -0.02312
    0.04984
    0.01526
   -0.09280
   -0.03395
    0.06771
   -0.00777
    0.05289
   -0.03404
   -0.00901
   -0.00758
   -0.08718
   -0.14925
    0.10485
   -0.05523
    0.01956
   -0.05784
    0.08978
   -0.05654
   -0.09575
    0.06597
    0.05889
    0.06662
   -0.18525
    0.01577
    0.03776
    0.01827
   -0.11057
   -0.12844
    0.11704
    0.04198
   -0.10773
    0.03216
   -0.00504
    0.01825
   -0.19030
    0.04655
    0.06948
   -0.00369
   -0.02333
   -0.03361
    0.03991
   -0.02329
   -0.04773
   -0.28723
    0.20318
   -0.07227
    0.01715
   -0.04320
    0.09335
   -0.02378
   -0.10008
    0.00588
    0.06201
   -0.02215
   -0.01193
   -0.06539
    0.06859
   -0.03683
   -0.01785
   -0.17600
    0.08171
   -0.04100
    0.02656
   -0.07489
    0.06925
   -0.03639
   -0.01134
   -0.02381
    0.04722
   -0.04157
   -0.02498
    0.11410
    0.01560
   -0.03023
    0.00878
   -0.10705
    0.05127
   -0.04192
   -0.02721
    0.00360
    0.05734
   -0.07572
   -0.03937
    0.13268
    0.01908
   -0.01721
   -0.05983
   -0.03788
    0.06634
   -0.03621
   -0.06877
   -0.15280
    0.10041
   -0.01305
   -0.03224
   -0.03055
    0.04550
   -0.02636
   -0.08631
   -0.01821
    0.06652
   -0.02775
    0.00596
   -0.03684
    0.04433
   -0.06769
    0.01074
   -0.08853
    0.07073
   -0.07278
    0.06151
   -0.06176
    0.08015
   -0.07002
   -0.03569
    0.01221
    0.04900
   -0.02054
    0.00531
   -0.00277
    0.02534
   -0.01725
   -0.07588
   -0.17924
    0.09407
   -0.05153
    0.02804
   -0.03566
    0.06855
   -0.03401
   -0.01469
    0.00459
    0.02964
   -0.01004
   -0.07114
    0.08868
    0.01479
    0.01899
   -0.04893
   -0.21182
    0.06886
    0.02988
    0.04112
   -0.12901
    0.05858
   -0.02144
   -0.08457
    0.14940
   -0.00693
    0.00431
   -0.04338
   -0.03020
    0.03795
   -0.02023
   -0.07430
   -0.15322
    0.09003
   -0.02394
   -0.01633
    0.03592
    0.01131
   -0.00516
   -0.07984
    0.02601
    0.02273
   -0.02509
   -0.01811
    0.01535
    0.02259
   -0.03081
   -0.05672
   -0.18847
    0.12092
   -0.07375
    0.05629
    0.00092
    0.05622
   -0.03619
   -0.02684
    0.04317
    0.01048
    0.00331
   -0.02918
   -0.02545
    0.03358
   -0.03079
   -0.02174
   -0.16430
    0.10427
   -0.00707
   -0.06798
   -0.08384
    0.10948
   -0.02951
   -0.01628
   -0.04230
    0.06780
   -0.02024
   -0.06022
    0.07957
    0.02788
   -0.02637
    0.02577
   -0.15536
    0.05579
    0.00900
   -0.04544
   -0.04781
    0.05414
   -0.06467
   -0.06687
    0.09259
    0.04576
    0.00299
   -0.04804
    0.01731
    0.01407
    0.00788
   -0.12890
   -0.07506
    0.12074
    0.01101
   -0.06280
    0.05827
   -0.01905
    0.01459
   -0.09760
   -0.02076
    0.06464
   -0.02238
   -0.02611
   -0.00751
    0.04404
   -0.04532
   -0.04055
   -0.09452
    0.10366
   -0.03498
   -0.08990
   -0.02656
    0.14465
   -0.02422
   -0.04667
   -0.02461
    0.06117
   -0.00879
   -0.04249
    0.01336
    0.02449
    0.02803
   -0.12447
   -0.17446
    0.10462
   -0.01201
    0.00593
   -0.02039
    0.03017
   -0.00975
   -0.08723
   -0.00686
    0.05783
    0.00317
   -0.06443
    0.06491
   -0.00524
    0.00319
   -0.05961
   -0.16712
    0.07829
    0.03429
   -0.02262
   -0.00150
   -0.02541
   -0.06329
   -0.06231
    0.08252
    0.03311
   -0.00110
   -0.06906
    0.01905
    0.01892
   -0.02202
   -0.05997
   -0.13816
    0.10679
   -0.02694
   -0.04916
    0.05614
    0.00054
   -0.00963
   -0.09966
    0.03122
    0.03074
   -0.02230
   -0.05599
    0.06530
    0.00321
    0.00974
   -0.09234
   -0.13340
    0.09067
   -0.06619
    0.02836
    0.02383
    0.03116
   -0.05186
   -0.05351
    0.01288
    0.05232
   -0.01482
    0.01484
   -0.03490
    0.02898
   -0.01088
   -0.06860
   -0.12122
    0.07413
   -0.02241
    0.01888
   -0.06237
    0.05037
   -0.03840
    0.00192
   -0.01748
    0.04257
   -0.01109
   -0.06525
    0.09376
    0.00849
    0.00648
   -0.00423
   -0.21444
    0.06148
    0.02107
    0.03682
   -0.04276
   -0.01050
   -0.06837
   -0.01961
    0.12449
    0.00115
    0.00654
   -0.06558
   -0.02410
    0.03775
   -0.02692
   -0.09875
   -0.03945
    0.08787
   -0.00490
   -0.05130
    0.00534
    0.02665
    0.00998
   -0.09046
   -0.01853
    0.04800
   -0.02296
    0.02803
   -0.00899
    0.01269
   -0.05341
   -0.02000
   -0.14953
    0.10015
   -0.05579
    0.05482
   -0.02510
    0.04500
   -0.05865
    0.01040
    0.02904
    0.01306
   -0.02768
   -0.00114
    0.04025
    0.01284
   -0.02714
   -0.06487
   -0.07372
    0.07170
   -0.02584
    0.08500
   -0.05102
    0.01773
   -0.06249
    0.02537
    0.03123
    0.02153
   -0.05215
   -0.00486
    0.13013
    0.01162
   -0.02358
   -0.05800
   -0.07649
    0.06927
   -0.04414
    0.00734
    0.02323
    0.02944
   -0.08238
   -0.06272
    0.19207
    0.01046
   -0.01083
   -0.06143
    0.00041
    0.04335
   -0.03557
   -0.08568
   -0.09844
    0.08953
    0.02054
    0.01031
   -0.05076
    0.00693
   -0.05158
   -0.05638
   -0.00125
    0.05898
   -0.03942
    0.00647
    0.07065
   -0.00006
   -0.07119
   -0.00862
   -0.08093
    0.09448
   -0.07525
    0.07112
    0.00110
    0.03441
   -0.07196
    0.00165
    0.05020
    0.02010
   -0.00421
   -0.03071
   -0.02572
    0.04066
   -0.03644
   -0.03877
   -0.11220
    0.09253
   -0.04801
   -0.00686
   -0.05155
    0.07663
   -0.06194
   -0.03933
    0.01576
    0.05969
   -0.04734
   -0.03324
    0.09257
    0.03055
   -0.03392
   -0.00629
   -0.03045
    0.04150
   -0.01142
    0.00381
   -0.06427
    0.04156
   -0.08301
   -0.07382
    0.15513
    0.03920
    0.00429
   -0.06917
    0.03715
    0.00816
   -0.02879
   -0.00289
   -0.11931
    0.06999
    0.01450
   -0.01971
   -0.07008
    0.04152
    0.00743
   -0.05338
   -0.04984
    0.05929
   -0.04665
    0.00458
    0.00079
    0.04026
   -0.06400
   -0.01586
   -0.06085
    0.07003
   -0.07055
   -0.00284
   -0.03101
    0.08702
   -0.06139
   -0.03594
    0.00167
    0.05296
   -0.01327
   -0.00733
    0.00468
    0.01612
    0.01215
   -0.03539
   -0.17308
    0.05443
   -0.00289
    0.06372
   -0.04483
    0.00365
   -0.03177
   -0.01984
   -0.03773
    0.06062
   -0.02476
   -0.02374
    0.01861
    0.02397
   -0.01672
   -0.06776
   -0.07159
    0.06388
   -0.05224
    0.02783
   -0.06005
    0.07834
   -0.07099
   -0.06063
    0.07837
    0.03599
    0.01678
   -0.07346
   -0.01404
    0.02872
   -0.03778
   -0.03083
   -0.09504
    0.08055
    0.01675
   -0.04127
    0.00715
   -0.00463
   -0.04281
   -0.07801
    0.00468
    0.06192
   -0.02447
   -0.00103
    0.04509
   -0.00361
   -0.02475
   -0.03286
   -0.12326
    0.07796
   -0.05784
    0.04733
    0.00433
    0.02739
   -0.04724
   -0.01751
   -0.01713
    0.04709
   -0.03074
    0.02586
    0.02421
    0.00878
   -0.03952
   -0.02441
   -0.07108
    0.06120
   -0.04384
    0.05204
   -0.05885
    0.05065
   -0.05010
    0.03562
    0.02123
    0.00847
   -0.04303
   -0.02030
    0.12620
    0.00180
   -0.02797
   -0.02063
   -0.06684
    0.04751
   -0.03513
   -0.00844
    0.01268
    0.03237
   -0.09606
   -0.03118
    0.17961
    0.00041
   -0.02243
   -0.01802
   -0.00933
    0.03731
   -0.05712
   -0.05345
   -0.08635
    0.09287
   -0.00832
   -0.00530
   -0.06690
    0.05328
   -0.06880
   -0.02253
   -0.00082
    0.05197
   -0.05468
    0.04043
    0.03808
    0.01190
   -0.07817
    0.00837
   -0.07701
    0.07336
   -0.06128
    0.06517
   -0.01734
    0.04427
   -0.09088
    0.00399
    0.05324
    0.02497
