IntronPotTab 1 1024 -38.18307 2.47112 18.18653 67180 6 16  785.98
   -0.01393
   -0.00652
   -0.00887
    0.02679
   -0.00779
   -0.03004
   -0.04935
    0.03944
   -0.01817
   -0.02174
   -0.02953
    0.04924
   -0.00867
   -0.04238
    0.00485
    0.02329
   -0.02595
    0.00152
    0.00171
    0.03253
    0.00107
   -0.01699
   -0.00703
    0.01211
    0.00065
   -0.02141
   -0.03741
    0.03577
    0.00792
   -0.05923
    0.02620
    0.01217
   -0.01602
   -0.00874
   -0.00993
    0.03545
   -0.02186
   -0.03083
   -0.06132
    0.05083
   -0.00846
   -0.00027
    0.01240
    0.00225
   -0.00892
   -0.04829
   -0.01310
    0.03041
   -0.02037
   -0.01323
    0.01296
    0.02091
   -0.01029
   -0.01955
   -0.04085
    0.03629
   -0.01250
   -0.01199
   -0.03334
    0.03866
   -0.01139
   -0.04645
    0.00197
    0.02390
   -0.00792
   -0.03124
   -0.01363
    0.03898
   -0.00631
   -0.03787
   -0.00666
    0.03550
   -0.01745
   -0.02543
   -0.05328
    0.06268
   -0.00454
   -0.06619
    0.01666
    0.02439
   -0.01068
   -0.02309
   -0.02686
    0.03827
   -0.01096
   -0.00491
   -0.05437
    0.02773
    0.02466
   -0.04707
   -0.03419
    0.02409
    0.01656
   -0.05708
    0.00043
    0.01894
   -0.00976
   -0.03964
    0.01284
    0.02808
    0.01719
   -0.04500
   -0.06531
    0.04276
    0.01040
   -0.04334
   -0.02274
    0.02367
   -0.00386
   -0.06288
    0.01258
    0.02347
   -0.00971
   -0.04288
    0.01321
    0.02578
   -0.00185
   -0.03234
   -0.04578
    0.03374
   -0.00429
   -0.04761
   -0.04475
    0.05829
    0.01358
   -0.06049
    0.00112
    0.01937
    0.00226
   -0.00500
   -0.05640
    0.04368
   -0.00287
   -0.01065
   -0.06918
    0.03260
   -0.00896
   -0.01948
   -0.02290
    0.04081
    0.01921
   -0.04020
   -0.03552
    0.02443
   -0.02309
    0.01082
   -0.03463
    0.03897
   -0.01003
   -0.03292
   -0.03269
    0.03961
   -0.02455
   -0.01938
    0.00153
    0.03795
    0.01220
   -0.05606
   -0.00280
    0.01833
   -0.00889
   -0.00561
   -0.03163
    0.03888
   -0.01474
    0.00356
   -0.09731
    0.04363
   -0.00435
   -0.03903
    0.00720
    0.01583
   -0.03197
   -0.01573
   -0.00656
    0.03128
   -0.01230
   -0.02931
    0.00696
    0.02245
    0.00479
   -0.01867
   -0.06712
    0.02585
   -0.02031
   -0.01019
   -0.02608
    0.04112
    0.00947
   -0.04507
   -0.02091
    0.02282
   -0.02365
   -0.01173
    0.02593
    0.02120
   -0.00687
   -0.04354
   -0.02842
    0.04007
   -0.02175
   -0.00115
   -0.02710
    0.03790
   -0.01404
   -0.02954
    0.01111
    0.01906
   -0.01794
    0.00120
   -0.02209
    0.02791
   -0.00492
   -0.01435
   -0.03957
    0.02561
   -0.00252
   -0.04059
   -0.01662
    0.03149
    0.01003
   -0.05097
    0.03068
    0.00685
   -0.00995
   -0.00943
   -0.02457
    0.02726
   -0.01767
   -0.03180
   -0.04499
    0.04724
   -0.01574
   -0.01930
   -0.02384
    0.03624
   -0.00015
   -0.03309
   -0.01048
    0.01853
   -0.02197
   -0.01643
    0.00967
    0.02297
   -0.01070
   -0.03216
   -0.04796
    0.03942
   -0.00884
   -0.00822
   -0.02847
    0.02799
   -0.00181
   -0.03281
    0.00898
    0.00856
   -0.01479
   -0.00086
   -0.04667
    0.04302
   -0.02890
   -0.00819
   -0.05290
    0.05687
   -0.02926
   -0.02457
   -0.02346
    0.05596
   -0.01019
   -0.04052
   -0.00983
    0.03000
   -0.03021
    0.01220
   -0.02194
    0.03382
   -0.01856
    0.00177
   -0.01284
    0.03153
   -0.00649
   -0.05096
    0.00512
    0.02912
   -0.00522
   -0.04621
    0.03021
    0.01286
   -0.01670
    0.01843
   -0.02626
    0.03133
   -0.02405
   -0.00582
   -0.06854
    0.04810
   -0.00499
   -0.00041
    0.03231
   -0.01676
   -0.00424
   -0.03711
   -0.00445
    0.01904
   -0.01418
   -0.01838
   -0.00691
    0.02402
   -0.02456
   -0.00879
   -0.02779
    0.04550
   -0.02319
   -0.01176
   -0.04373
    0.04843
   -0.00655
   -0.04559
   -0.01182
    0.02772
   -0.00032
   -0.02190
   -0.03918
    0.03847
   -0.00146
   -0.04017
   -0.04798
    0.05048
   -0.02696
   -0.03048
   -0.03304
    0.07118
    0.00381
   -0.05763
    0.00764
    0.02456
   -0.00774
    0.00368
   -0.02948
    0.01809
   -0.02592
    0.00262
   -0.07796
    0.04304
   -0.00320
   -0.02231
   -0.02539
    0.03066
   -0.00826
   -0.01945
    0.01055
    0.01367
   -0.00956
    0.01166
   -0.02386
    0.01871
    0.03042
   -0.04970
   -0.08465
    0.04619
   -0.01236
   -0.05090
   -0.00093
    0.03924
    0.01209
   -0.05233
    0.02537
    0.00733
   -0.01452
   -0.02754
   -0.00242
    0.03289
   -0.00476
   -0.02270
   -0.07238
    0.03999
   -0.02914
   -0.04491
   -0.02635
    0.07673
    0.00543
   -0.06502
   -0.00684
    0.03757
    0.00535
   -0.00338
   -0.05951
    0.03921
    0.03555
   -0.02268
   -0.12704
    0.03814
    0.00105
   -0.06891
   -0.03874
    0.06126
    0.02806
   -0.05773
   -0.03904
    0.03751
    0.01051
   -0.01840
   -0.05217
    0.02730
    0.02382
    0.00709
   -0.10367
    0.04033
   -0.01420
   -0.06822
   -0.00976
    0.07698
    0.06497
   -0.07287
   -0.03740
    0.01462
   -0.01852
    0.02911
   -0.03385
    0.03081
    0.03413
   -0.02292
   -0.12178
    0.06592
   -0.00975
   -0.05934
    0.00928
    0.03314
   -0.00866
   -0.04027
   -0.00791
    0.02975
   -0.01321
   -0.04492
   -0.00641
    0.04030
    0.01270
   -0.00329
   -0.12218
    0.05462
   -0.01591
   -0.05938
   -0.04478
    0.07184
    0.01776
   -0.05268
   -0.01787
    0.02236
   -0.01682
   -0.00602
   -0.04287
    0.04429
   -0.00877
   -0.02616
   -0.06355
    0.04004
   -0.01853
   -0.02732
   -0.03072
    0.05038
    0.00445
   -0.03790
   -0.01649
    0.02209
   -0.01109
   -0.00545
   -0.03847
    0.03003
   -0.01685
    0.02041
   -0.06530
    0.02574
    0.01033
   -0.09434
   -0.01380
    0.05288
    0.00340
   -0.01416
    0.00705
    0.00491
   -0.01422
    0.01291
   -0.05419
    0.03680
   -0.00931
   -0.02253
   -0.05365
    0.03425
   -0.03516
   -0.00883
   -0.00319
    0.03815
   -0.00300
   -0.05240
   -0.00948
    0.02712
   -0.02252
   -0.01935
   -0.03052
    0.04190
   -0.00154
   -0.01929
   -0.05607
    0.02373
   -0.02221
   -0.02430
   -0.03517
    0.05168
    0.00522
   -0.03623
   -0.02954
    0.02832
   -0.00468
   -0.02011
   -0.04279
    0.04136
   -0.01489
   -0.03371
   -0.07760
    0.06026
   -0.03706
   -0.02036
   -0.02126
    0.08078
   -0.00156
   -0.04632
   -0.00725
    0.02702
   -0.03192
    0.03049
   -0.03153
    0.03059
   -0.00932
    0.01120
   -0.06383
    0.02987
   -0.01593
   -0.03947
   -0.00727
    0.04767
    0.01237
   -0.06748
    0.02751
    0.01195
   -0.00910
   -0.00043
   -0.01025
    0.02281
   -0.02356
   -0.02502
   -0.07883
    0.05704
   -0.02352
   -0.02471
    0.04522
    0.00665
    0.00134
   -0.04947
   -0.00961
    0.02252
   -0.01014
   -0.01776
    0.00184
    0.01667
   -0.00873
   -0.01716
   -0.07265
    0.04620
   -0.02837
   -0.00095
   -0.02361
    0.05158
    0.00323
   -0.05405
   -0.00703
    0.02344
   -0.00247
   -0.02528
   -0.04708
    0.04975
    0.00239
   -0.04196
   -0.09183
    0.06138
   -0.01090
   -0.03955
   -0.05987
    0.07948
    0.00497
   -0.06567
    0.00292
    0.02871
   -0.00298
   -0.02082
   -0.02744
    0.02815
    0.00212
    0.01103
   -0.11985
    0.02942
    0.01607
   -0.04205
   -0.05530
    0.05969
    0.00970
   -0.06442
    0.00590
    0.02854
   -0.00198
   -0.02001
   -0.06463
    0.06917
    0.02430
   -0.04477
   -0.13685
    0.09688
   -0.00104
   -0.06875
   -0.00128
    0.04695
    0.04106
   -0.07119
   -0.01234
    0.02016
   -0.01513
   -0.04358
   -0.02330
    0.05077
    0.02127
   -0.04991
   -0.12687
    0.04822
   -0.01242
   -0.06669
   -0.05117
    0.10100
    0.06092
   -0.08400
   -0.03000
    0.02593
    0.01146
   -0.02606
   -0.04858
    0.03766
    0.01276
   -0.02433
   -0.08542
    0.03260
   -0.00446
   -0.04164
   -0.01218
    0.03998
    0.02720
   -0.05261
   -0.03789
    0.03001
   -0.01819
   -0.01700
   -0.03579
    0.04655
    0.00246
    0.00798
   -0.09793
    0.03602
   -0.02561
   -0.05370
   -0.01410
    0.07616
    0.02119
   -0.06832
   -0.00245
    0.01818
   -0.00959
    0.00711
   -0.02481
    0.02831
   -0.00785
    0.01683
   -0.10961
    0.03789
    0.00244
   -0.03800
   -0.01006
    0.02240
   -0.00960
   -0.01523
   -0.01745
    0.02186
   -0.01743
   -0.04158
    0.02603
    0.02326
   -0.00526
   -0.01631
   -0.08349
    0.04894
   -0.02546
   -0.01240
   -0.02745
    0.05331
    0.00831
   -0.05398
   -0.02151
    0.03150
   -0.00927
   -0.02712
   -0.03071
    0.04121
   -0.00548
   -0.05779
   -0.06332
    0.05841
   -0.01470
   -0.01570
   -0.04187
    0.04479
    0.00026
   -0.03465
   -0.01296
    0.02300
   -0.01403
   -0.01425
   -0.00880
    0.02605
   -0.01441
   -0.00298
   -0.01996
    0.02386
   -0.01413
   -0.06273
    0.02321
    0.02623
    0.00418
   -0.04380
    0.04207
    0.00268
   -0.01211
   -0.00998
   -0.04055
    0.04074
   -0.01304
   -0.04016
   -0.08008
    0.05521
   -0.02132
   -0.02044
    0.00814
    0.02579
   -0.00414
   -0.00769
   -0.01372
    0.01420
   -0.01877
   -0.03579
    0.00286
    0.03418
   -0.00413
   -0.04380
   -0.07582
    0.05167
   -0.01432
   -0.01671
   -0.01533
    0.02974
    0.00644
   -0.04367
   -0.00981
    0.01956
   -0.01642
   -0.00168
   -0.01828
    0.03071
   -0.02402
   -0.02675
   -0.04633
    0.05284
   -0.02609
    0.03312
   -0.03336
    0.02774
   -0.02166
   -0.03230
    0.00197
    0.02628
   -0.02359
   -0.00922
   -0.01786
    0.03607
   -0.00362
   -0.00986
   -0.03364
    0.02012
    0.00505
   -0.01286
   -0.01925
    0.01198
   -0.00257
   -0.05856
    0.04223
    0.01377
   -0.00893
   -0.01684
   -0.02288
    0.03383
   -0.02216
   -0.03989
   -0.00881
    0.04423
    0.00396
    0.00502
   -0.01415
    0.00332
   -0.01338
   -0.03783
   -0.01711
    0.03083
   -0.01301
   -0.00335
    0.01936
    0.00450
   -0.02536
   -0.01633
   -0.03102
    0.04503
   -0.01213
    0.00270
   -0.03288
    0.02629
   -0.01442
   -0.02670
    0.01047
    0.01188
   -0.00780
   -0.03837
   -0.03725
    0.05077
   -0.00313
   -0.05412
   -0.03038
    0.04687
   -0.03092
   -0.04003
   -0.06992
    0.09436
    0.01077
   -0.09174
    0.01210
    0.03517
   -0.01312
   -0.02301
   -0.04819
    0.04361
   -0.02504
    0.01020
   -0.08323
    0.03304
   -0.00182
   -0.03534
   -0.06547
    0.06300
    0.01292
   -0.06180
   -0.00135
    0.02717
   -0.00820
   -0.05020
   -0.02349
    0.04848
    0.03838
   -0.08006
   -0.08629
    0.05590
   -0.01150
   -0.07186
   -0.03099
    0.05654
    0.02789
   -0.07880
   -0.00484
    0.02689
   -0.01646
   -0.03886
   -0.00515
    0.03693
   -0.00540
   -0.04683
   -0.04150
    0.03240
   -0.03779
   -0.03334
   -0.05024
    0.08596
    0.02948
   -0.07271
   -0.00940
    0.03094
    0.00403
   -0.00799
   -0.06285
    0.03972
    0.00494
   -0.03257
   -0.08539
    0.03876
   -0.01228
   -0.00741
   -0.04665
    0.04518
    0.00755
   -0.04374
   -0.05369
    0.04485
   -0.01730
   -0.00809
   -0.06172
    0.04815
   -0.00601
   -0.02651
   -0.07118
    0.04337
   -0.00705
   -0.06073
   -0.02169
    0.05421
    0.01895
   -0.07547
   -0.01552
    0.02749
   -0.01126
   -0.00078
   -0.04636
    0.04274
   -0.01025
   -0.00381
   -0.08934
    0.04232
   -0.01676
   -0.01598
   -0.01899
    0.03534
   -0.00629
   -0.03361
   -0.04789
    0.04628
   -0.01840
   -0.03350
    0.00032
    0.03092
   -0.00351
   -0.02055
   -0.05656
    0.03421
   -0.01777
   -0.01366
   -0.03949
    0.04068
    0.00182
   -0.04894
   -0.04057
    0.03920
   -0.02499
   -0.00801
   -0.00418
    0.03336
   -0.00978
   -0.04836
   -0.05349
    0.04972
   -0.02397
   -0.01488
   -0.03346
    0.04905
   -0.01260
   -0.03490
    0.01073
    0.01561
   -0.02166
   -0.02292
   -0.02576
    0.04298
   -0.02309
    0.00722
   -0.05115
    0.03104
   -0.00976
   -0.04175
   -0.02855
    0.04519
    0.01368
   -0.04945
    0.03457
    0.00329
   -0.00912
   -0.00673
   -0.02807
    0.02695
   -0.00815
   -0.03385
   -0.02145
    0.02823
   -0.01999
   -0.01878
   -0.01040
    0.03054
   -0.00457
   -0.04065
   -0.00483
    0.01848
   -0.02512
   -0.00986
    0.00077
    0.02532
   -0.01077
   -0.01716
   -0.06328
    0.02970
   -0.01668
   -0.01083
   -0.02772
    0.03656
   -0.00479
   -0.01428
   -0.00079
    0.00786
