IntronPotTab 1 1024 -46.47906 3.77755 17.52592 29411 6 16  536.15
   -0.02831
   -0.03367
    0.00475
    0.04954
    0.00246
   -0.05366
   -0.13427
    0.06115
   -0.02471
   -0.03026
   -0.02993
    0.06712
   -0.03294
   -0.06232
    0.02634
    0.04087
   -0.04510
   -0.02404
    0.01647
    0.05851
    0.01659
   -0.04094
   -0.12614
    0.04740
   -0.01147
   -0.03638
    0.00454
    0.03198
    0.00759
   -0.10889
    0.06306
    0.02049
   -0.01339
   -0.04319
   -0.01574
    0.05376
   -0.02883
   -0.04866
   -0.13323
    0.07577
   -0.00947
   -0.03094
    0.02187
    0.01223
   -0.00138
   -0.09314
   -0.00990
    0.04485
   -0.04721
   -0.01595
    0.03558
    0.03837
   -0.00088
   -0.05149
   -0.12872
    0.06286
   -0.03387
    0.00005
   -0.03465
    0.06148
   -0.04650
   -0.04650
    0.03118
    0.03467
   -0.01497
   -0.05414
   -0.02557
    0.07202
    0.00729
   -0.06531
   -0.13161
    0.06885
   -0.01686
   -0.02522
   -0.05054
    0.06744
   -0.02097
   -0.10901
    0.03232
    0.04662
   -0.01322
   -0.08027
   -0.01788
    0.07765
   -0.02350
   -0.00370
   -0.12282
    0.06091
   -0.00907
   -0.02729
   -0.03899
    0.06072
    0.01711
   -0.10999
    0.02579
    0.03996
    0.01200
   -0.07766
   -0.00540
    0.04221
    0.03733
   -0.07459
   -0.08141
    0.05725
    0.01031
   -0.06731
   -0.01186
    0.03559
    0.05691
   -0.09988
   -0.02067
    0.03424
   -0.02430
   -0.05419
    0.02207
    0.04454
    0.00432
   -0.05656
   -0.13953
    0.06205
   -0.00170
   -0.05890
   -0.06009
    0.07840
   -0.00066
   -0.05996
   -0.00304
    0.03669
   -0.00423
   -0.03749
   -0.05487
    0.07899
    0.01786
   -0.04582
   -0.17386
    0.05475
   -0.00455
   -0.02467
   -0.03941
    0.05576
    0.02589
   -0.09538
   -0.01778
    0.03716
   -0.03456
   -0.04297
   -0.04960
    0.08849
   -0.00555
   -0.04107
   -0.10534
    0.05769
   -0.06094
    0.01670
    0.02456
    0.02761
    0.01928
   -0.11864
    0.01463
    0.03767
   -0.00511
   -0.01302
   -0.06220
    0.06558
   -0.00041
   -0.01059
   -0.19110
    0.06537
   -0.01357
   -0.03583
    0.00541
    0.02721
   -0.02845
   -0.04383
   -0.01594
    0.04542
   -0.03086
   -0.05489
    0.01680
    0.05062
    0.01189
   -0.02672
   -0.20854
    0.05875
   -0.02123
   -0.01785
   -0.04289
    0.06451
    0.01959
   -0.07063
   -0.02587
    0.03338
   -0.05352
   -0.00966
    0.01830
    0.05563
   -0.02118
   -0.03911
   -0.13025
    0.07034
   -0.03711
   -0.00106
   -0.01634
    0.05159
   -0.04367
   -0.02784
    0.04388
    0.02702
   -0.03407
   -0.02926
   -0.03762
    0.06874
   -0.00254
   -0.02686
   -0.11393
    0.04509
   -0.03036
    0.00064
   -0.02714
    0.05368
    0.00401
   -0.08393
    0.04491
    0.02149
   -0.01359
   -0.03612
   -0.05719
    0.06468
   -0.01662
   -0.04933
   -0.14517
    0.06782
   -0.01456
   -0.04201
   -0.01728
    0.04801
   -0.01126
   -0.07673
   -0.00608
    0.04137
   -0.06618
   -0.00326
    0.02743
    0.05183
   -0.00241
   -0.07275
   -0.16188
    0.07418
   -0.01275
   -0.01881
   -0.03602
    0.04643
   -0.02975
   -0.03142
    0.02906
    0.01569
   -0.02572
   -0.00569
   -0.06027
    0.06965
   -0.03092
   -0.04320
   -0.16022
    0.10487
   -0.02563
   -0.02407
   -0.06106
    0.07995
   -0.03025
   -0.09137
   -0.01032
    0.06785
   -0.04980
    0.01196
   -0.04542
    0.06455
   -0.02949
    0.00895
   -0.11621
    0.07794
   -0.02221
    0.00928
    0.01923
    0.00262
   -0.02500
   -0.06278
    0.03084
    0.03285
    0.01011
   -0.03519
   -0.07306
    0.06078
   -0.02408
   -0.03969
   -0.15538
    0.08740
    0.00686
   -0.01235
    0.01784
   -0.01545
   -0.00297
   -0.09729
   -0.03955
    0.06407
   -0.03273
   -0.03116
   -0.01296
    0.05029
   -0.02588
   -0.01984
   -0.15872
    0.08412
   -0.03074
   -0.01528
   -0.06303
    0.07458
   -0.02204
   -0.06086
   -0.00441
    0.04231
    0.01091
   -0.06713
   -0.07372
    0.08373
    0.01633
   -0.06579
   -0.14911
    0.09407
   -0.02652
   -0.04381
   -0.06596
    0.11127
    0.01201
   -0.11451
   -0.00847
    0.06479
   -0.02016
   -0.02628
   -0.05774
    0.07457
   -0.06045
    0.07279
   -0.21706
    0.04900
   -0.05046
   -0.00949
   -0.01517
    0.07256
   -0.02629
   -0.06007
   -0.00166
    0.05599
    0.00586
   -0.07194
   -0.02301
    0.05994
    0.02343
   -0.09287
   -0.04130
    0.10150
   -0.00382
   -0.03808
   -0.02551
    0.04719
    0.05546
   -0.10741
    0.00590
    0.03497
   -0.01406
   -0.06015
   -0.04333
    0.07713
    0.00730
   -0.04526
   -0.18797
    0.07210
   -0.03437
   -0.03522
   -0.08204
    0.12064
    0.01392
   -0.09927
   -0.03173
    0.07730
   -0.01875
   -0.02268
   -0.04877
    0.07797
    0.01877
   -0.00555
   -0.12296
    0.07253
    0.02105
   -0.06992
   -0.09036
    0.09709
   -0.00548
   -0.07189
   -0.05553
    0.08940
    0.00213
   -0.04484
   -0.05624
    0.06697
    0.00120
   -0.02225
   -0.03085
    0.04391
    0.02014
   -0.01797
   -0.01395
    0.00339
    0.10377
   -0.10405
   -0.04878
    0.02475
   -0.01209
   -0.00659
   -0.04357
    0.06034
    0.02481
   -0.00802
   -0.08101
    0.06928
   -0.01348
   -0.02982
   -0.03997
    0.05281
    0.01670
   -0.03812
   -0.03752
    0.04111
   -0.00625
   -0.07005
   -0.02029
    0.06451
    0.01329
   -0.02033
   -0.13602
    0.09748
   -0.03141
   -0.02917
   -0.06811
    0.10531
    0.01564
   -0.07582
   -0.06375
    0.06871
   -0.04172
    0.00958
   -0.06668
    0.07626
   -0.01526
   -0.05910
   -0.17735
    0.08809
   -0.01284
   -0.04166
   -0.07832
    0.09047
   -0.01127
   -0.06896
   -0.00535
    0.04682
   -0.02993
   -0.00602
   -0.04838
    0.05862
   -0.02193
    0.02681
   -0.15821
    0.04571
   -0.02898
   -0.03962
   -0.03665
    0.08262
    0.00030
   -0.02917
   -0.01927
    0.03064
   -0.01875
   -0.05346
   -0.06475
    0.08218
   -0.00120
   -0.06308
   -0.15995
    0.06451
   -0.03415
   -0.05227
   -0.02470
    0.07848
   -0.00669
   -0.08289
   -0.04467
    0.06327
   -0.02989
   -0.02277
   -0.04708
    0.06071
   -0.01826
   -0.03174
   -0.15534
    0.06156
   -0.02516
   -0.01044
   -0.08418
    0.08476
   -0.00815
   -0.04869
   -0.02672
    0.04477
   -0.01883
   -0.03203
   -0.04260
    0.06938
   -0.01009
   -0.07407
   -0.19409
    0.10483
   -0.05251
   -0.02284
   -0.04347
    0.12537
   -0.01368
   -0.08448
   -0.00585
    0.05433
   -0.04264
   -0.03523
   -0.02080
    0.07533
   -0.00211
   -0.03374
   -0.13229
    0.06790
   -0.02077
   -0.00318
   -0.02473
    0.05397
    0.02630
   -0.12144
    0.04683
    0.02141
   -0.01034
   -0.04258
   -0.02614
    0.05938
   -0.00660
   -0.02159
   -0.17159
    0.05856
   -0.02149
   -0.03695
    0.03806
    0.01960
    0.01594
   -0.08885
   -0.01725
    0.03622
   -0.03697
   -0.00935
   -0.01757
    0.04984
   -0.00244
   -0.03440
   -0.16151
    0.07693
   -0.04264
    0.00600
   -0.04179
    0.08402
    0.00722
   -0.07185
   -0.01804
    0.03864
   -0.01661
   -0.06440
   -0.05454
    0.09840
   -0.00129
   -0.06955
   -0.18253
    0.10391
   -0.02143
   -0.05577
   -0.08004
    0.12306
   -0.00159
   -0.11965
    0.00026
    0.06732
   -0.02211
   -0.06913
   -0.03301
    0.08897
   -0.02754
   -0.00989
   -0.15638
    0.08591
   -0.03090
    0.02213
   -0.05507
    0.06007
    0.02934
   -0.10663
    0.03729
    0.03343
   -0.01287
   -0.07555
   -0.04524
    0.10231
    0.01327
   -0.10512
   -0.06507
    0.10591
    0.00044
   -0.01395
   -0.05031
    0.04305
    0.05585
   -0.12508
    0.00834
    0.02844
   -0.02147
   -0.06786
   -0.03009
    0.07848
    0.01949
   -0.08379
   -0.18020
    0.08554
   -0.01504
   -0.07150
   -0.07059
    0.13281
    0.05805
   -0.10440
   -0.02206
    0.04887
    0.01291
   -0.04679
   -0.05308
    0.05696
    0.02126
   -0.05505
   -0.20019
    0.08056
   -0.00025
   -0.03288
   -0.05160
    0.08118
    0.03337
   -0.09148
   -0.03195
    0.04672
   -0.04139
   -0.06118
   -0.04838
    0.10409
    0.00649
   -0.04954
   -0.11222
    0.06409
   -0.03657
   -0.02465
   -0.01792
    0.09622
    0.00926
   -0.08748
    0.00566
    0.03424
    0.00074
   -0.08285
   -0.03167
    0.07272
    0.03071
   -0.03311
   -0.19582
    0.06955
   -0.02853
   -0.08186
    0.05470
    0.02102
    0.01840
   -0.10200
   -0.01818
    0.04005
   -0.02904
   -0.06704
    0.01123
    0.05958
    0.00904
   -0.03585
   -0.17990
    0.08302
   -0.01246
    0.00547
   -0.08288
    0.10087
    0.02487
   -0.07727
   -0.03280
    0.04319
   -0.02922
   -0.01027
   -0.07694
    0.08261
   -0.00745
   -0.07150
   -0.16790
    0.08617
   -0.01462
   -0.03690
   -0.05546
    0.07142
   -0.01149
   -0.04378
   -0.01078
    0.03556
   -0.00948
   -0.05727
   -0.07397
    0.07680
   -0.01081
   -0.05072
   -0.13870
    0.07672
   -0.04330
   -0.01239
   -0.01317
    0.06244
    0.03051
   -0.08563
    0.02956
    0.01568
   -0.00942
   -0.04748
   -0.06622
    0.07567
    0.00125
   -0.07492
   -0.18366
    0.07907
   -0.02651
   -0.05044
    0.01092
    0.04642
   -0.01155
   -0.08774
    0.00137
    0.04093
   -0.03045
   -0.03668
   -0.00933
    0.05137
    0.00373
   -0.06471
   -0.17462
    0.07239
   -0.01307
   -0.01739
   -0.05888
    0.06101
    0.00303
   -0.04972
    0.00008
    0.02269
   -0.03487
   -0.00018
   -0.01911
    0.05120
   -0.02075
   -0.06492
   -0.17891
    0.08822
   -0.02580
    0.02850
   -0.05097
    0.04155
   -0.04365
   -0.03124
    0.02420
    0.02850
   -0.04535
   -0.03780
   -0.01832
    0.07281
   -0.00220
   -0.03881
   -0.12962
    0.05672
   -0.01707
   -0.02315
   -0.01118
    0.04034
   -0.02555
   -0.08235
    0.05909
    0.02927
   -0.00024
   -0.02338
   -0.05353
    0.05027
   -0.02235
   -0.08504
   -0.07502
    0.07454
    0.01044
   -0.01388
   -0.04090
    0.02847
   -0.02458
   -0.07063
   -0.03932
    0.06309
   -0.03130
    0.00335
    0.03008
    0.01070
   -0.02441
   -0.02803
   -0.17023
    0.07027
   -0.02822
    0.01187
   -0.04308
    0.04559
   -0.03554
   -0.03317
    0.03864
    0.01462
   -0.02422
   -0.06677
   -0.06920
    0.10609
   -0.00384
   -0.06982
   -0.16950
    0.09354
   -0.06574
   -0.04164
   -0.07755
    0.15279
    0.00119
   -0.13484
    0.03181
    0.05760
   -0.01227
   -0.08257
   -0.05587
    0.08905
   -0.01223
   -0.00257
   -0.19881
    0.05297
   -0.04959
   -0.01969
   -0.05677
    0.10706
    0.01356
   -0.11267
    0.02844
    0.05324
    0.01303
   -0.13451
   -0.04250
    0.08848
    0.04983
   -0.12908
   -0.04106
    0.09467
   -0.02431
   -0.06302
   -0.02840
    0.08186
    0.06240
   -0.15713
   -0.01195
    0.06621
   -0.01604
   -0.06123
   -0.01229
    0.05192
   -0.00827
   -0.08794
   -0.15388
    0.07572
   -0.06432
   -0.03303
   -0.07912
    0.14689
    0.03502
   -0.10497
    0.00040
    0.05421
   -0.00243
   -0.02470
   -0.09574
    0.08882
    0.01253
   -0.06996
   -0.22307
    0.08697
   -0.01388
   -0.02178
   -0.05420
    0.06834
    0.00379
   -0.08547
   -0.05904
    0.07271
   -0.03937
   -0.04146
   -0.08638
    0.10069
   -0.00931
   -0.04595
   -0.13627
    0.07082
   -0.02818
   -0.02555
   -0.03352
    0.06911
    0.00952
   -0.11651
    0.00183
    0.04636
   -0.00356
   -0.04806
   -0.07944
    0.08609
    0.02308
   -0.04946
   -0.23074
    0.08832
    0.00483
   -0.07763
    0.00411
    0.03006
    0.01253
   -0.06746
   -0.08190
    0.07698
   -0.04029
   -0.05451
   -0.01088
    0.06843
    0.00374
   -0.05830
   -0.24592
    0.09420
   -0.01877
   -0.02207
   -0.07494
    0.07375
    0.00953
   -0.06831
   -0.05072
    0.05313
   -0.05114
    0.01749
   -0.00297
    0.04501
   -0.02783
   -0.06331
   -0.13056
    0.08333
   -0.01080
   -0.03850
   -0.03931
    0.05401
   -0.02741
   -0.04273
    0.03760
    0.01456
   -0.02776
   -0.04786
   -0.06336
    0.08089
   -0.03177
   -0.00218
   -0.15392
    0.06299
   -0.01744
   -0.07025
   -0.06239
    0.09606
    0.01732
   -0.07302
    0.03377
    0.01306
   -0.01399
   -0.03228
   -0.06967
    0.06786
   -0.01257
   -0.07888
   -0.13079
    0.07003
   -0.01228
   -0.04681
   -0.04084
    0.06232
   -0.01532
   -0.07959
   -0.01233
    0.04447
   -0.05548
    0.00328
    0.00913
    0.04154
   -0.00872
   -0.04891
   -0.17116
    0.06250
   -0.02504
   -0.02071
   -0.04921
    0.06750
   -0.01907
   -0.01070
    0.03178
    0.00001
