IntronPotTab 1 1024 -25.48953 3.28478 25.94020 66559 6 16  564.10
   -0.02895
    0.02404
    0.02492
    0.01592
   -0.01872
   -0.05410
   -0.13470
    0.07347
   -0.03918
    0.01553
   -0.02002
    0.05156
   -0.05160
   -0.01366
    0.07498
    0.01629
   -0.04645
   -0.04542
    0.08916
    0.04452
    0.01678
   -0.04712
   -0.09415
    0.03166
    0.00495
   -0.01085
   -0.12141
    0.10597
   -0.02641
   -0.11229
    0.14880
    0.01274
   -0.01313
   -0.04420
   -0.01521
    0.04957
   -0.01407
   -0.06886
   -0.16378
    0.07671
    0.00568
   -0.03155
    0.02096
   -0.00577
   -0.02390
   -0.07347
   -0.01188
    0.04969
   -0.04609
    0.01108
    0.07975
    0.01703
   -0.02164
   -0.02958
   -0.13960
    0.07118
   -0.04089
    0.01532
   -0.01077
    0.04295
   -0.06282
    0.00615
    0.08214
    0.00865
   -0.01368
   -0.06502
   -0.01696
    0.06689
   -0.02910
   -0.05848
   -0.03658
    0.08122
   -0.01564
   -0.06469
   -0.06204
    0.09136
   -0.04903
   -0.08288
    0.03345
    0.05554
   -0.02421
   -0.07264
    0.00645
    0.06823
    0.00284
   -0.01464
   -0.17201
    0.04852
   -0.05584
   -0.04309
    0.02813
    0.07726
   -0.02609
   -0.11271
    0.09153
    0.03570
   -0.03450
   -0.09653
    0.01712
    0.09122
    0.03242
   -0.12834
   -0.04830
    0.07848
    0.07361
   -0.15825
   -0.11340
    0.13156
   -0.02852
   -0.12777
    0.04053
    0.05410
   -0.01740
   -0.06079
   -0.00282
    0.05184
   -0.03375
   -0.04438
   -0.09378
    0.08526
   -0.02562
   -0.03220
   -0.06082
    0.08065
   -0.05195
   -0.03371
    0.02569
    0.03282
    0.00095
   -0.05494
   -0.04034
    0.05614
    0.00165
   -0.03341
   -0.18167
    0.06038
   -0.00506
   -0.02268
   -0.03732
    0.04802
   -0.01058
   -0.06533
   -0.00447
    0.03889
   -0.03455
   -0.06943
    0.01923
    0.06047
    0.01150
   -0.04879
   -0.17917
    0.05243
   -0.03270
   -0.14274
    0.08023
    0.05431
   -0.01354
   -0.14743
    0.07338
    0.04122
    0.00804
   -0.02034
   -0.06584
    0.05165
    0.02041
   -0.08384
   -0.17376
    0.06899
    0.00935
   -0.05215
    0.01927
   -0.00278
   -0.04204
   -0.07885
   -0.00157
    0.06140
   -0.01680
   -0.02374
    0.00370
    0.02511
   -0.00054
   -0.01889
   -0.17876
    0.05334
   -0.03882
    0.01927
   -0.01885
    0.04486
   -0.02487
   -0.04087
   -0.02888
    0.04821
   -0.03651
    0.03515
    0.04744
    0.01003
   -0.03183
   -0.02364
   -0.07348
    0.06433
   -0.03541
    0.01651
   -0.01843
    0.04115
   -0.06800
    0.04156
    0.07806
    0.02418
   -0.04355
   -0.02772
    0.06129
    0.03565
   -0.02061
   -0.00632
   -0.14367
    0.05516
   -0.05509
    0.00274
   -0.03199
    0.08640
   -0.03780
   -0.07741
    0.13551
    0.00887
   -0.01001
   -0.00305
   -0.05628
    0.04003
   -0.03292
   -0.04883
   -0.14387
    0.08866
   -0.02153
   -0.03690
   -0.01840
    0.05208
   -0.03638
   -0.03354
   -0.00850
    0.04222
   -0.05736
    0.03485
    0.07119
    0.01497
   -0.02754
   -0.01865
   -0.16303
    0.06501
   -0.03862
    0.03634
   -0.02102
    0.03417
   -0.05395
    0.03613
    0.06354
   -0.00528
   -0.03190
    0.00885
   -0.04815
    0.05642
   -0.04065
   -0.03670
   -0.12911
    0.09270
   -0.03410
   -0.03788
   -0.05436
    0.08593
   -0.03820
   -0.06234
    0.01763
    0.04410
   -0.03696
   -0.03842
    0.05295
    0.04558
   -0.02176
   -0.00380
   -0.10269
    0.05546
   -0.00734
   -0.09686
    0.00270
    0.05463
   -0.05525
   -0.10529
    0.14098
    0.03409
   -0.01377
   -0.03062
   -0.03996
    0.06113
    0.00204
   -0.07147
   -0.21117
    0.08937
    0.03892
   -0.05316
    0.02927
   -0.03031
   -0.01727
   -0.07807
   -0.01890
    0.05149
   -0.02032
   -0.04047
    0.00829
    0.03133
   -0.03938
   -0.02924
   -0.13232
    0.09351
   -0.02735
   -0.01162
   -0.03537
    0.05014
   -0.04385
   -0.05346
    0.01977
    0.03778
    0.00614
   -0.05110
   -0.07296
    0.07598
   -0.00190
   -0.04025
   -0.13443
    0.06913
   -0.04466
   -0.04949
   -0.08463
    0.13790
   -0.00686
   -0.08045
   -0.00317
    0.04812
   -0.02522
   -0.02793
   -0.03689
    0.06531
   -0.06849
    0.09673
   -0.26867
    0.04823
   -0.00436
    0.02722
   -0.07092
    0.02312
   -0.07432
   -0.05547
    0.06264
    0.05506
    0.01490
   -0.07741
   -0.06104
    0.09235
    0.04510
   -0.06891
   -0.12961
    0.07794
    0.01962
   -0.08893
   -0.11172
    0.10963
    0.06596
   -0.08593
    0.10185
   -0.04714
   -0.01025
   -0.03921
   -0.07155
    0.07531
   -0.01098
   -0.02788
   -0.21278
    0.08184
   -0.02741
   -0.04410
   -0.10561
    0.11788
   -0.04201
   -0.08035
   -0.02501
    0.07988
   -0.01296
   -0.03095
   -0.05069
    0.07317
    0.04746
   -0.11227
   -0.17323
    0.13805
    0.00962
   -0.12369
   -0.07818
    0.11316
    0.02873
   -0.07584
   -0.01795
    0.03104
   -0.03990
   -0.03166
   -0.06016
    0.08958
    0.03492
   -0.06253
   -0.14177
    0.09125
   -0.02068
   -0.05814
   -0.03626
    0.10142
   -0.05012
   -0.06973
    0.02411
    0.06461
   -0.00167
   -0.08924
    0.00889
    0.03774
    0.09149
   -0.14968
   -0.08233
    0.14679
    0.11210
   -0.21398
    0.03262
    0.04389
    0.01232
   -0.11227
   -0.00781
    0.05347
   -0.00598
   -0.08925
   -0.03379
    0.07618
    0.01531
   -0.02259
   -0.21059
    0.10105
   -0.04363
   -0.03301
   -0.08079
    0.11436
    0.03906
   -0.24974
    0.02444
    0.12064
   -0.03370
    0.01447
   -0.08539
    0.07172
   -0.03345
   -0.02402
   -0.16121
    0.07955
   -0.02209
   -0.02140
   -0.08102
    0.08168
   -0.04404
   -0.03565
    0.00534
    0.04467
   -0.03465
   -0.04331
    0.00538
    0.05928
   -0.03392
    0.03294
   -0.08550
    0.02993
   -0.04208
   -0.00991
   -0.11367
    0.12196
   -0.05097
   -0.03285
    0.09646
    0.01592
    0.00483
   -0.05597
   -0.10094
    0.07237
   -0.00991
   -0.05261
   -0.24546
    0.08520
   -0.01751
   -0.03872
   -0.03068
    0.05314
   -0.01809
   -0.06730
   -0.03981
    0.05874
   -0.03566
   -0.00371
   -0.05649
    0.06038
   -0.02441
   -0.01802
   -0.17352
    0.06204
   -0.03351
    0.00631
   -0.07880
    0.07466
   -0.03433
   -0.01806
   -0.01757
    0.03388
   -0.02755
   -0.00067
   -0.02796
    0.05377
    0.01773
   -0.05251
   -0.34762
    0.12322
   -0.04683
   -0.02972
   -0.04433
    0.11107
   -0.01997
   -0.04572
    0.00247
    0.03205
   -0.03342
   -0.05711
    0.04760
    0.04564
    0.03666
   -0.05043
   -0.12838
    0.02456
   -0.02745
   -0.02916
   -0.01436
    0.05751
   -0.01673
   -0.10953
    0.13090
    0.01081
    0.00516
   -0.05741
   -0.02100
    0.04029
    0.01004
   -0.04252
   -0.15709
    0.04732
    0.00313
   -0.04438
    0.03985
   -0.01108
   -0.00936
   -0.06629
   -0.01884
    0.04261
   -0.04481
    0.01591
   -0.00050
    0.03915
   -0.01397
   -0.01773
   -0.14351
    0.06374
   -0.05893
    0.02440
   -0.00491
    0.05859
   -0.04386
   -0.02530
    0.02053
    0.02641
   -0.02004
   -0.05173
   -0.06895
    0.10258
   -0.00684
   -0.07941
   -0.14167
    0.10600
   -0.02227
   -0.05377
   -0.12913
    0.14206
   -0.01191
   -0.08549
   -0.01277
    0.06262
   -0.02765
   -0.07296
   -0.02004
    0.08479
   -0.01485
    0.03114
   -0.34118
    0.14370
   -0.06021
    0.06845
    0.00682
    0.02152
   -0.03761
   -0.10244
    0.05308
    0.05908
   -0.01228
   -0.10306
   -0.04986
    0.13897
    0.04902
   -0.11624
   -0.04431
    0.08864
    0.02663
   -0.05397
   -0.05709
    0.06205
    0.01943
   -0.12651
   -0.01985
    0.07597
   -0.01407
   -0.05585
   -0.06483
    0.09001
    0.00046
   -0.04427
   -0.23299
    0.09987
   -0.04482
   -0.03325
   -0.07776
    0.12786
    0.00602
   -0.08476
   -0.03471
    0.07074
    0.03205
   -0.10892
   -0.06087
    0.06520
    0.02921
   -0.07037
   -0.22576
    0.07861
    0.00878
   -0.04817
   -0.03484
    0.04685
    0.02159
   -0.06193
   -0.03433
    0.03439
   -0.02780
   -0.09244
    0.02204
    0.06027
    0.05774
   -0.09444
   -0.25008
    0.11172
    0.02741
   -0.15581
    0.05856
    0.03130
   -0.01514
   -0.11259
    0.04081
    0.03911
    0.00530
   -0.03149
   -0.04414
    0.04657
    0.08036
   -0.14665
   -0.23619
    0.11294
    0.00856
   -0.12344
    0.08169
   -0.02068
   -0.02036
   -0.09863
   -0.00405
    0.05619
   -0.02270
   -0.06479
    0.02323
    0.03923
    0.01108
   -0.00871
   -0.28997
    0.11316
   -0.02581
   -0.02038
   -0.01479
    0.04852
   -0.00872
   -0.07234
   -0.02672
    0.05400
   -0.02780
    0.00959
   -0.05559
    0.05282
   -0.00545
   -0.06574
   -0.19010
    0.09141
   -0.02761
   -0.00668
   -0.04816
    0.05732
   -0.03827
    0.00877
    0.00045
    0.02610
   -0.02397
   -0.08046
    0.01340
    0.06066
   -0.03041
   -0.00000
   -0.21551
    0.07831
   -0.04806
   -0.03379
   -0.02813
    0.08607
   -0.03037
   -0.08555
    0.11294
    0.01899
    0.00290
   -0.04923
   -0.07844
    0.06710
    0.00265
   -0.08140
   -0.16299
    0.07359
   -0.01883
   -0.05067
   -0.00091
    0.04803
   -0.02326
   -0.03606
   -0.02402
    0.04487
   -0.03611
   -0.00704
   -0.00285
    0.03788
    0.01865
   -0.08602
   -0.20606
    0.06990
   -0.03273
    0.02919
   -0.02335
    0.03117
   -0.02774
   -0.01387
    0.00361
    0.01997
   -0.04192
    0.05616
    0.03443
    0.01949
   -0.02808
   -0.04105
   -0.11172
    0.06754
   -0.02755
    0.03650
   -0.03123
    0.03056
   -0.06221
   -0.00325
    0.08319
    0.01366
   -0.05216
   -0.03444
    0.08952
    0.04440
    0.01073
   -0.04474
   -0.09509
    0.03323
   -0.00455
   -0.02819
   -0.00693
    0.01855
   -0.05935
   -0.09369
    0.17568
    0.01776
   -0.00111
   -0.03383
   -0.03411
    0.03832
    0.01516
   -0.07377
   -0.20805
    0.06133
    0.02210
   -0.04192
   -0.01418
    0.00694
   -0.04185
   -0.04679
   -0.03112
    0.06050
   -0.03321
    0.03983
    0.08250
   -0.00764
   -0.03773
   -0.00270
   -0.09222
    0.05610
   -0.05038
    0.04854
    0.02009
    0.01439
   -0.06642
    0.04353
    0.08020
   -0.00005
   -0.03288
   -0.04863
   -0.03071
    0.08307
   -0.02772
   -0.04890
   -0.07371
    0.07305
   -0.03857
   -0.07950
   -0.08535
    0.13425
   -0.03979
   -0.10414
    0.04009
    0.05763
   -0.03616
   -0.05818
   -0.01996
    0.07724
   -0.03328
    0.02717
   -0.16634
    0.04191
   -0.03445
   -0.00211
   -0.08021
    0.08457
   -0.02782
   -0.09501
    0.11108
    0.03061
    0.00565
   -0.12061
   -0.02132
    0.07203
    0.02393
   -0.09365
   -0.07209
    0.06478
    0.04347
   -0.16106
   -0.04088
    0.08027
    0.01422
   -0.16613
    0.04649
    0.04863
   -0.02260
   -0.04477
   -0.03454
    0.06112
   -0.03272
   -0.04516
   -0.13209
    0.06757
   -0.04575
   -0.01777
   -0.10651
    0.11475
   -0.01817
   -0.06428
    0.00855
    0.04014
   -0.00640
   -0.00775
   -0.06798
    0.05417
    0.01640
   -0.08089
   -0.21193
    0.07716
   -0.00721
   -0.00925
   -0.02981
    0.03142
   -0.01654
   -0.05304
   -0.03585
    0.05625
   -0.03640
   -0.03708
   -0.02203
    0.05372
    0.00567
   -0.05636
   -0.17065
    0.05522
   -0.03536
   -0.11480
    0.00818
    0.08434
   -0.00487
   -0.12363
    0.05770
    0.02777
    0.00358
   -0.04370
   -0.07037
    0.06186
    0.03582
   -0.11698
   -0.23631
    0.09381
    0.02189
   -0.13040
    0.01570
    0.03687
   -0.01410
   -0.06705
   -0.05262
    0.06929
   -0.02778
   -0.00660
   -0.00616
    0.03043
   -0.00459
   -0.02788
   -0.21158
    0.06612
   -0.04275
    0.02839
   -0.00817
    0.02839
   -0.02514
   -0.02938
   -0.04794
    0.05368
   -0.05279
    0.05166
    0.02326
    0.02965
   -0.03979
   -0.02585
   -0.12657
    0.07744
   -0.03706
    0.01511
   -0.03258
    0.04643
   -0.07094
    0.00439
    0.08836
    0.01118
   -0.05574
   -0.03699
    0.05149
    0.05391
   -0.04630
    0.01673
   -0.16014
    0.05748
   -0.04099
   -0.01643
   -0.05150
    0.07210
   -0.03479
   -0.05692
    0.12177
    0.00049
   -0.01492
    0.00294
   -0.05330
    0.04404
   -0.01759
   -0.05209
   -0.18522
    0.07320
   -0.02969
   -0.03682
   -0.02933
    0.06261
   -0.05503
   -0.01736
   -0.00349
    0.04156
   -0.06429
    0.04274
    0.04155
    0.02793
   -0.03908
    0.01447
   -0.16739
    0.04853
   -0.05698
    0.02969
   -0.00931
    0.04471
   -0.07322
    0.02935
    0.04639
    0.01502
