IntronPotTab 1 1024 -40.99718 4.89967 22.59561 9638 6 16  747.33
   -0.03654
   -0.00077
   -0.01064
    0.04733
   -0.00470
   -0.05058
   -0.13729
    0.06278
   -0.02951
   -0.03641
   -0.02693
    0.09006
   -0.04921
   -0.08132
    0.03580
    0.06387
   -0.02980
   -0.06438
   -0.01828
    0.06797
    0.00670
   -0.08562
   -0.17303
    0.08432
   -0.01747
   -0.10285
   -0.02795
    0.10032
   -0.01058
   -0.14354
    0.06090
    0.04864
   -0.01923
   -0.02337
   -0.05041
    0.06906
   -0.00251
   -0.05627
   -0.13745
    0.06400
   -0.02322
   -0.04435
   -0.02538
    0.07644
   -0.02978
   -0.08836
   -0.01874
    0.06951
   -0.06123
   -0.00531
    0.03075
    0.04240
   -0.01379
   -0.05956
   -0.11302
    0.07590
   -0.05732
   -0.00448
   -0.02316
    0.08540
   -0.06672
   -0.06272
    0.03433
    0.05350
   -0.02395
   -0.03290
   -0.03561
    0.07881
   -0.00036
   -0.06965
   -0.16497
    0.09390
   -0.01904
   -0.08341
   -0.07899
    0.12310
   -0.03237
   -0.09504
    0.00877
    0.08478
   -0.01442
   -0.12715
   -0.00981
    0.09044
   -0.00377
   -0.10424
   -0.17884
    0.11279
    0.01391
   -0.18027
    0.00791
    0.13385
    0.00689
   -0.15503
    0.03489
    0.06800
    0.00131
   -0.08527
   -0.00466
    0.05452
   -0.00330
   -0.12880
   -0.10050
    0.15643
   -0.02578
   -0.20811
    0.00299
    0.15026
   -0.00823
   -0.13461
   -0.01876
    0.12540
   -0.01774
   -0.09460
    0.04551
    0.03800
    0.00728
   -0.09361
   -0.10890
    0.09483
    0.00622
   -0.11058
   -0.01863
    0.08725
   -0.02279
   -0.08373
    0.00699
    0.06111
    0.00804
   -0.02392
   -0.08188
    0.08061
    0.01558
   -0.03703
   -0.23164
    0.07847
   -0.04392
   -0.02319
   -0.01990
    0.11555
   -0.01041
   -0.07763
    0.00060
    0.05495
   -0.03412
   -0.03822
   -0.06337
    0.08987
    0.01671
   -0.07371
   -0.24750
    0.09828
   -0.03479
    0.02247
   -0.03409
    0.08210
    0.04340
   -0.16703
    0.02219
    0.04935
    0.01787
   -0.02848
   -0.11946
    0.09610
    0.02444
   -0.09719
   -0.12996
    0.09358
   -0.02206
   -0.03849
   -0.07499
    0.10407
   -0.03639
   -0.05431
   -0.04129
    0.08193
   -0.03425
   -0.05359
    0.00054
    0.05910
    0.01740
   -0.05245
   -0.14820
    0.06712
   -0.01480
   -0.03305
   -0.04961
    0.08093
    0.00124
   -0.08149
    0.00642
    0.03941
   -0.03939
    0.03202
    0.00594
    0.02512
   -0.01788
   -0.04854
   -0.13300
    0.08081
   -0.04547
   -0.02040
   -0.01894
    0.07155
   -0.06626
   -0.03047
    0.06472
    0.04999
   -0.04942
   -0.04740
    0.04244
    0.04405
   -0.02105
   -0.06349
   -0.14978
    0.09065
   -0.03394
   -0.03125
   -0.01327
    0.07690
   -0.02274
   -0.13919
    0.08384
    0.04318
   -0.00232
   -0.02311
   -0.03835
    0.03104
   -0.02534
   -0.05727
   -0.17584
    0.08634
   -0.02258
   -0.08271
   -0.04819
    0.09402
   -0.02054
   -0.10145
   -0.00332
    0.06467
   -0.03968
   -0.00287
    0.02326
    0.02058
   -0.03592
   -0.06541
   -0.13498
    0.09178
   -0.04763
   -0.02501
   -0.03514
    0.08728
   -0.04458
   -0.02805
    0.03278
    0.02087
   -0.02663
   -0.02546
   -0.05136
    0.07501
   -0.00935
   -0.07514
   -0.19968
    0.10402
   -0.04928
   -0.05917
    0.00513
    0.08575
   -0.02434
   -0.07221
   -0.01427
    0.06955
   -0.01474
   -0.06917
   -0.07432
    0.08083
    0.02566
   -0.03220
   -0.30274
    0.10700
    0.00307
   -0.09268
   -0.01837
    0.06063
   -0.02089
   -0.12834
    0.02644
    0.06246
   -0.00564
   -0.01495
   -0.09674
    0.07234
   -0.01237
   -0.02599
   -0.16857
    0.08522
   -0.01591
   -0.03152
   -0.02199
    0.05124
   -0.00599
   -0.07417
   -0.05927
    0.08065
   -0.05002
   -0.02857
   -0.00739
    0.05241
   -0.03204
   -0.04783
   -0.18956
    0.12685
   -0.03913
   -0.01508
   -0.04392
    0.07573
   -0.04175
   -0.07745
   -0.00944
    0.06636
   -0.01044
   -0.03347
   -0.03230
    0.06222
    0.04755
   -0.11453
   -0.16534
    0.10940
   -0.01814
   -0.12451
   -0.04777
    0.13509
    0.02335
   -0.12349
    0.00384
    0.07254
   -0.03806
   -0.07397
   -0.02537
    0.09986
    0.02420
   -0.05266
   -0.23087
    0.09039
    0.01593
   -0.05453
   -0.09409
    0.09951
    0.00275
   -0.13681
    0.00254
    0.09333
    0.01603
   -0.12591
   -0.00619
    0.07613
    0.05998
   -0.19124
   -0.16597
    0.20027
   -0.06530
   -0.22533
    0.00774
    0.19758
    0.07882
   -0.18292
   -0.02592
    0.13141
   -0.03789
   -0.08163
    0.06637
    0.04518
    0.05210
   -0.11095
   -0.11864
    0.09478
    0.00383
   -0.11865
   -0.02358
    0.10624
   -0.01206
   -0.14477
    0.02376
    0.08174
    0.02521
   -0.01726
   -0.08849
    0.08591
    0.07060
   -0.01694
   -0.21158
    0.13300
   -0.07547
    0.01234
   -0.04574
    0.11668
    0.00271
   -0.04798
   -0.06540
    0.10743
    0.03397
   -0.06670
   -0.15029
    0.11538
   -0.02808
    0.01015
   -0.27136
    0.19199
    0.08747
   -0.05060
   -0.13225
    0.07772
    0.05060
   -0.03979
   -0.05371
    0.04860
    0.01003
    0.01590
   -0.14841
    0.11667
    0.12757
   -0.10480
   -0.21201
    0.14223
   -0.00348
    0.02076
   -0.10090
    0.06297
    0.15988
   -0.07535
   -0.18132
    0.08661
   -0.02454
   -0.01508
   -0.06011
    0.08023
    0.02751
   -0.07159
   -0.13726
    0.16759
   -0.02253
   -0.04360
   -0.07138
    0.12105
   -0.00146
   -0.11156
   -0.02267
    0.09449
   -0.02342
   -0.02888
   -0.03373
    0.05577
   -0.00341
   -0.03352
   -0.21885
    0.07964
   -0.02860
   -0.08224
    0.00235
    0.07448
   -0.03483
   -0.08364
    0.01211
    0.06533
   -0.04027
   -0.04969
   -0.01204
    0.06346
    0.02827
   -0.03863
   -0.21257
    0.05865
   -0.04437
   -0.01893
   -0.02272
    0.08733
    0.00989
   -0.12937
    0.05745
    0.06424
   -0.00276
   -0.06329
   -0.08020
    0.06993
   -0.00378
   -0.05733
   -0.28931
    0.09422
    0.00316
   -0.09034
   -0.07732
    0.08477
    0.00122
   -0.10030
   -0.05690
    0.08084
   -0.02272
   -0.06142
   -0.00583
    0.04852
    0.01487
   -0.07303
   -0.16568
    0.07313
   -0.03474
   -0.05628
   -0.03382
    0.09042
   -0.02882
   -0.07007
   -0.01854
    0.06144
   -0.01126
   -0.02540
   -0.07373
    0.07896
   -0.02026
   -0.04365
   -0.20829
    0.09488
   -0.05137
   -0.02833
   -0.06035
    0.14349
   -0.00439
   -0.11163
   -0.00750
    0.07429
   -0.01774
   -0.05599
   -0.05161
    0.06714
    0.02602
   -0.08091
   -0.18598
    0.08725
   -0.01692
   -0.07465
   -0.05529
    0.12123
    0.01567
   -0.15024
    0.03412
    0.05060
    0.03449
   -0.03523
   -0.10335
    0.06970
    0.02419
   -0.03125
   -0.07937
    0.02002
   -0.03509
    0.01060
   -0.02419
    0.06589
    0.01313
   -0.09298
   -0.03050
    0.05418
   -0.03615
   -0.02180
   -0.02234
    0.04950
   -0.01396
   -0.05359
   -0.14809
    0.10467
   -0.05980
   -0.00152
   -0.03586
    0.10428
   -0.01934
   -0.08377
    0.01725
    0.04325
   -0.00335
   -0.05228
   -0.04968
    0.08147
    0.03204
   -0.08645
   -0.19298
    0.09686
   -0.00770
   -0.07206
   -0.08265
    0.13199
    0.01212
   -0.09946
   -0.00597
    0.07110
   -0.01086
   -0.10276
   -0.03256
    0.08789
   -0.02064
   -0.07398
   -0.12883
    0.12993
    0.04263
   -0.08207
   -0.11863
    0.14234
    0.01768
   -0.11679
   -0.00470
    0.07447
    0.01988
   -0.04584
   -0.02825
    0.04602
   -0.04023
   -0.02192
   -0.19356
    0.14297
    0.00631
   -0.15124
    0.06452
    0.07341
    0.05938
   -0.15742
   -0.00684
    0.10259
    0.00363
   -0.06845
   -0.00553
    0.04434
    0.02378
   -0.09583
   -0.07558
    0.08905
    0.04141
   -0.11481
   -0.05573
    0.11318
    0.03970
   -0.11396
   -0.00211
    0.05963
    0.04318
   -0.02733
   -0.10660
    0.07613
    0.04437
    0.00552
   -0.35302
    0.08314
   -0.00271
   -0.02649
   -0.08067
    0.12102
    0.00789
   -0.06174
   -0.03474
    0.06678
   -0.01721
   -0.06623
   -0.08042
    0.09929
    0.04892
   -0.09032
   -0.28867
    0.12288
    0.05092
    0.07406
   -0.17240
    0.09366
    0.04279
   -0.12820
   -0.00700
    0.04933
    0.03863
   -0.05396
   -0.08662
    0.07146
    0.05951
   -0.12722
   -0.14608
    0.09839
    0.01921
   -0.05496
   -0.11869
    0.11974
   -0.00156
   -0.10690
   -0.06263
    0.09528
   -0.02377
   -0.04033
   -0.00039
    0.04823
    0.01526
   -0.03611
   -0.18840
    0.10318
    0.00268
    0.00281
   -0.10975
    0.11718
    0.03050
   -0.07332
   -0.03108
    0.04718
   -0.03412
    0.02600
   -0.07149
    0.06574
    0.00803
   -0.05146
   -0.15754
    0.08183
   -0.00959
   -0.02081
   -0.05261
    0.06067
   -0.01300
   -0.06591
    0.01459
    0.04159
   -0.03879
   -0.05753
   -0.00904
    0.06412
    0.01880
   -0.06873
   -0.16865
    0.07808
   -0.02703
   -0.00401
   -0.05782
    0.08791
    0.00944
   -0.12901
    0.04758
    0.04528
    0.01792
   -0.02978
   -0.09333
    0.04639
   -0.00812
   -0.06079
   -0.18192
    0.08525
   -0.01138
   -0.06049
   -0.05443
    0.07754
    0.00511
   -0.09091
   -0.01270
    0.05247
   -0.02328
   -0.01992
   -0.04399
    0.05391
   -0.00746
   -0.06118
   -0.19236
    0.09453
   -0.02646
   -0.03215
   -0.04379
    0.08041
   -0.02700
   -0.03764
   -0.00534
    0.04237
   -0.04821
    0.00960
   -0.00786
    0.05182
   -0.01829
   -0.01774
   -0.15646
    0.05753
   -0.04484
   -0.01593
    0.00657
    0.05989
   -0.06813
   -0.04196
    0.04630
    0.04494
   -0.03954
   -0.04500
   -0.01585
    0.05890
   -0.00328
   -0.08427
   -0.05049
    0.06033
   -0.05083
   -0.04222
    0.04824
    0.04917
   -0.05080
   -0.11514
    0.06710
    0.04619
   -0.00419
   -0.02633
   -0.06320
    0.05056
   -0.02531
   -0.04198
   -0.10384
    0.06980
   -0.01545
   -0.03452
   -0.03602
    0.06047
   -0.05439
   -0.04246
   -0.04009
    0.07450
   -0.04211
    0.02967
    0.03386
    0.00527
   -0.03652
   -0.03715
   -0.11511
    0.08621
   -0.07017
    0.01080
    0.00196
    0.06005
   -0.07453
   -0.00787
    0.04386
    0.02575
   -0.02345
   -0.03245
   -0.01909
    0.06132
    0.01792
   -0.09589
   -0.20240
    0.09982
   -0.03923
   -0.07039
   -0.05472
    0.12261
   -0.02257
   -0.11757
    0.03339
    0.07621
   -0.04036
   -0.09643
   -0.00313
    0.08825
   -0.01253
   -0.06594
   -0.14492
    0.09099
   -0.03460
   -0.09847
   -0.09503
    0.17731
    0.00616
   -0.15268
    0.05173
    0.07758
    0.01381
   -0.08014
   -0.04068
    0.06080
    0.00215
   -0.08781
   -0.10214
    0.10882
   -0.06433
   -0.14662
    0.00243
    0.14235
   -0.02787
   -0.14725
    0.02369
    0.12621
   -0.04939
   -0.06017
    0.06144
    0.04184
    0.02094
   -0.08591
   -0.10781
    0.05896
   -0.00691
   -0.10512
   -0.02772
    0.09655
   -0.02259
   -0.11714
    0.02454
    0.06999
   -0.00929
    0.00055
   -0.04314
    0.04356
    0.01293
   -0.04534
   -0.23251
    0.08487
   -0.02519
   -0.03453
   -0.02485
    0.07541
   -0.01685
   -0.04720
   -0.03277
    0.06982
   -0.01157
   -0.03514
   -0.11217
    0.08401
   -0.00007
   -0.06874
   -0.24700
    0.10965
    0.01142
   -0.11096
   -0.04652
    0.09264
    0.01282
   -0.13256
   -0.01356
    0.06306
    0.02168
   -0.02762
   -0.10200
    0.05845
    0.02710
   -0.06376
   -0.28672
    0.10079
    0.00820
   -0.09469
   -0.03309
    0.07512
   -0.00998
   -0.05329
   -0.08297
    0.08999
   -0.04074
   -0.01496
    0.00265
    0.03974
   -0.00791
   -0.04556
   -0.14371
    0.08802
   -0.02513
   -0.02667
   -0.01993
    0.05394
   -0.00216
   -0.06831
   -0.01975
    0.05023
   -0.04932
    0.02248
    0.00396
    0.03700
   -0.02017
   -0.01773
   -0.18348
    0.07090
   -0.05208
   -0.00945
   -0.02184
    0.07286
   -0.04962
   -0.04010
    0.04705
    0.02605
   -0.04958
   -0.04225
    0.02099
    0.04864
   -0.01092
   -0.03725
   -0.20664
    0.06814
   -0.03953
   -0.04019
   -0.05906
    0.10480
   -0.00897
   -0.10210
    0.06694
    0.02485
    0.00212
   -0.02765
   -0.05037
    0.03547
   -0.01083
   -0.05026
   -0.17719
    0.06349
   -0.02640
   -0.05283
   -0.07728
    0.09552
   -0.03410
   -0.06564
   -0.00267
    0.05129
   -0.04252
   -0.01045
    0.03714
    0.01830
   -0.04204
   -0.01962
   -0.13826
    0.06413
   -0.06034
   -0.01695
   -0.02755
    0.08328
   -0.06043
   -0.00075
    0.01780
    0.02579
