9 20 3 1 47 -2.5240 2.1496 3.8802 9315
 -0.02494   0.03309   0.06267  -0.04241  -0.07091   0.01350   0.15646  -0.06282  -0.05068  -0.02063   0.02425   0.05259  -0.05284   0.05758   0.05494  -0.03273  -0.21676   0.06529   0.09715   0.00667 
 -0.08452   0.03375   0.09395  -0.01221  -0.05364   0.00982   0.15276  -0.07524  -0.01514   0.00528   0.07813  -0.02349  -0.04452   0.02814   0.10082  -0.06665  -0.18168   0.03712   0.20952  -0.10756 
 -0.06604   0.02681   0.14910  -0.07542  -0.02409   0.04779   0.05155  -0.03832  -0.06220   0.00178   0.07206   0.02890   0.00775   0.05972   0.03545  -0.10191  -0.20384   0.09281   0.06873   0.00245 
 -0.04594   0.05688   0.05322  -0.03211  -0.09477   0.01171   0.14208  -0.02410  -0.04841  -0.00065   0.02402   0.03875  -0.06647   0.04923   0.09756  -0.05424  -0.19480   0.06108   0.10964  -0.01072 
 -0.09199   0.03575   0.10028  -0.01252  -0.05064   0.04434   0.14217  -0.09042   0.01380   0.01549   0.04515  -0.04855  -0.01104   0.05522   0.08353  -0.12457  -0.16864   0.05733   0.20851  -0.13364 
 -0.04543   0.04988   0.13770  -0.10509  -0.01824   0.02324   0.07535  -0.04902  -0.04278   0.01128   0.05482   0.01252   0.00850   0.05041   0.02176  -0.07803  -0.21738   0.09246   0.06675   0.01021 
 -0.03722   0.04816   0.05044  -0.03178  -0.09464   0.05830   0.12655  -0.03806  -0.02889  -0.02168   0.03274   0.02989  -0.02951   0.05959   0.05670  -0.06782  -0.18349   0.03656   0.11512  -0.00296 
 -0.07555   0.03619   0.09006  -0.01853  -0.05258   0.01942   0.16175  -0.09284  -0.03600   0.02202   0.05229  -0.00049   0.00035   0.03566   0.08854  -0.12852  -0.14746   0.06527   0.18696  -0.12570 
 -0.05122   0.04298   0.13648  -0.09113  -0.01892   0.01393   0.04224  -0.01651  -0.02975   0.00726   0.08703  -0.01368   0.02485   0.04848   0.00624  -0.08677  -0.22340   0.12144   0.07074  -0.01424 
 -0.03177   0.05477   0.04377  -0.03723  -0.06293   0.00360   0.13401  -0.04233  -0.02106  -0.00253   0.02918   0.01160  -0.05407   0.07187   0.03417  -0.02450  -0.22775   0.03556   0.10769   0.02354 
 -0.07645   0.02951   0.08397  -0.00815  -0.04490   0.00840   0.17075  -0.10520  -0.02173   0.02373   0.03423  -0.00817   0.00877   0.03628   0.08325  -0.13708  -0.18673   0.05035   0.19514  -0.09722 
 -0.05190   0.03663   0.14032  -0.08906  -0.01661   0.03658   0.08609  -0.06906  -0.03924   0.02059   0.07382  -0.00661   0.00895   0.03504   0.02613  -0.06771  -0.19263   0.10159   0.07449  -0.01454 
 -0.03473   0.05286   0.06121  -0.04647  -0.06343   0.03094   0.10624  -0.03242  -0.03093  -0.00870   0.01088   0.03281  -0.02217   0.02565   0.08313  -0.07468  -0.21618   0.06661   0.11395  -0.00880 
 -0.06764   0.03353   0.08575  -0.02012  -0.05801   0.01044   0.17410  -0.09497   0.00147   0.00032   0.09784  -0.05030  -0.03825   0.08637   0.08301  -0.11706  -0.17079   0.04163   0.20255  -0.10889 
 -0.05813   0.04102   0.15029  -0.09700  -0.00341   0.02390   0.04994  -0.04560  -0.03529   0.02209   0.02273   0.01199   0.02901   0.06225   0.03278  -0.14012  -0.23492   0.13462   0.05714  -0.01014 
 -0.02705   0.06790   0.03984  -0.04971  -0.07519   0.00584   0.14941  -0.04648  -0.03873   0.02355   0.04256   0.00565  -0.02028   0.06165   0.04651  -0.07217  -0.21528   0.08001   0.12254  -0.02767 
 -0.07247   0.04687   0.09665  -0.03475  -0.05379   0.05812   0.15107  -0.10694  -0.01640   0.02684   0.06358  -0.03067   0.00414   0.05886   0.07440  -0.14342  -0.21190   0.08471   0.21023  -0.13677 
 -0.05345   0.06336   0.13788  -0.10860  -0.00543   0.05904   0.05146  -0.06751  -0.06808   0.01321   0.06528   0.02980   0.00420   0.06109   0.03469  -0.09665  -0.22744   0.08168   0.08674   0.00734 
 -0.04156   0.05667   0.05322  -0.03624  -0.09281   0.02134   0.16276  -0.05228  -0.00774   0.00644  -0.02425   0.01363  -0.01946   0.05963   0.02567  -0.04954  -0.20373   0.07974   0.10551  -0.01746 
 -0.06871   0.04752   0.08377  -0.02786  -0.03763   0.00720   0.15804  -0.09822  -0.01124  -0.00745   0.06150  -0.01041  -0.01551   0.08012   0.08037  -0.14331  -0.17304   0.07137   0.19534  -0.12615 
 -0.04831   0.04644   0.13613  -0.09700  -0.03226   0.01510   0.08037  -0.03286  -0.04209   0.04591   0.02047   0.00247   0.03307   0.07863  -0.01508  -0.11327  -0.20080   0.10320   0.09031  -0.02521 
 -0.03227   0.06563   0.04485  -0.04630  -0.05843   0.01694   0.11658  -0.03835  -0.01921  -0.00252  -0.00669   0.02442  -0.05589   0.05376   0.06669  -0.03746  -0.19367   0.05320   0.09732   0.00499 
 -0.06782   0.03353   0.07598  -0.01221  -0.03500   0.05054   0.12343  -0.09336  -0.00698  -0.00918   0.10859  -0.03929  -0.00466   0.09122   0.06998  -0.16340  -0.17871   0.05048   0.19920  -0.10756 
 -0.04729   0.05159   0.13454  -0.10102  -0.02502   0.03873   0.07506  -0.05085  -0.06341   0.07412   0.05021  -0.01237   0.01878   0.03348   0.01061  -0.06593  -0.21219   0.13864   0.06649  -0.03174 
 -0.04089   0.07563   0.04658  -0.04715  -0.06252   0.03136   0.11174  -0.03852  -0.00542  -0.03453   0.02178   0.01877  -0.04742   0.07733   0.08209  -0.09126  -0.16500   0.07070   0.12175  -0.04486 
 -0.05778   0.04124   0.08850  -0.03723  -0.04328   0.00803   0.15022  -0.08317   0.00141   0.06987   0.02568  -0.06931  -0.00397   0.03632   0.07949  -0.10981  -0.20384   0.05668   0.20756  -0.10958 
 -0.04695   0.04752   0.13402  -0.09719  -0.01832   0.07690   0.06084  -0.07271  -0.04664   0.03375   0.04544   0.00481   0.02133   0.06724   0.03244  -0.13127  -0.19310   0.12143   0.05580  -0.01652 
 -0.03210   0.07844   0.04507  -0.05747  -0.06490   0.03020   0.11767  -0.04084  -0.03076  -0.01338   0.06501   0.01224  -0.00602   0.01628   0.05942  -0.06244  -0.20055   0.07486   0.09780  -0.00844 
 -0.05953   0.03220   0.08298  -0.02430  -0.04505   0.04225   0.13748  -0.09038  -0.01560   0.04247   0.07105  -0.04817  -0.00923   0.08339   0.05893  -0.12975  -0.23028   0.08936   0.18652  -0.09853 
 -0.06005   0.07056   0.12529  -0.09434  -0.02838   0.02174   0.07542  -0.03685  -0.07037   0.03439   0.06622   0.01700  -0.00445   0.08947  -0.00681  -0.07140  -0.19471   0.14686   0.04519  -0.03095 
 -0.05019   0.08143   0.03720  -0.03557  -0.06751   0.07306   0.05734  -0.01467  -0.04323   0.01274  -0.02734   0.04505  -0.04750   0.07658   0.05008  -0.05360  -0.22360   0.08872   0.10425  -0.01447 
 -0.08139   0.06749   0.05258  -0.00768  -0.09180   0.05820   0.15483  -0.06921  -0.00870   0.04536   0.03285  -0.03890  -0.04275   0.08566   0.08276  -0.10889  -0.18126   0.06526   0.19148  -0.10965 
 -0.07392   0.06872   0.13047  -0.08348  -0.03717   0.05271   0.06259  -0.03612  -0.09959   0.06203   0.05992   0.02506   0.03530   0.07382  -0.01459  -0.11211  -0.22067   0.14043   0.08032  -0.04119 
 -0.05139   0.08932   0.04115  -0.04410  -0.07118   0.05231   0.08981  -0.02389  -0.04039  -0.00525   0.00365   0.04230  -0.02366   0.09355   0.00851  -0.06246  -0.18712   0.05871   0.08634   0.00685 
 -0.06817   0.05286   0.04959  -0.00598  -0.04953   0.05673   0.11217  -0.06938   0.03364   0.01703   0.03108  -0.06884   0.01310   0.05950   0.03677  -0.11239  -0.20411   0.08922   0.17251  -0.09528 
 -0.04055   0.06356   0.10332  -0.08701   0.01279   0.00835   0.05146  -0.05697  -0.05033   0.05361   0.00018   0.01320   0.02773   0.07042  -0.00510  -0.10434  -0.16077   0.11395   0.02029   0.00012 
 -0.01917   0.06687   0.01435  -0.03806  -0.08015   0.04204   0.11837  -0.03383  -0.02930  -0.00866  -0.00632   0.03789  -0.01447   0.09191  -0.00256  -0.06322  -0.22927   0.11049   0.08346  -0.01250 
 -0.07464   0.06439   0.05828  -0.01536  -0.04427   0.05540   0.10954  -0.07180  -0.00683   0.05019   0.02107  -0.03941  -0.02056   0.10394   0.05150  -0.12766  -0.19679   0.10390   0.17080  -0.11241 
 -0.05622   0.08579   0.10162  -0.08869  -0.04021   0.05808   0.02559  -0.00864  -0.07868   0.02269   0.06423   0.03319   0.03994   0.08728  -0.04994  -0.10169  -0.19300   0.10814   0.01706   0.02223 
 -0.04324   0.07360   0.00305  -0.01189  -0.05783   0.08529   0.04508  -0.02277  -0.04771   0.00860   0.02673   0.03115  -0.02909   0.03674   0.03435  -0.02337  -0.17804   0.11143   0.08708  -0.04128 
 -0.07175   0.07015   0.04895  -0.01536  -0.02815   0.05643   0.09736  -0.07954  -0.00894   0.02312   0.04315  -0.02605  -0.02733   0.07949   0.05643  -0.09258  -0.14600   0.09021   0.14566  -0.09956 
 -0.04492   0.06933   0.09220  -0.07670   0.01021   0.05328  -0.05320  -0.00864  -0.06429   0.03384  -0.02014   0.04731   0.02754   0.07085  -0.02866  -0.08112  -0.17560   0.11233   0.02124   0.00808 
 -0.02737   0.07218  -0.02477  -0.00815  -0.06049   0.03665   0.03753   0.01474  -0.04106  -0.01299   0.01328   0.04387  -0.06265   0.07976   0.04310  -0.03048  -0.11866   0.05489   0.05605  -0.00174 
 -0.06728   0.04189   0.03544   0.01086  -0.04981   0.07932   0.08413  -0.05892  -0.03754   0.03656   0.04357  -0.00548   0.01846   0.03424   0.05369  -0.11374  -0.10173   0.03782   0.14847  -0.08438 
 -0.04239   0.05052   0.09395  -0.06485   0.03342   0.03095  -0.08555  -0.00398  -0.00097   0.02129  -0.09251   0.02043   0.04501   0.06071  -0.03928  -0.09027  -0.11535   0.06462  -0.04106   0.05163 
  0.00784   0.04773  -0.06441  -0.00198   0.01544   0.04015   0.03407  -0.06644   0.03128   0.02407  -0.03633  -0.03973   0.03989   0.09301  -0.00585  -0.15530  -0.12825   0.07012   0.08416  -0.03076 
 -0.00523   0.05625   0.03143  -0.05730   0.07926   0.23652  -0.00610  -0.38110   0.12989   0.09965  -0.03072  -0.32793   0.12491   0.21122  -0.07842  -0.66974  -0.04711   0.26502   0.06867  -0.37707 
  0.08596   0.21072  -0.00562  -0.40664   0.30061  -0.28669  -0.37678  -0.25072   0.32818  -0.49921  -0.45921  -0.30584   0.32412  -0.26338  -0.43609  -0.36806   0.05661   0.00384  -0.01199  -0.04050 
  0.32377  -0.29331  -0.35465  -0.25349  -0.65440  -1.08485   0.63403  -0.72962  -0.25787  -0.52093   0.57701  -0.09059  -0.28652  -0.50081   0.47574  -0.29618  -0.75458  -0.65252   0.56350  -0.47067 
 -0.54146  -0.83574   0.61029  -0.51977  -1.25477  -3.96923   0.69352  -3.96923  -0.75396  -3.96923   0.85801  -3.96923  -1.98902  -3.96923   0.67094  -3.96923  -1.16775  -3.96923   0.65376  -3.96923 
 -1.60791  -3.96923   0.70861  -3.96923  -3.96923  -3.96923  -3.96923   0.50972  -3.96923  -3.96923  -3.96923  -3.96923  -3.96923  -1.04006  -3.96923   0.58553  -3.96923  -3.96923  -3.96923  -3.96923 
 -3.96923  -1.03444  -3.96923   0.50692  -3.96923  -3.96923  -3.96923  -3.96923   0.38045  -0.94792  -0.43434  -0.48773  -3.96923  -3.96923  -3.96923  -3.96923   0.42070  -0.54381  -0.11230  -0.37568 
  0.31744  -0.51010  -0.06692  -0.34508   0.16077  -0.02884  -0.45365  -0.01215   0.11556  -0.14052  -0.27110   0.01948   0.29264  -0.12972  -0.39071  -0.36126   0.12668  -0.13945  -0.08469   0.02026 
  0.19911  -0.10838  -0.34445  -0.04292  -0.38060  -0.35051   0.48246  -0.21940  -0.13322  -0.20965   0.30999   0.04807  -0.23796  -0.23693   0.37457  -0.13174  -0.29037  -0.27292   0.43186  -0.27802 
 -0.29315  -0.30477   0.44436  -0.16745  -0.15111   0.00511  -0.07090   0.14741  -0.09853   0.02277  -0.10379   0.10552  -0.27710   0.00361  -0.39466   0.32413  -0.10940   0.00634  -0.02719   0.07659 
 -0.19167   0.01237  -0.19091   0.19446  -0.08780   0.03758  -0.15672   0.12796  -0.06003  -0.04983  -0.20866   0.13808  -0.00816   0.04457  -0.27326   0.12374  -0.03499  -0.00215  -0.06779   0.06269 
 -0.07104   0.01516  -0.12116   0.10826  -0.12402   0.04983  -0.13198   0.13665  -0.10961   0.00598  -0.22917   0.14811  -0.04932   0.05512  -0.25408   0.14758  -0.16161   0.06806  -0.11354   0.10358 
 -0.12994   0.05604  -0.15173   0.13310  -0.07984   0.04963  -0.19353   0.12933  -0.17915   0.01481  -0.33149   0.19595  -0.04057   0.06549  -0.21555   0.11940  -0.18358   0.10431  -0.18538   0.11603 
 -0.14415   0.07984  -0.21191   0.14604  -0.06563   0.09650  -0.19746   0.09832  -0.13219  -0.03670  -0.26470   0.18567  -0.05334   0.05873  -0.21751   0.13586  -0.18873   0.10287  -0.11667   0.09360 
 -0.13699   0.07744  -0.17088   0.13141  -0.08571   0.04054  -0.09642   0.10305  -0.14745  -0.04884  -0.13387   0.17584  -0.08262   0.09630  -0.21522   0.13345  -0.11700   0.05204  -0.07977   0.07958 
 -0.12524   0.04450  -0.11236   0.12288  -0.07859   0.00342  -0.14943   0.13342  -0.08368  -0.04541  -0.19417   0.14926  -0.04968   0.02316  -0.24195   0.16291  -0.12668  -0.00762  -0.07497   0.11409 
 -0.10266   0.00078  -0.13274   0.13890  -0.08380   0.01780  -0.16202   0.13528  -0.15161   0.02357  -0.18565   0.15559  -0.05622   0.02994  -0.22157   0.15738  -0.14656   0.05341  -0.09476   0.09834 
 -0.12974   0.04579  -0.13667   0.13332  -0.08154   0.09653  -0.19374   0.10840  -0.19564   0.06443  -0.28463   0.17322  -0.07159   0.07624  -0.24397   0.14867  -0.14554   0.08756  -0.11924   0.08724 
 -0.14161   0.09282  -0.17553   0.12654  -0.10001   0.12823  -0.19001   0.10285  -0.20047   0.06933  -0.28622   0.17310  -0.06652   0.05711  -0.26934   0.16497  -0.16853   0.09434  -0.11313   0.08983 
 -0.15577   0.10126  -0.18023   0.13051  -0.06386   0.04013  -0.17750   0.11755  -0.14045   0.06089  -0.30632   0.14987  -0.09710   0.08954  -0.24017   0.15794  -0.16075   0.07048  -0.13226   0.10913 
 -0.13428   0.07764  -0.18720   0.13489  -0.07625   0.04134  -0.18120   0.12670  -0.11912   0.02553  -0.27683   0.15190  -0.08472   0.04926  -0.20723   0.16291  -0.14127   0.02683  -0.09075   0.10926 
 -0.12423   0.04320  -0.15481   0.13768  -0.08630   0.04050  -0.12116   0.11312  -0.17378   0.02380  -0.28203   0.18271  -0.08724   0.02998  -0.19696   0.17227  -0.14470   0.01906  -0.09291   0.11561 
 -0.14140   0.03597  -0.13733   0.14473  -0.08673   0.02329  -0.14202   0.12826  -0.12869  -0.00108  -0.29775   0.17321  -0.05609   0.02679  -0.21955   0.15840  -0.12786   0.01201  -0.11601   0.12153 
 -0.12120   0.02433  -0.15790   0.14637  -0.09386   0.02826  -0.11750   0.12205  -0.13377  -0.00104  -0.25058   0.16894  -0.09174   0.06422  -0.22003   0.16345  -0.13752   0.01634  -0.07948   0.10847 
 -0.13387   0.03175  -0.12595   0.13901  -0.08883   0.03270  -0.13365   0.12276  -0.13407   0.01546  -0.27702   0.16543  -0.10009   0.03376  -0.16657   0.16803  -0.12892   0.00964  -0.09614   0.11531 
 -0.12994   0.02929  -0.13601   0.14155  -0.09897   0.02640  -0.15791   0.14005  -0.10425  -0.06064  -0.22558   0.17369  -0.15235   0.06998  -0.23126   0.20301  -0.12163   0.03286  -0.07767   0.09192 
 -0.13159   0.02862  -0.13437   0.14221  -0.09188   0.03161  -0.15330   0.13196  -0.11364  -0.02840  -0.27388   0.17340  -0.10768   0.01595  -0.19754   0.19405  -0.14154  -0.01446  -0.07954   0.12531 
 -0.13180   0.00626  -0.13503   0.15307  -0.07351  -0.00651  -0.12175   0.12421  -0.10770  -0.03761  -0.22028   0.16535  -0.08381   0.01820  -0.23225   0.18809  -0.13559  -0.00238  -0.07436   0.11495 
 -0.12140   0.00317  -0.12052   0.14407  -0.08913  -0.00417  -0.08162   0.11830  -0.08820  -0.05059  -0.26496   0.16637  -0.06073  -0.00430  -0.22871   0.18184  -0.12843   0.01466  -0.08383   0.10740 
 -0.11302   0.00507  -0.12052   0.13857  -0.09378   0.02586  -0.09245   0.11338  -0.11812  -0.01977  -0.14958   0.15023  -0.07066   0.00527  -0.18549   0.16939  -0.13663  -0.01675  -0.06573   0.11858 
 -0.12463   0.00365  -0.09678   0.13712  -0.08291   0.00406  -0.10486   0.12005  -0.09984  -0.03866  -0.14815   0.14734  -0.05190  -0.00296  -0.24743   0.18041  -0.11782  -0.01912  -0.07871   0.11745 
 -0.10752  -0.00646  -0.11486   0.13879  -0.07121  -0.06857  -0.12853   0.14694  -0.09235  -0.05764  -0.18123   0.15745  -0.08649  -0.00039  -0.12750   0.16119  -0.12376  -0.02908  -0.04632   0.11035 
 -0.11124  -0.02895  -0.08964   0.14166  -0.08093  -0.05097  -0.08812   0.13275  -0.07960  -0.08206  -0.25706   0.17230  -0.11286   0.01935  -0.16676   0.18476  -0.14163  -0.03984  -0.06942   0.13256 
 -0.12220  -0.03101  -0.10282   0.15328  -0.06853  -0.02261  -0.13688   0.13231  -0.08750  -0.06286  -0.21752   0.16319  -0.09738  -0.00151  -0.19415   0.19491  -0.13094  -0.02500  -0.09670   0.13283 
 -0.11639  -0.01831  -0.12788   0.15339  -0.08818  -0.02712  -0.08541   0.12793  -0.07528  -0.05907  -0.19873   0.15049  -0.11922  -0.00510  -0.14940   0.19488  -0.11504  -0.02085  -0.05087   0.10478 
 -0.11699  -0.01756  -0.08436   0.13790  -0.08171  -0.02652  -0.12571   0.13849  -0.08300  -0.07074  -0.14800   0.15031  -0.10571   0.02945  -0.18236   0.18024  -0.11738  -0.03950  -0.07042   0.12307 
 -0.11341  -0.02208  -0.10526   0.14560  -0.08382  -0.05017  -0.06350   0.12448  -0.08557  -0.09628  -0.15997   0.16432  -0.10068   0.00705  -0.18065   0.18812  -0.14685  -0.01893  -0.05711   0.11991 
 -0.12443  -0.02589  -0.08319   0.14517  -0.08311  -0.06454  -0.08974   0.13932  -0.09171  -0.07504  -0.15898   0.15976  -0.05946   0.01432  -0.15720   0.14450  -0.10392  -0.03995  -0.06241   0.11402 
 -0.10382  -0.03230  -0.08905   0.13868  -0.05381  -0.06527  -0.11794   0.13046  -0.08165  -0.10268  -0.13326   0.15879  -0.08356   0.00281  -0.17558   0.17654  -0.09512  -0.04721  -0.04790   0.10679 
 -0.09425  -0.04409  -0.08816   0.13779  -0.07414  -0.02139  -0.07807   0.11341  -0.06356  -0.06113  -0.16098   0.13601  -0.09418  -0.01772  -0.16823   0.19153  -0.08739  -0.08084  -0.04476   0.11627 
 -0.09539  -0.04649  -0.07799   0.13556  -0.09678  -0.04034  -0.08382   0.13750  -0.09459  -0.06745  -0.21868   0.16953  -0.07784  -0.04203  -0.19082   0.19953  -0.10544  -0.03889  -0.03916   0.10354 
 -0.11085  -0.03724  -0.08523   0.14331  -0.09225  -0.04325  -0.04691   0.12047  -0.03607  -0.08860  -0.22119   0.13958  -0.06854  -0.00696  -0.14162   0.15705  -0.08505  -0.05359  -0.07284   0.11613 
 -0.08936  -0.04144  -0.08611   0.13299  -0.07362  -0.03621  -0.10398   0.12878  -0.07342  -0.09353  -0.23056   0.16850  -0.05554  -0.02287  -0.14649   0.15713  -0.09639  -0.03978  -0.04735   0.10371 
 -0.09255  -0.03855  -0.08964   0.13500  -0.07245  -0.08778  -0.07186   0.13287  -0.08922  -0.08578  -0.18461   0.16732  -0.06619  -0.03198  -0.12224   0.15985  -0.10786  -0.06994  -0.04651   0.12163 
 -0.10151  -0.06254  -0.07341   0.14385  -0.09283  -0.06620  -0.03790   0.12489  -0.04422  -0.14610  -0.20603   0.16367  -0.07628  -0.02329  -0.18914   0.18922  -0.09573  -0.07203  -0.02456   0.10684 
 -0.09710  -0.06671  -0.06246   0.13868  -0.08302  -0.06103  -0.07636   0.13291  -0.06387  -0.04869  -0.19845   0.13832  -0.06258  -0.05121  -0.12439   0.16731  -0.10856  -0.05603  -0.05132   0.11821 
 -0.09940  -0.04729  -0.07598   0.13746  -0.05625  -0.06556  -0.09514   0.12371  -0.08236  -0.04379  -0.12920   0.13422  -0.11187   0.00853  -0.07584   0.15098  -0.09506  -0.07611  -0.01184   0.10192 
 -0.09997  -0.04515  -0.04774   0.12540  -0.06571  -0.04880  -0.07349   0.11581  -0.03481  -0.13695  -0.16887   0.14689  -0.04766  -0.00579  -0.10569   0.12273  -0.09826  -0.04873  -0.02288   0.09684 
 -0.07974  -0.04836  -0.05832   0.11883  -0.07923  -0.01437  -0.07363   0.11235  -0.04609  -0.12189  -0.18730   0.15312  -0.08035  -0.04295  -0.12679   0.17772  -0.09409  -0.04157  -0.03897   0.09950 
 -0.09030  -0.04329  -0.07171   0.12870  -0.04660  -0.03653  -0.11640   0.11461  -0.05991  -0.09633  -0.16772   0.14925  -0.06205  -0.03727  -0.14016   0.16684  -0.11183  -0.05506  -0.01047   0.09960 
 -0.08731  -0.04836  -0.06720   0.12722  -0.08795  -0.02957  -0.09657   0.13298  -0.04696  -0.08816  -0.13370   0.12961  -0.07246   0.01230  -0.12665   0.14299  -0.08310  -0.07854  -0.02415   0.10353 
 -0.08899  -0.04649  -0.06413   0.12620  -0.07467  -0.04163  -0.09372   0.12751  -0.07755  -0.05874  -0.15858   0.14396  -0.04956  -0.02508  -0.14045   0.15085  -0.10085  -0.08009  -0.00006   0.10018 
 -0.09274  -0.05132  -0.05586   0.12711  -0.08251  -0.02413  -0.09113   0.12536  -0.04400  -0.09457  -0.18434   0.14075  -0.02632  -0.04848  -0.12069   0.13401  -0.09286  -0.06452  -0.00464   0.09206 
 -0.08065  -0.05132  -0.05640   0.11988  -0.06198  -0.04117  -0.11750   0.12766  -0.07365  -0.07151  -0.23826   0.16147  -0.06482  -0.05414  -0.09223   0.15604  -0.07175  -0.06482  -0.01736   0.08854 
