17 20 16 1 34 -4.4692 2.2947 4.6529 9287
 -0.06015  -0.06095  -0.07154   0.11700  -0.04020  -0.06537  -0.08434   0.10757  -0.02874  -0.12676  -0.30577   0.16217  -0.04933  -0.02995  -0.13536   0.15100  -0.07968  -0.07218  -0.01594   0.09502 
 -0.06491  -0.06737  -0.07239   0.12315  -0.06815  -0.03495  -0.10270   0.12414  -0.00712  -0.10493  -0.22815   0.12506  -0.07701  -0.01107  -0.15698   0.17184  -0.07599  -0.09760  -0.00896   0.10040 
 -0.07351  -0.06373  -0.06984   0.12613  -0.06398  -0.06219  -0.10672   0.13231  -0.01493  -0.13101  -0.27390   0.14882  -0.08674  -0.03474  -0.13706   0.18260  -0.07160  -0.08458  -0.03123   0.10402 
 -0.07460  -0.07274  -0.08276   0.13553  -0.09113  -0.01355  -0.09414   0.12819  -0.03093  -0.07661  -0.26489   0.13844  -0.06260  -0.01720  -0.19321   0.17767  -0.07099  -0.10592  -0.00756   0.10059 
 -0.08247  -0.05847  -0.07239   0.13057  -0.07719  -0.05066  -0.13417   0.14685  -0.03037  -0.14163  -0.26337   0.16212  -0.08213  -0.05437  -0.06705   0.15732  -0.06769  -0.13021  -0.01639   0.11277 
 -0.07990  -0.09463  -0.06871   0.14164  -0.10172  -0.02714  -0.08659   0.13696  -0.00551  -0.14685  -0.25112   0.14348  -0.07064  -0.02218  -0.11683   0.15596  -0.04891  -0.10669  -0.00438   0.08796 
 -0.07515  -0.07360  -0.05428   0.12476  -0.08990  -0.04537  -0.06085   0.12566  -0.03814  -0.08381  -0.21111   0.13731  -0.05998  -0.07575  -0.10596   0.16850  -0.09156  -0.12081   0.00164   0.11137 
 -0.08824  -0.08340  -0.04403   0.13238  -0.06544  -0.02732  -0.09550   0.11665  -0.01850  -0.09911  -0.30087   0.14378  -0.06279  -0.06365  -0.15743   0.18636  -0.09157  -0.07856  -0.00546   0.09804 
 -0.07916  -0.06151  -0.06899   0.12841  -0.04149  -0.06304  -0.09414   0.11171  -0.03164  -0.11247  -0.23767   0.14849  -0.06444  -0.04496  -0.18204   0.18826  -0.09051  -0.09680   0.00936   0.09734 
 -0.07388  -0.07674  -0.06199   0.12841  -0.05232  -0.04913  -0.07169   0.10551  -0.00024  -0.09387  -0.29867   0.12697  -0.09150  -0.03039  -0.12529   0.17910  -0.06498  -0.12661  -0.01208   0.10798 
 -0.06758  -0.08020  -0.06226   0.12590  -0.05614  -0.03466  -0.10116   0.11501  -0.00182  -0.16128  -0.24946   0.14524  -0.02827  -0.03923  -0.11298   0.12733  -0.09035  -0.07017   0.00777   0.08668 
 -0.06491  -0.06541  -0.05400   0.11465  -0.04487  -0.04698  -0.12236   0.11937  -0.02861  -0.15489  -0.31441   0.17267  -0.05931  -0.06152  -0.15290   0.18110  -0.04574  -0.10222   0.00221   0.08081 
 -0.05735  -0.08574  -0.07582   0.12693  -0.05603   0.00359  -0.13349   0.11224  -0.03146  -0.15181  -0.27247   0.16766  -0.05566  -0.02721  -0.09269   0.13515  -0.06460  -0.11801   0.01993   0.08735 
 -0.06847  -0.07274  -0.05291   0.11956  -0.03187  -0.04342  -0.11176   0.10422   0.01054  -0.12556  -0.23762   0.12022  -0.05947  -0.01607  -0.12573   0.14783  -0.03620  -0.11704   0.01821   0.07263 
 -0.04328  -0.07732  -0.05373   0.10467  -0.05127  -0.03574  -0.11872   0.11859  -0.02903  -0.16219  -0.25235   0.16619  -0.03414  -0.05864  -0.16053   0.16284  -0.06560  -0.11525   0.01963   0.08692 
 -0.05962  -0.08927  -0.06338   0.12476  -0.02300  -0.04621  -0.13003   0.10527  -0.06124  -0.13861  -0.19901   0.17119  -0.02893  -0.00277  -0.15837   0.12844  -0.08569  -0.06461   0.02111   0.07424 
 -0.06509  -0.05572  -0.05647   0.11171  -0.05618   0.00812  -0.14652   0.11516  -0.00327  -0.15344  -0.30673   0.15266  -0.02440  -0.03442  -0.16340   0.14372  -0.06398  -0.07875  -0.01288   0.08846 
 -0.05370  -0.05737  -0.09218   0.11944  -0.06818  -0.01636  -0.11732   0.12273   0.00237  -0.19612  -0.24551   0.15245  -0.05722  -0.04279  -0.14298   0.16690  -0.06887  -0.10982   0.03779   0.07572 
 -0.06491  -0.08486  -0.04885   0.12037  -0.07513  -0.02440  -0.14048   0.13856  -0.05011  -0.13356  -0.29941   0.17809  -0.02684  -0.02586  -0.19220   0.15278  -0.07265  -0.07039   0.01433   0.07420 
 -0.07333  -0.05654  -0.07582   0.12544  -0.03289  -0.01252  -0.15485   0.10908  -0.05339  -0.15079  -0.27312   0.18204  -0.01917  -0.05915  -0.16130   0.15053  -0.08001  -0.06093  -0.01559   0.08997 
 -0.06332  -0.05847  -0.09040   0.12556  -0.03819  -0.00785  -0.12633   0.10088  -0.07081  -0.14704  -0.28320   0.19309  -0.05395  -0.02040  -0.13324   0.14891  -0.03077  -0.09798   0.02824   0.05515 
 -0.05874  -0.06625  -0.05619   0.11182  -0.03580  -0.00363  -0.15161   0.10661  -0.05742  -0.16548  -0.37029   0.20143  -0.01016  -0.00433  -0.23281   0.14112  -0.03697  -0.12910   0.01142   0.08186 
 -0.04752  -0.07617  -0.09338   0.12349  -0.03791  -0.00199  -0.21727   0.12861  -0.07632  -0.22217  -0.36036   0.22630  -0.02749  -0.01274  -0.21133   0.15354  -0.03961  -0.08787   0.00395   0.07019 
 -0.05752  -0.06934  -0.10549   0.13193  -0.01348   0.00163  -0.24415   0.11632  -0.08715  -0.18011  -0.31048   0.21565   0.03322  -0.08984  -0.16411   0.11512  -0.05121  -0.07178  -0.00658   0.07521 
 -0.04548  -0.06849  -0.10580   0.12372  -0.01849   0.05790  -0.26553   0.10167  -0.02901  -0.26254  -0.38346   0.21038  -0.01317  -0.07825  -0.19211   0.16596  -0.02689  -0.10228  -0.01116   0.07762 
 -0.03624  -0.07445  -0.12400   0.12648  -0.02239   0.03847  -0.22573   0.10231  -0.05956  -0.18723  -0.32346   0.20340   0.01068  -0.07902  -0.19939   0.14727  -0.05216  -0.07649  -0.00747   0.07836 
 -0.04752  -0.05957  -0.10981   0.12292  -0.03454   0.06631  -0.26824   0.11104  -0.05580  -0.17023  -0.31148   0.19475   0.03412  -0.05785  -0.23812   0.12768  -0.05510  -0.11188   0.02043   0.07959 
 -0.04633  -0.06095  -0.10765   0.12188  -0.04136   0.03425  -0.26784   0.13028  -0.03655  -0.13379  -0.35104   0.17596  -0.00009  -0.02899  -0.26898   0.15698  -0.07244  -0.12440   0.00973   0.09944 
 -0.05648  -0.06513  -0.12080   0.13508  -0.04504   0.03953  -0.26408   0.12970  -0.03325  -0.23321  -0.29732   0.19578   0.00278  -0.08221  -0.23220   0.16760  -0.05969  -0.11915  -0.01289   0.10293 
 -0.05456  -0.08457  -0.12144   0.14164  -0.05165   0.04539  -0.32443   0.14619  -0.07595  -0.15298  -0.30875   0.20134  -0.06510  -0.02190  -0.16977   0.17330  -0.08824  -0.11406   0.00672   0.10460 
 -0.08712  -0.05985  -0.11012   0.14800  -0.08065   0.04599  -0.31068   0.16160  -0.11299  -0.11753  -0.30688   0.21052  -0.07201  -0.05221  -0.17888   0.19583  -0.13972  -0.11371   0.03065   0.11402 
 -0.12231  -0.05985  -0.09189   0.16097  -0.09068   0.00675  -0.25669   0.17018  -0.11091  -0.11077  -0.39210   0.21699  -0.05549  -0.11699  -0.14134   0.19656  -0.15709  -0.10020  -0.00914   0.13593 
 -0.12946  -0.07274  -0.10304   0.17326  -0.10050   0.02121  -0.29611   0.17954  -0.12253  -0.07981  -0.34890   0.20793  -0.12533  -0.01887  -0.10937   0.18953  -0.18811  -0.11061  -0.01311   0.15243 
 -0.16083  -0.05354  -0.10000   0.18018  -0.09673   0.03406  -0.34554   0.18271  -0.12771  -0.15016  -0.22762   0.21706  -0.19126  -0.02677  -0.11987   0.23409  -0.19835  -0.08916  -0.00667   0.14506 
 -0.17753  -0.05381  -0.09338   0.18550  -0.09714   0.01113  -0.35687   0.19325  -0.11488  -0.14989  -0.21689   0.20881  -0.19089   0.00100  -0.10808   0.21694  -0.21172  -0.09800  -0.01246   0.15527 
 -0.18099  -0.05764  -0.09308   0.18829  -0.07074  -0.01994  -0.46705   0.20615  -0.13327  -0.16454  -0.34961   0.23925  -0.14020  -0.06225  -0.17233   0.24016  -0.23960  -0.07783  -0.01525   0.15754 
 -0.17891  -0.06681  -0.12560   0.20090  -0.08969  -0.01755  -0.50847   0.22099  -0.12957  -0.16299  -0.34519   0.23662  -0.17853  -0.08524  -0.16561   0.26590  -0.24864  -0.11222   0.00214   0.16458 
 -0.19609  -0.08662  -0.11230   0.21043  -0.11683   0.01848  -0.57345   0.23048  -0.12315  -0.12438  -0.32538   0.22011  -0.17058  -0.05004  -0.15520   0.24570  -0.25251  -0.08406  -0.02807   0.16903 
 -0.20531  -0.05381  -0.12980   0.20825  -0.10952   0.01033  -0.64884   0.23649  -0.14587  -0.13043  -0.33046   0.23339  -0.20752  -0.02553  -0.16362   0.25620  -0.27268  -0.12968  -0.01995   0.18625 
 -0.22053  -0.07531  -0.13306   0.22205  -0.07467   0.05688  -0.80688   0.21426  -0.20177  -0.11590  -0.22021   0.23884  -0.14569  -0.10005  -0.07383   0.22110  -0.29019  -0.06500   0.03771   0.14122 
 -0.22256  -0.04225  -0.06927   0.19145  -0.10686   0.05478  -0.93795   0.23829  -0.09751  -0.16508  -0.29942   0.21569  -0.19335  -0.06570  -0.11454   0.24877  -0.21228  -0.05549   0.03716   0.11380 
 -0.18238  -0.04225  -0.09577   0.18411  -0.07686   0.01181  -1.02504   0.24076  -0.16413  -0.13854  -0.29538   0.23977  -0.16685  -0.08092  -0.17383   0.26131  -0.26512  -0.10613   0.02199   0.15772 
 -0.19922  -0.07360  -0.12721   0.21184  -0.06087  -0.03274  -0.97254   0.24354  -0.11731  -0.06784  -0.28462   0.19272  -0.14745  -0.01952  -0.07066   0.18655  -0.28902  -0.07693   0.05061   0.13878 
 -0.19705  -0.04571  -0.07467   0.18441  -0.17604   0.01084  -0.67965   0.26736  -0.18734  -0.12490  -0.24980   0.23980  -0.19999  -0.02836  -0.15087   0.24978  -0.31849  -0.07844  -0.03954   0.18822 
 -0.25486  -0.04947  -0.14636   0.22906  -0.26367  -0.24407  -0.97816   0.35912  -0.32186  -0.21221  -0.41306   0.32085  -0.17557  -0.19737  -0.39963   0.34660  -0.42061  -0.29299  -0.11165   0.28282 
 -0.34867  -0.24007  -0.24098   0.32077   0.11557  -0.06911  -0.14795  -0.02804   0.01531  -0.32674   0.15229   0.05878   0.02583  -0.21188   0.18641  -0.11182  -0.24162  -0.33877   0.39314  -0.16494 
 -0.13090  -0.26327   0.33698  -0.09436  -0.76523   0.65702  -2.01417  -0.17737  -0.67218   0.47800  -1.62872  -0.04139  -0.86128   0.59397  -1.66312  -0.17402  -0.99793   0.51959  -1.65431  -0.08840 
 -0.82388   0.57808  -1.69736  -0.15311   0.48159  -3.96792  -3.96792  -3.96792   0.46328  -3.96792  -3.96792  -3.96792   0.47607  -3.96792  -3.96792  -3.96792   0.61995  -3.96792  -3.96792  -3.96792 
  0.51429  -3.96792  -3.96792  -3.96792  -3.96792  -1.71290   0.70001  -2.82377  -3.96792  -3.96792  -3.96792  -3.96792  -3.96792  -3.96792  -3.96792  -3.96792  -3.96792  -3.96792  -3.96792  -3.96792 
 -3.96792  -1.79105   0.71034  -2.81908  -3.96792  -3.96792  -3.96792  -3.96792   0.20502  -0.18794  -0.27612  -0.11284  -0.14719  -0.29049   0.39938  -0.30239   0.61995  -3.96792  -3.96792  -3.96792 
 -0.10660  -0.28129   0.43748  -0.38002  -0.12811  -0.13348  -0.06328   0.17564  -0.10681  -0.06455  -0.22051   0.17586  -0.12009  -0.09426  -0.13002   0.22633  -0.27399  -0.13741   0.11427   0.11924 
 -0.11072  -0.10738  -0.06005   0.16034   0.01905  -0.03674  -0.06835   0.03675   0.04598  -0.15018  -0.13659   0.07486   0.02684  -0.07993   0.00930   0.01248  -0.02729  -0.11422   0.08413   0.02190 
 -0.00935  -0.08927   0.03117   0.03829  -0.03933   0.10641   0.00011  -0.02382   0.00215  -0.02926   0.00374   0.01503  -0.01168   0.02299   0.09964  -0.10930  -0.14627  -0.04373   0.21992  -0.07931 
 -0.05439   0.01507   0.12189  -0.05080   0.00468  -0.00581  -0.02639   0.01423  -0.05448  -0.01242  -0.00596   0.06236   0.00080   0.02551   0.01723  -0.03773  -0.15082  -0.00569   0.12553  -0.00002 
 -0.03359   0.00329   0.03917   0.00421  -0.06442  -0.02123   0.11795  -0.01257   0.02523  -0.05959  -0.06475   0.03301  -0.02873   0.01392   0.06663  -0.03606  -0.12379  -0.06235   0.16028  -0.01279 
 -0.04786  -0.03255   0.10273  -0.00840  -0.06372  -0.00270   0.19020  -0.09935   0.04573  -0.06002   0.03436  -0.03089  -0.00811   0.00861   0.12799  -0.14092  -0.14252  -0.01951   0.24684  -0.13971 
 -0.03941  -0.01401   0.18257  -0.11063  -0.00055  -0.00484   0.09090  -0.06679  -0.00083  -0.01483  -0.00491   0.01266   0.03929   0.02680   0.03668  -0.12324  -0.15188  -0.01035   0.13869  -0.00844 
 -0.00161   0.00137   0.07789  -0.05704  -0.06722  -0.02325   0.12988  -0.01946   0.03300  -0.10385   0.00410   0.02274  -0.00405   0.01325   0.08367  -0.09102  -0.13356  -0.02918   0.17658  -0.04467 
 -0.03442  -0.03281   0.11860  -0.03476  -0.05440   0.02812   0.16269  -0.09779   0.05071  -0.07400   0.02719  -0.02532  -0.00249   0.03481   0.07093  -0.09983  -0.17816   0.00144   0.23692  -0.11794 
 -0.03608   0.00400   0.15414  -0.09512  -0.03876   0.01022   0.08276  -0.02519   0.00440  -0.03405  -0.01338   0.02228   0.04372   0.01765   0.02201  -0.10480  -0.14024   0.02866   0.11723  -0.02151 
 -0.01138   0.00851   0.06336  -0.03926  -0.06899  -0.01448   0.12806  -0.02072   0.02327  -0.10388  -0.03326   0.04716   0.00064  -0.03232   0.07411  -0.04640  -0.15531  -0.03912   0.18812  -0.03847 
 -0.04193  -0.04438   0.11695  -0.01882  -0.01459   0.01707   0.13319  -0.10597   0.02444  -0.00299   0.00773  -0.02987   0.01381   0.00369   0.10571  -0.14192  -0.16200   0.00602   0.24536  -0.14593 
 -0.02558   0.00757   0.15851  -0.11559  -0.01336   0.01447   0.07295  -0.04722  -0.01310  -0.07036  -0.01694   0.06077   0.03889  -0.00594   0.04755  -0.10165  -0.13087  -0.00348   0.11444  -0.00225 
 -0.00562  -0.01401   0.06502  -0.03130  -0.05249   0.00313   0.12871  -0.04775   0.03858  -0.05670  -0.08757   0.02408  -0.00792   0.00182   0.06663  -0.05447  -0.11069  -0.00515   0.14870  -0.04533 
 -0.02948  -0.01203   0.09949  -0.03642  -0.04207   0.02700   0.16905  -0.11981   0.03061  -0.05207   0.03712  -0.01802   0.00488  -0.02645   0.10018  -0.08894  -0.14150   0.00852   0.21786  -0.12026 
 -0.02850  -0.00662   0.15498  -0.09646   0.00401  -0.00138   0.09344  -0.07706  -0.01922   0.01151  -0.00655   0.01518   0.02036   0.02169   0.05108  -0.10062  -0.15001   0.04405   0.10846  -0.01957 
 -0.01280   0.01992   0.07384  -0.05477  -0.03073  -0.02730   0.16228  -0.08963   0.04801  -0.08402  -0.00364  -0.00241  -0.04078   0.00022   0.11788  -0.06700  -0.11648  -0.08270   0.18587  -0.03194 
 -0.02493  -0.04840   0.13761  -0.05252  -0.02479  -0.03527   0.20441  -0.14653   0.02919  -0.04137   0.05569  -0.03228   0.00265  -0.01789   0.13256  -0.13921  -0.15625  -0.01478   0.23718  -0.11907 
 -0.02493  -0.02585   0.18415  -0.12082  -0.01452  -0.01105   0.09774  -0.05257  -0.01050   0.00540  -0.02927   0.01907   0.05134   0.00211  -0.00499  -0.07504  -0.13590   0.06759   0.10027  -0.03854 
 -0.00023   0.01600   0.05474  -0.04994  -0.07077   0.01993   0.14035  -0.05035   0.02796  -0.03408  -0.09043   0.02383  -0.00916  -0.01585   0.04570  -0.01651  -0.16402  -0.04786   0.16520  -0.00455 
 -0.04395  -0.02027   0.09987  -0.01722  -0.04430   0.02504   0.15768  -0.10187   0.03345  -0.04514   0.04010  -0.02744  -0.00467   0.00674   0.11869  -0.13089  -0.17835  -0.01610   0.24666  -0.11802 
 -0.04042  -0.00442   0.16973  -0.10145   0.00551  -0.00488   0.07164  -0.05703   0.00731  -0.00897  -0.03626   0.01223  -0.00560   0.02901   0.05496  -0.07028  -0.14165   0.03415   0.10796  -0.01640 
 -0.01296   0.01507   0.06481  -0.04347  -0.05317  -0.02303   0.14237  -0.04547   0.04073  -0.07008  -0.06395   0.02123  -0.01024  -0.00426   0.07921  -0.05983  -0.19519   0.00545   0.17352  -0.03150 
 -0.04075  -0.01951   0.11344  -0.03245  -0.03135  -0.00665   0.16902  -0.10994   0.03876   0.01536   0.04635  -0.08300  -0.02231   0.00536   0.14126  -0.13344  -0.18256  -0.00952   0.24159  -0.11306 
 -0.03841   0.00137   0.17556  -0.11559   0.00849   0.00447   0.08232  -0.07607  -0.00762  -0.03021  -0.00886   0.03067   0.03135  -0.00213   0.04438  -0.08830  -0.13200   0.01779   0.12623  -0.02668 
  0.00007  -0.00127   0.07181  -0.05183  -0.06999   0.00028   0.13048  -0.03005   0.02252  -0.06282  -0.02938   0.02538  -0.02884   0.01736   0.10510  -0.08397  -0.12037  -0.03001   0.16870  -0.04347 
 -0.04311  -0.01826   0.11860  -0.03559  -0.02735   0.03489   0.15386  -0.12615   0.02940  -0.06598   0.03276  -0.00606  -0.01310   0.01652   0.11742  -0.12497  -0.18787  -0.01116   0.23995  -0.10604 
 -0.03707  -0.00176   0.16300  -0.09952   0.01454  -0.03409   0.09802  -0.07548   0.00045  -0.00125   0.02159  -0.00895   0.01808   0.03343   0.03163  -0.08669  -0.15950   0.02544   0.12429  -0.01529 
 -0.00670   0.00898   0.07688  -0.05599  -0.03836  -0.02826   0.11924  -0.03618   0.03687  -0.09598  -0.02984   0.02732  -0.01538   0.02783   0.05644  -0.05631  -0.16961  -0.00629   0.16747  -0.03016 
 -0.03293  -0.02179   0.10159  -0.02835  -0.01939  -0.01446   0.18729  -0.14443   0.05421  -0.03710   0.03089  -0.05613   0.00335  -0.02344   0.10728  -0.09848  -0.14575  -0.00342   0.23445  -0.13168 
 -0.01850  -0.01675   0.16924  -0.11739   0.00275   0.03276   0.06033  -0.06735  -0.04143  -0.01208  -0.02191   0.05658   0.01797   0.06349   0.02467  -0.11155  -0.16911  -0.00837   0.14414  -0.00597 
 -0.01802   0.02176   0.06523  -0.04330  -0.05627  -0.03573   0.13056  -0.02431   0.02472  -0.04459  -0.04068   0.01666  -0.03283   0.00266   0.09398  -0.05100  -0.15328  -0.02653   0.16124  -0.01916 
 -0.04480  -0.02534   0.11009  -0.02186  -0.04516   0.01086   0.15911  -0.09280   0.04392  -0.03876   0.00255  -0.02754  -0.03382   0.05924   0.10297  -0.11838  -0.13634   0.01715   0.24000  -0.16659 
 -0.03841   0.01808   0.16034  -0.11122  -0.00358  -0.01535   0.04611  -0.02002  -0.01105   0.01707  -0.01812   0.00748   0.02781   0.02195   0.02699  -0.08642  -0.17776   0.09917   0.06728  -0.01399 
 -0.01248   0.03439   0.03630  -0.03592  -0.04036   0.01752   0.10375  -0.04595   0.02570  -0.03513  -0.10014   0.02998  -0.03082   0.05385   0.03725  -0.03981  -0.12320  -0.02719   0.15706  -0.03139 
 -0.03442   0.00137   0.08090  -0.02493  -0.04152   0.04316   0.17398  -0.13924   0.04824  -0.05128   0.00227  -0.02488   0.01023  -0.00073   0.09976  -0.12219  -0.13696   0.01583   0.23234  -0.15221 
 -0.02299   0.00662   0.15834  -0.11780  -0.00941   0.05947   0.06621  -0.07570   0.00316  -0.01191  -0.03137   0.01676   0.02227   0.04347   0.02678  -0.09900  -0.18123   0.02000   0.10525   0.01550 
 -0.01264   0.02925   0.05261  -0.04448  -0.06165   0.03682   0.13224  -0.06250   0.02285  -0.05208  -0.04051   0.02302  -0.02021   0.03458   0.03506  -0.03384  -0.16326   0.01504   0.17193  -0.05372 
 -0.04514   0.01110   0.10064  -0.03776  -0.04029   0.00813   0.15945  -0.09724   0.03601  -0.02216   0.01225  -0.03298   0.00089  -0.02047   0.11311  -0.10509  -0.15284   0.00288   0.22011  -0.11101 
 -0.02834  -0.00515   0.15108  -0.09341  -0.00908   0.03616   0.07225  -0.06541  -0.03656   0.00214  -0.01764   0.04216   0.01304  -0.00455   0.04282  -0.05465  -0.15418   0.04019   0.10473  -0.01124 
 -0.02412   0.01877   0.06273  -0.03278  -0.06187  -0.00475   0.15296  -0.05754   0.01624  -0.05004  -0.07181   0.03959  -0.05159   0.00929   0.08534  -0.02278  -0.13942  -0.01882   0.16387  -0.03453 
 -0.05249  -0.01451   0.11418  -0.02509  -0.02845   0.03456   0.17268  -0.14856   0.00684   0.00461   0.03257  -0.02554  -0.02716   0.03667   0.10575  -0.10733  -0.17349  -0.00281   0.23206  -0.11015 
 -0.04616   0.01969   0.16300  -0.10670  -0.01301   0.00812   0.07451  -0.04515   0.00619  -0.01145  -0.03286   0.01377   0.00063   0.03651   0.03952  -0.07036  -0.14771   0.03432   0.11114  -0.01605 
 -0.01675   0.01992   0.05959  -0.03876  -0.04991   0.02550   0.14559  -0.08194   0.02150  -0.05731  -0.05456   0.03235  -0.01728   0.01345   0.02621  -0.01111  -0.15581  -0.01122   0.17140  -0.03842 
 -0.04092  -0.00540   0.10292  -0.03245  -0.02038  -0.01390   0.15583  -0.10352   0.02997  -0.02465   0.06242  -0.04836  -0.00140   0.01772   0.11013  -0.13598  -0.10954  -0.00321   0.20171  -0.11047 
 -0.01850  -0.00321   0.14972  -0.10514  -0.00403  -0.04062   0.10159  -0.05197   0.00886  -0.03541  -0.02350   0.02220   0.01736   0.02451   0.01340  -0.05785  -0.15621   0.03615   0.09404   0.00167 
 -0.00998  -0.00079   0.05938  -0.03113  -0.07208   0.01407   0.13074  -0.03619   0.02668  -0.04658  -0.05433   0.02052  -0.01707  -0.00522   0.04195  -0.01090  -0.14488   0.01084   0.12321  -0.01193 
 -0.04650  -0.00369   0.08705  -0.01500  -0.04290   0.03539   0.14517  -0.09657   0.03742   0.01082  -0.03497  -0.03805  -0.00240   0.01189   0.07916  -0.08677  -0.15061   0.01174   0.21407  -0.11146 
 -0.03343   0.01923   0.13603  -0.09057   0.01236  -0.00771   0.06750  -0.06033   0.01449  -0.01099  -0.04989   0.01066  -0.01497   0.04145   0.06578  -0.08083  -0.14589   0.04302   0.10867  -0.02123 
