IntronPotTab 1 1024 -19.37297 0.92321 10.68912 46941 6 16 1079.83
    0.00081
   -0.02223
    0.00250
    0.00896
   -0.00581
   -0.01775
   -0.03264
    0.02669
   -0.01800
   -0.00298
   -0.00089
    0.02201
   -0.02123
   -0.02956
    0.01064
    0.02839
   -0.01748
   -0.00188
    0.00140
    0.01961
   -0.01833
    0.01725
   -0.04960
    0.02688
   -0.01833
    0.02886
   -0.00493
    0.00614
   -0.00781
   -0.01358
   -0.00763
    0.01711
   -0.01587
   -0.01067
    0.00041
    0.02287
   -0.00659
   -0.01933
   -0.05976
    0.03131
    0.00133
    0.00965
   -0.00102
   -0.00526
    0.00154
   -0.02245
    0.00350
    0.00700
   -0.01549
   -0.02265
    0.01393
    0.01635
    0.00363
   -0.01453
   -0.03508
    0.01403
   -0.00193
    0.00365
   -0.02720
    0.01567
   -0.01343
   -0.03137
    0.01082
    0.01678
   -0.00027
   -0.04474
   -0.00098
    0.02127
    0.00270
   -0.03795
   -0.03900
    0.03401
   -0.01549
   -0.01992
   -0.00131
    0.02634
   -0.01112
   -0.04248
    0.02043
    0.01627
   -0.01090
   -0.01197
   -0.01169
    0.02653
    0.00230
   -0.00155
   -0.07706
    0.01969
   -0.00021
   -0.01887
    0.00781
    0.00374
   -0.01527
   -0.02219
   -0.00779
    0.02538
    0.01382
   -0.03125
   -0.01473
    0.01103
   -0.00201
   -0.00765
   -0.00636
    0.01129
   -0.01841
   -0.00676
    0.00557
    0.02009
    0.00936
   -0.01179
   -0.00789
    0.00619
    0.00329
   -0.04202
    0.00318
    0.01526
   -0.00474
   -0.01674
   -0.05566
    0.02735
    0.00594
    0.01363
   -0.03176
    0.00531
   -0.00246
   -0.03287
    0.02083
    0.00536
    0.00067
   -0.02276
   -0.01852
    0.01970
   -0.00003
   -0.02307
   -0.06679
    0.03787
   -0.00732
   -0.01424
   -0.00425
    0.01892
   -0.00126
   -0.01955
   -0.01761
    0.02116
   -0.00390
   -0.02728
   -0.01300
    0.02786
   -0.01166
    0.02226
   -0.06507
    0.01945
   -0.01478
    0.02211
   -0.02489
    0.01904
   -0.01136
   -0.00469
   -0.01673
    0.02492
   -0.00692
   -0.00801
   -0.03168
    0.02843
   -0.00858
    0.00376
   -0.09067
    0.03099
   -0.00375
   -0.01314
   -0.00175
    0.01240
   -0.04998
    0.01332
    0.00085
    0.03291
   -0.00805
   -0.03204
    0.01812
    0.01257
    0.00592
   -0.00672
   -0.06552
    0.01693
   -0.00208
   -0.01168
   -0.02029
    0.01898
    0.00569
   -0.02411
   -0.00128
    0.00604
   -0.01543
   -0.03033
    0.04073
    0.01474
   -0.00704
   -0.02030
   -0.03171
    0.03281
   -0.00855
   -0.01721
    0.00366
    0.01744
   -0.01442
   -0.04402
    0.01872
    0.02313
   -0.00974
   -0.02022
    0.01608
    0.01140
   -0.00553
    0.01279
   -0.03252
    0.01092
   -0.00318
    0.02077
   -0.00058
   -0.00658
   -0.01655
   -0.02022
    0.00467
    0.01804
   -0.00674
   -0.01978
   -0.00122
    0.01832
    0.00485
   -0.01832
   -0.05155
    0.01904
   -0.00713
    0.00716
   -0.00122
    0.00339
   -0.00143
   -0.01439
    0.00094
    0.00820
   -0.00044
   -0.03987
    0.01046
    0.01309
    0.00522
   -0.01843
   -0.05186
    0.01677
    0.00877
    0.01703
   -0.03917
    0.00331
   -0.00534
   -0.03496
    0.01615
    0.01280
   -0.00205
   -0.02468
    0.00524
    0.01252
   -0.01389
    0.00414
   -0.02955
    0.02258
   -0.01906
    0.00704
   -0.00366
    0.02002
   -0.02546
   -0.01797
    0.00744
    0.02839
   -0.01263
   -0.01272
   -0.01432
    0.03008
   -0.02779
    0.04100
   -0.03378
    0.02447
   -0.00594
   -0.00932
   -0.02483
    0.02126
   -0.01177
   -0.00753
   -0.00398
    0.01581
   -0.00475
   -0.00812
   -0.00267
    0.01176
   -0.01776
    0.00281
   -0.03481
    0.02242
   -0.01124
    0.02291
    0.01080
   -0.00740
   -0.01449
   -0.01094
    0.00901
    0.01140
   -0.00401
   -0.03681
    0.01243
    0.01626
   -0.00460
   -0.00384
   -0.04369
    0.01923
    0.00556
   -0.01192
   -0.02345
    0.01174
   -0.01471
   -0.02419
    0.01204
    0.01354
   -0.00127
   -0.03817
   -0.00524
    0.02304
    0.01574
   -0.04225
   -0.04629
    0.02387
   -0.01304
   -0.01681
   -0.02413
    0.03277
   -0.00581
   -0.03711
    0.00699
    0.01789
   -0.00470
   -0.01074
   -0.01389
    0.02030
   -0.01450
    0.00330
   -0.04271
    0.02193
   -0.01916
   -0.01082
   -0.01497
    0.03500
   -0.00812
   -0.02981
   -0.00307
    0.02040
    0.00762
   -0.02765
   -0.02581
    0.02257
    0.00948
   -0.02351
   -0.03006
    0.02300
   -0.03307
   -0.00091
   -0.01913
    0.03932
   -0.00732
    0.03363
   -0.01150
   -0.01414
   -0.00007
   -0.04963
    0.00124
    0.03096
    0.02541
   -0.04007
   -0.05070
    0.01468
   -0.00378
   -0.01380
   -0.01624
    0.01754
    0.00239
   -0.05448
    0.03562
    0.00354
    0.02200
   -0.04192
   -0.03023
    0.00631
    0.00671
   -0.00526
   -0.04132
    0.01512
   -0.00827
   -0.02448
    0.00326
    0.01953
    0.00064
   -0.01451
   -0.01194
    0.01195
   -0.00062
   -0.00416
   -0.03600
    0.02266
   -0.01319
    0.03893
   -0.05683
    0.01010
   -0.00442
   -0.01177
   -0.02213
    0.01936
    0.00616
   -0.02036
   -0.02317
    0.01909
   -0.00648
   -0.03644
   -0.00992
    0.03423
   -0.00212
   -0.00573
   -0.03640
    0.02312
   -0.01593
    0.00462
    0.00564
    0.00843
    0.00484
    0.01638
   -0.02240
    0.00035
   -0.00478
   -0.02221
   -0.00250
    0.01666
    0.00085
    0.00016
   -0.02260
    0.00756
   -0.00072
   -0.00128
   -0.02279
    0.01423
   -0.00022
   -0.01915
    0.00932
    0.00405
   -0.01466
   -0.02688
    0.03283
    0.01578
    0.01032
   -0.03810
   -0.04821
    0.02182
   -0.00702
   -0.02404
    0.01630
    0.01091
   -0.01724
   -0.03393
    0.00882
    0.02609
   -0.00804
   -0.02845
    0.00779
    0.01915
    0.00174
    0.00839
   -0.03757
    0.00397
   -0.00548
   -0.01516
   -0.01680
    0.02160
   -0.00583
   -0.00784
   -0.00679
    0.01292
   -0.01006
   -0.00325
   -0.00447
    0.01446
    0.01375
   -0.00282
   -0.05786
   -0.00102
   -0.01483
    0.02822
   -0.00957
    0.00376
   -0.01268
    0.00482
    0.01210
    0.00218
    0.00764
   -0.06890
    0.02168
    0.02006
    0.01405
   -0.02340
   -0.05411
    0.00888
    0.01268
    0.00126
   -0.02409
   -0.00150
   -0.00874
   -0.02579
    0.01613
    0.01234
   -0.00321
   -0.02059
   -0.00587
    0.01502
    0.00279
    0.00091
   -0.04708
    0.01179
   -0.03195
   -0.00289
    0.01792
    0.02837
   -0.00606
   -0.04407
   -0.00626
    0.02542
   -0.00828
   -0.00938
   -0.01412
    0.02232
   -0.01533
    0.00932
   -0.05747
    0.02840
   -0.00690
   -0.00988
   -0.05133
    0.03295
   -0.00210
   -0.03090
   -0.00341
    0.01696
   -0.01120
    0.00117
   -0.00590
    0.01555
    0.00123
   -0.01334
   -0.06441
    0.02176
   -0.01839
    0.00658
    0.00908
    0.00725
   -0.00231
   -0.01967
   -0.00935
    0.01373
   -0.00236
   -0.02090
   -0.01247
    0.01486
    0.00566
   -0.02441
   -0.05153
    0.01875
    0.00151
    0.00323
   -0.03461
    0.01602
    0.00068
   -0.04083
    0.00254
    0.01255
    0.00277
   -0.02578
   -0.00991
    0.01390
    0.02120
   -0.02763
   -0.04157
    0.00528
    0.00347
   -0.05119
    0.00426
    0.02166
   -0.00679
   -0.05750
    0.03705
    0.01124
    0.00075
   -0.02023
   -0.00582
    0.01244
   -0.01245
   -0.02655
   -0.08977
    0.05262
   -0.00722
   -0.00249
   -0.00931
    0.01458
    0.00991
   -0.02413
   -0.01057
    0.01027
   -0.00934
   -0.00377
   -0.02196
    0.02240
    0.01571
   -0.03841
   -0.04571
    0.02558
   -0.00809
   -0.00560
   -0.01331
    0.01926
    0.02341
   -0.01941
   -0.00155
   -0.00531
   -0.00776
   -0.02923
    0.00331
    0.01942
    0.02568
   -0.06684
   -0.03684
    0.01178
    0.00125
   -0.01894
   -0.02571
    0.02113
    0.04299
   -0.06383
    0.00811
   -0.00271
    0.00533
   -0.02987
   -0.02803
    0.02216
    0.01454
   -0.02439
   -0.06871
    0.01927
   -0.01657
   -0.00121
    0.00888
    0.01497
    0.00175
   -0.05646
    0.00239
    0.01891
   -0.01293
    0.00053
   -0.02761
    0.03062
   -0.02256
    0.00903
   -0.05232
    0.03348
   -0.03847
   -0.00915
   -0.02590
    0.05070
   -0.00012
   -0.02497
   -0.01291
    0.02157
   -0.00766
    0.01379
   -0.02470
    0.01578
   -0.01703
   -0.00228
   -0.02172
    0.03430
   -0.01593
   -0.00433
    0.01909
   -0.00395
   -0.00798
   -0.02195
   -0.00440
    0.01863
   -0.03271
   -0.00565
    0.00318
    0.03314
    0.01711
   -0.00030
   -0.06445
    0.00193
   -0.02263
    0.01222
   -0.03571
    0.03656
    0.01209
   -0.03882
    0.00155
    0.00664
    0.00781
   -0.02441
   -0.03479
    0.01857
   -0.00039
   -0.02724
   -0.05005
    0.03367
   -0.00506
   -0.03147
    0.02232
    0.00764
   -0.00251
   -0.03783
    0.02270
    0.00691
   -0.01198
   -0.00626
   -0.00117
    0.01853
   -0.00922
   -0.01392
   -0.00484
    0.02289
   -0.01683
    0.00966
    0.00194
    0.01219
   -0.00788
   -0.02937
    0.00251
    0.01698
   -0.00350
   -0.00031
   -0.01681
    0.01087
    0.02547
   -0.03185
   -0.04878
    0.00168
   -0.01450
    0.00755
    0.01922
   -0.00105
   -0.00306
   -0.01478
    0.00705
    0.00587
    0.00052
   -0.03177
   -0.00966
    0.01664
    0.01438
   -0.03940
   -0.03546
    0.01322
    0.00311
   -0.00636
   -0.01995
    0.00986
   -0.00397
   -0.02837
    0.01545
    0.00739
   -0.00111
   -0.01160
    0.00367
    0.00518
   -0.00901
    0.00786
   -0.04689
    0.02103
   -0.00328
    0.01516
    0.00277
   -0.00536
   -0.02251
   -0.01852
    0.01380
    0.02094
   -0.01440
   -0.01048
   -0.00411
    0.02317
   -0.01762
    0.01983
    0.00068
    0.01362
   -0.01404
    0.02112
   -0.00102
    0.00506
   -0.01330
   -0.01281
    0.00038
    0.01538
   -0.00802
   -0.00718
   -0.01864
    0.02359
   -0.00235
    0.01146
   -0.04926
    0.00696
   -0.00930
    0.01575
   -0.00134
   -0.00003
   -0.00725
   -0.01500
   -0.00408
    0.01459
   -0.01272
   -0.02847
   -0.00415
    0.02197
   -0.01294
   -0.00106
   -0.02697
    0.02387
    0.00879
   -0.01422
   -0.03367
    0.01290
   -0.01599
   -0.02617
    0.01267
    0.01320
   -0.00110
   -0.03155
   -0.00502
    0.01973
   -0.00242
   -0.01117
   -0.05261
    0.02515
   -0.00685
   -0.01807
   -0.01355
    0.02230
   -0.00847
   -0.06313
    0.01843
    0.02607
    0.00139
   -0.02364
   -0.02425
    0.02472
   -0.02023
   -0.00436
   -0.06960
    0.03681
   -0.02288
    0.00401
   -0.02545
    0.03482
   -0.00495
   -0.02355
   -0.00715
    0.01880
    0.00390
   -0.02299
   -0.02257
    0.02134
    0.00677
   -0.01354
   -0.04595
    0.01902
   -0.00271
   -0.00756
   -0.01651
    0.01557
    0.01347
   -0.03226
    0.00618
    0.00602
   -0.00596
   -0.03501
    0.00404
    0.02088
    0.02045
   -0.04422
   -0.05613
    0.01687
    0.00858
   -0.00423
   -0.03262
    0.00816
    0.01400
   -0.06221
    0.02914
    0.00605
    0.00078
   -0.01905
   -0.02389
    0.02158
    0.00745
   -0.00764
   -0.07455
    0.02430
   -0.00354
   -0.00328
   -0.02029
    0.01783
   -0.00848
   -0.02344
   -0.00867
    0.02375
   -0.00845
   -0.00870
   -0.02173
    0.02705
   -0.01220
    0.03160
   -0.05717
    0.01442
   -0.00463
   -0.00221
   -0.00744
    0.00972
   -0.00589
   -0.01693
   -0.03011
    0.03375
    0.00568
   -0.01510
   -0.04176
    0.02289
    0.01181
   -0.01334
   -0.07803
    0.02352
   -0.01005
    0.00214
   -0.01272
    0.01554
   -0.01416
   -0.00283
   -0.01928
    0.02691
   -0.00655
   -0.01702
   -0.01000
    0.01840
    0.01361
   -0.01470
   -0.07496
    0.01362
    0.00286
   -0.00490
   -0.03391
    0.01761
    0.00459
   -0.02516
   -0.00824
    0.01091
   -0.00589
   -0.02253
    0.02370
    0.00808
    0.00113
   -0.02701
   -0.05872
    0.03065
   -0.00641
   -0.01128
   -0.00609
    0.01586
   -0.01278
   -0.04031
    0.02046
    0.01810
   -0.00740
   -0.01543
   -0.02335
    0.02801
   -0.00566
    0.01043
   -0.05101
    0.01765
   -0.00270
   -0.01326
   -0.01323
    0.01498
   -0.00812
   -0.01458
    0.00295
    0.01103
   -0.00224
   -0.00808
   -0.01874
    0.01410
    0.00562
   -0.00100
   -0.07662
    0.01332
   -0.00328
    0.01074
   -0.02425
    0.00748
   -0.00355
   -0.00841
   -0.00010
    0.00712
   -0.00922
   -0.03072
    0.00100
    0.02260
    0.00594
   -0.01650
   -0.03681
    0.01013
    0.00922
   -0.01342
   -0.02971
    0.01015
   -0.00527
   -0.03621
    0.02161
    0.01021
