IntronPotTab 1 1024 -15.07673 4.66560 48.02345 21033 6 16  745.71
    0.03336
   -0.03656
   -0.03392
    0.00355
    0.01228
   -0.06245
   -0.05435
    0.05019
   -0.01728
   -0.01832
   -0.03559
    0.07031
   -0.02548
   -0.05130
    0.02392
    0.03575
   -0.04038
   -0.02886
    0.01023
    0.06122
    0.01105
   -0.02252
   -0.06297
    0.04080
   -0.01059
    0.02013
   -0.04020
    0.04364
   -0.00575
   -0.10876
    0.09511
    0.01234
    0.00742
   -0.09491
   -0.01208
    0.05582
    0.01372
   -0.06365
   -0.05225
    0.04176
   -0.01523
    0.01390
   -0.00114
    0.01060
    0.02223
   -0.10301
    0.00337
    0.03819
   -0.04713
   -0.01528
   -0.01854
    0.06708
   -0.01246
   -0.04087
   -0.06104
    0.06703
   -0.05069
    0.01280
   -0.04527
    0.08197
   -0.04468
   -0.04207
    0.03261
    0.03253
   -0.00577
   -0.03435
   -0.04231
    0.07507
   -0.01211
   -0.02663
   -0.06376
    0.07575
   -0.05542
   -0.00122
   -0.05399
    0.10028
   -0.01309
   -0.07252
   -0.00142
    0.06951
   -0.01707
   -0.06426
   -0.01363
    0.08001
   -0.01250
    0.00263
   -0.06185
    0.04086
   -0.00028
   -0.02562
    0.07140
   -0.04393
    0.01024
   -0.15483
    0.09736
    0.07033
    0.04268
   -0.09713
   -0.00349
    0.06105
   -0.01528
   -0.01078
   -0.05839
    0.07391
    0.06364
    0.00523
    0.00322
   -0.05182
    0.01996
   -0.06264
   -0.02659
    0.07316
   -0.00008
   -0.06497
    0.00094
    0.05238
    0.00239
   -0.03953
   -0.06695
    0.06900
    0.02242
   -0.02315
   -0.08343
    0.06102
   -0.01407
   -0.04280
   -0.00611
    0.04609
    0.01586
   -0.03168
   -0.04129
    0.04649
    0.04861
   -0.10846
   -0.05884
    0.07471
    0.00240
   -0.00772
   -0.04332
    0.05837
    0.02457
   -0.08295
    0.01042
    0.03406
   -0.04368
   -0.04232
    0.03727
    0.05196
    0.00196
   -0.04986
   -0.02507
    0.05126
   -0.02066
    0.00529
   -0.03481
    0.06326
   -0.01088
   -0.08154
    0.08445
    0.01104
    0.03244
   -0.06761
   -0.04391
    0.05980
   -0.01623
   -0.03775
    0.03896
    0.01911
    0.01540
   -0.02850
   -0.01687
    0.02213
   -0.01394
   -0.14160
    0.04409
    0.07468
    0.00359
   -0.04553
    0.00429
    0.02940
    0.01550
   -0.04140
   -0.08924
    0.07007
   -0.00815
    0.00236
   -0.04499
    0.05111
   -0.00689
   -0.05372
    0.00193
    0.03566
   -0.03956
    0.00534
    0.01702
    0.03008
   -0.01025
   -0.05392
   -0.06361
    0.07267
   -0.03432
   -0.02295
   -0.01344
    0.06495
   -0.00611
   -0.05799
    0.00867
    0.03218
   -0.05674
   -0.03553
    0.05987
    0.04796
   -0.02855
   -0.01499
    0.01067
    0.03591
   -0.03414
    0.00584
   -0.00034
    0.03709
   -0.03997
   -0.07765
    0.10003
    0.01416
   -0.00330
   -0.04628
   -0.03753
    0.05549
   -0.02911
   -0.03563
   -0.06865
    0.07787
   -0.01658
   -0.03973
   -0.02113
    0.06065
   -0.01005
   -0.08748
   -0.01487
    0.06681
   -0.06505
   -0.01958
    0.06672
    0.02705
   -0.02783
   -0.02950
   -0.05822
    0.06948
   -0.05028
    0.01341
   -0.01641
    0.04832
   -0.02493
   -0.01195
    0.01977
    0.00676
   -0.02450
    0.00424
   -0.05378
    0.06334
   -0.00131
   -0.05466
   -0.07481
    0.07734
   -0.02219
    0.00188
   -0.05077
    0.06453
   -0.01739
   -0.04848
   -0.00087
    0.04273
   -0.01614
   -0.01759
   -0.05574
    0.06603
    0.01180
   -0.03861
   -0.03796
    0.03899
   -0.01822
    0.01249
   -0.01248
    0.02151
   -0.01669
   -0.08367
    0.05877
    0.02223
    0.01216
   -0.10676
   -0.03661
    0.08433
    0.00832
   -0.04555
   -0.08327
    0.07248
   -0.00223
    0.01167
    0.00042
   -0.00721
    0.01465
   -0.08375
   -0.02469
    0.05675
   -0.02642
   -0.03658
   -0.01451
    0.05083
   -0.01265
   -0.03609
   -0.07919
    0.07501
   -0.04416
    0.00443
   -0.03365
    0.05887
   -0.01232
   -0.07057
    0.00494
    0.04048
   -0.01401
   -0.03804
   -0.04373
    0.09999
   -0.00364
   -0.01164
   -0.09218
    0.07203
   -0.02794
    0.01000
   -0.07747
    0.08253
   -0.01957
   -0.04399
    0.00801
    0.04355
   -0.02040
   -0.02816
   -0.02386
    0.06275
   -0.04491
    0.08288
   -0.10284
    0.00193
   -0.04775
    0.02263
    0.01025
    0.02319
   -0.04037
   -0.03697
    0.04181
    0.03395
   -0.02150
   -0.01997
   -0.03385
    0.08094
   -0.05513
    0.03105
   -0.04406
    0.03520
   -0.02486
   -0.00171
   -0.02517
    0.03916
    0.03318
   -0.09421
    0.02456
    0.05383
   -0.00090
   -0.05094
   -0.01946
    0.06237
    0.01658
   -0.03894
   -0.04726
    0.05803
   -0.01519
   -0.00936
   -0.08742
    0.09631
    0.00749
   -0.05422
   -0.02596
    0.05976
    0.00646
   -0.02960
   -0.04230
    0.06561
    0.03649
   -0.09985
    0.01938
    0.04360
   -0.00985
    0.01890
   -0.04242
    0.04083
    0.00493
   -0.04423
   -0.02365
    0.06500
   -0.01189
   -0.03095
   -0.02045
    0.05999
   -0.04547
   -0.04019
   -0.01950
    0.10207
    0.01554
   -0.00928
   -0.02756
    0.02963
    0.00094
   -0.05631
    0.01318
    0.04167
   -0.00305
   -0.06661
   -0.03674
    0.09422
   -0.00614
   -0.03498
    0.01352
    0.02796
    0.00007
   -0.00917
    0.00948
   -0.00056
    0.01109
   -0.08737
    0.03320
    0.02166
   -0.03174
   -0.02375
   -0.02050
    0.06941
   -0.00779
   -0.01524
   -0.00083
    0.02153
    0.00951
   -0.01314
   -0.05731
    0.06491
    0.00056
   -0.05877
   -0.03174
    0.07644
   -0.03760
    0.00222
   -0.08120
    0.09574
   -0.00800
   -0.02799
   -0.13373
    0.08246
   -0.05826
   -0.01052
   -0.03005
    0.08393
    0.00088
   -0.01869
   -0.00477
    0.01333
   -0.03956
   -0.01910
   -0.00014
    0.05471
   -0.00189
   -0.00879
   -0.03529
    0.02207
   -0.01974
    0.00473
   -0.04478
    0.05536
   -0.05514
   -0.01685
    0.03114
    0.02831
   -0.00384
   -0.05293
   -0.08229
    0.09536
    0.00669
   -0.04845
   -0.11123
    0.06808
   -0.03061
    0.01132
   -0.03792
    0.04656
    0.03231
   -0.06457
   -0.09138
    0.08508
   -0.03319
   -0.01538
   -0.05121
    0.07999
   -0.00499
   -0.02392
   -0.09423
    0.05846
   -0.04066
   -0.00198
   -0.04794
    0.07307
   -0.03657
   -0.01025
   -0.04044
    0.05457
   -0.02018
    0.00161
   -0.04402
    0.05283
    0.02917
   -0.07528
   -0.10454
    0.06265
   -0.03565
    0.00368
   -0.04206
    0.08854
   -0.01791
   -0.03734
   -0.00914
    0.03926
   -0.02196
   -0.02095
   -0.00294
    0.03879
    0.00533
    0.04421
   -0.02777
   -0.01543
    0.01442
    0.04382
   -0.07552
    0.02992
   -0.03915
   -0.04940
    0.08356
    0.00285
   -0.00302
   -0.04465
   -0.01420
    0.04241
    0.00517
   -0.03768
   -0.04809
    0.04024
   -0.00893
    0.02052
    0.04977
   -0.04726
    0.00912
   -0.05268
    0.00227
    0.01904
   -0.02962
   -0.00236
    0.00881
    0.02214
   -0.03801
    0.01044
   -0.06547
    0.06261
   -0.06217
    0.03953
   -0.03086
    0.06963
   -0.01909
   -0.02242
    0.01068
    0.01574
   -0.01618
   -0.00446
   -0.06821
    0.08729
    0.01018
   -0.04988
   -0.09466
    0.09771
   -0.01504
   -0.01066
   -0.08245
    0.09032
    0.00184
   -0.04671
   -0.01767
    0.05530
   -0.01570
   -0.04111
    0.01018
    0.04257
   -0.02218
   -0.00528
   -0.04916
    0.05947
   -0.03396
    0.00579
    0.01841
    0.00722
    0.01618
   -0.08103
    0.05205
    0.03004
   -0.00521
   -0.02533
   -0.03847
    0.07533
   -0.02518
   -0.01049
   -0.04484
    0.08404
   -0.01643
    0.02493
   -0.02848
   -0.00026
   -0.00481
   -0.04098
   -0.01915
    0.07517
   -0.00662
   -0.02757
   -0.01382
    0.04057
   -0.01145
   -0.03170
   -0.03622
    0.06527
   -0.02770
   -0.01186
   -0.06763
    0.09775
    0.02453
   -0.04983
   -0.00344
    0.02928
    0.01845
   -0.02395
   -0.04964
    0.04741
    0.05004
   -0.11000
   -0.03716
    0.07105
   -0.00210
    0.00759
   -0.04147
    0.06583
   -0.00253
   -0.02644
   -0.02844
    0.04692
   -0.02202
   -0.05600
    0.00457
    0.06210
   -0.00364
   -0.03763
   -0.02099
    0.05440
   -0.02707
   -0.02212
    0.01332
    0.04202
   -0.01567
   -0.06402
    0.05230
    0.01557
    0.01118
   -0.07957
   -0.03474
    0.08513
    0.01328
   -0.03220
   -0.02953
    0.03410
   -0.02237
   -0.06003
    0.05874
    0.00269
   -0.02754
   -0.07216
   -0.00742
    0.06365
   -0.01612
   -0.04053
    0.01862
    0.02815
    0.03982
   -0.04554
   -0.06122
    0.04391
   -0.03902
   -0.00317
   -0.02792
    0.08087
    0.01872
   -0.04863
   -0.00783
    0.02573
   -0.01220
    0.03966
   -0.07442
    0.03473
    0.00641
   -0.05356
   -0.11824
    0.07491
   -0.03462
    0.00797
   -0.04585
    0.05604
   -0.00537
   -0.01601
   -0.02235
    0.03137
   -0.03037
   -0.01398
    0.00725
    0.03170
   -0.00956
   -0.02874
   -0.03944
    0.04315
   -0.02496
    0.05598
   -0.00045
   -0.01984
   -0.00406
   -0.02824
    0.02702
    0.00204
    0.00273
   -0.02185
   -0.05722
    0.05027
    0.00197
   -0.05473
   -0.09403
    0.07555
    0.00522
   -0.01817
   -0.01921
    0.02239
   -0.02024
   -0.05410
   -0.01804
    0.05889
   -0.04752
    0.02216
   -0.00179
    0.02859
   -0.01771
   -0.01959
   -0.09466
    0.06710
   -0.03735
    0.04029
   -0.04825
    0.04128
   -0.00542
   -0.00352
    0.00643
    0.00011
   -0.01770
    0.01304
   -0.05280
    0.04447
    0.01332
   -0.04917
   -0.10133
    0.04792
   -0.00434
    0.00059
   -0.04566
    0.03836
   -0.01419
   -0.03645
    0.03643
    0.00714
   -0.04555
   -0.04797
    0.00689
    0.07048
    0.01917
   -0.05349
   -0.07146
    0.04886
   -0.08025
    0.03572
    0.01771
    0.06500
   -0.02606
   -0.11048
    0.08233
    0.03107
   -0.00993
   -0.05358
   -0.05053
    0.07558
    0.00452
   -0.07962
   -0.06044
    0.06416
    0.00097
    0.03219
   -0.04407
    0.01343
    0.00308
   -0.11078
   -0.00701
    0.06140
   -0.04730
   -0.01930
   -0.00509
    0.03970
   -0.02548
   -0.04137
   -0.07663
    0.07759
   -0.04866
    0.02244
   -0.04428
    0.05503
   -0.02268
   -0.03032
    0.02867
    0.01034
   -0.01933
   -0.02653
   -0.04718
    0.08447
   -0.03739
   -0.04499
   -0.04844
    0.10554
   -0.03601
   -0.02920
   -0.09321
    0.12629
   -0.01018
   -0.07994
    0.01774
    0.06033
   -0.05683
   -0.02326
   -0.02143
    0.09063
   -0.02306
   -0.01905
   -0.04942
    0.05870
   -0.07740
   -0.01121
   -0.00564
    0.11348
    0.00370
   -0.08685
    0.06736
    0.03346
   -0.02347
   -0.04964
   -0.02847
    0.08250
   -0.03291
   -0.01444
   -0.02117
    0.05764
   -0.05273
    0.01486
   -0.03681
    0.06178
   -0.06010
   -0.03465
    0.00788
    0.07523
   -0.00083
   -0.03712
   -0.01857
    0.04267
   -0.00674
   -0.05901
   -0.06161
    0.06897
   -0.00711
    0.00825
   -0.08459
    0.05923
    0.02601
   -0.07720
    0.01292
    0.03599
    0.00109
   -0.00215
   -0.06136
    0.05140
    0.04204
   -0.09044
   -0.06342
    0.05860
   -0.00375
   -0.00058
   -0.05139
    0.05259
    0.00041
   -0.07701
   -0.00463
    0.05713
   -0.02267
   -0.03155
   -0.01425
    0.04756
    0.00901
   -0.03190
   -0.07121
    0.05162
    0.00155
   -0.02550
   -0.05511
    0.07729
   -0.01421
   -0.08485
    0.05064
    0.02918
    0.03227
   -0.08870
   -0.04806
    0.06610
    0.02917
   -0.03469
   -0.06903
    0.04049
   -0.00147
   -0.04909
    0.02611
    0.02232
    0.01548
   -0.13957
    0.01436
    0.06629
   -0.03135
   -0.02343
    0.00241
    0.04046
    0.02092
   -0.04637
   -0.10580
    0.07103
   -0.04495
    0.01480
   -0.02999
    0.04914
    0.00194
   -0.03300
   -0.04849
    0.05741
   -0.04860
    0.01885
    0.00250
    0.03459
   -0.01669
   -0.04167
   -0.14143
    0.09239
   -0.04514
   -0.01318
   -0.02476
    0.06703
   -0.01353
   -0.02632
    0.02192
    0.00745
   -0.06554
   -0.02469
    0.04242
    0.04869
   -0.01624
   -0.01143
   -0.07184
    0.04244
   -0.05549
    0.00095
   -0.05009
    0.09708
   -0.05366
   -0.07900
    0.07689
    0.02979
   -0.02045
   -0.01231
   -0.04613
    0.05420
   -0.01196
   -0.03668
   -0.07469
    0.05454
   -0.05382
   -0.01881
    0.00179
    0.06274
   -0.02803
   -0.05957
   -0.02063
    0.05989
   -0.07150
    0.02869
    0.02207
    0.02735
   -0.04307
   -0.00380
   -0.09636
    0.06440
   -0.05826
    0.00555
   -0.04721
    0.08251
   -0.04471
   -0.02776
   -0.02647
    0.05813
