IntronPotTab 1 1024 -4.72416 1.19213 11.79750 13104 6 16  216.58
    0.02058
    0.01778
   -0.02854
   -0.03369
    0.01580
   -0.01084
   -0.06440
    0.04768
    0.02121
    0.02791
   -0.03670
   -0.02309
   -0.03711
    0.04094
    0.02449
   -0.02642
   -0.00514
    0.02197
   -0.06630
    0.05372
   -0.01128
    0.01830
   -0.03674
    0.01984
    0.00015
    0.01835
   -0.02989
    0.01271
    0.04577
   -0.00351
   -0.00084
   -0.02691
   -0.00771
    0.02042
   -0.00738
   -0.00186
    0.00113
   -0.01613
   -0.04957
    0.04450
    0.02039
    0.00986
   -0.02745
   -0.00958
   -0.02350
    0.01594
    0.00241
   -0.00058
   -0.06092
    0.07373
   -0.03918
    0.01990
    0.02614
   -0.01253
   -0.03171
    0.01112
    0.02846
    0.01992
   -0.04300
   -0.00422
   -0.06154
    0.03830
    0.01565
   -0.00235
   -0.00545
   -0.00097
   -0.01995
    0.03830
    0.04159
   -0.05004
   -0.04411
    0.05789
    0.02685
    0.00344
   -0.03899
    0.01065
   -0.00649
   -0.00590
   -0.00044
    0.01218
    0.00173
    0.02623
   -0.05011
    0.02207
    0.01542
    0.00894
   -0.03005
   -0.00189
    0.00501
    0.01821
   -0.03879
    0.01169
    0.03478
   -0.01637
   -0.02431
    0.01487
   -0.00404
    0.00165
   -0.02049
    0.02798
    0.04480
   -0.04234
   -0.01426
    0.02457
    0.00658
    0.01783
   -0.02640
   -0.00922
   -0.01895
    0.00037
   -0.01000
    0.02361
    0.19318
   -0.07746
   -0.06408
   -0.07364
    0.03310
   -0.02238
   -0.04230
    0.04235
    0.16415
   -0.03062
   -0.08802
   -0.04823
   -0.02406
   -0.03191
    0.02169
    0.00770
    0.00758
    0.00270
   -0.00453
   -0.00990
    0.02285
   -0.03079
   -0.06814
    0.07751
    0.03175
   -0.00413
   -0.03275
    0.00157
    0.00934
    0.00708
   -0.00445
   -0.00996
    0.00304
   -0.00211
   -0.02432
    0.03186
    0.00422
   -0.00293
   -0.03126
    0.02956
    0.00548
    0.01343
   -0.02598
    0.00857
    0.08759
   -0.02567
   -0.00376
   -0.02179
   -0.00191
    0.01230
   -0.00688
   -0.00136
    0.01204
   -0.01842
   -0.03982
    0.04592
    0.01966
    0.00540
   -0.01133
   -0.01520
   -0.01179
    0.01483
   -0.01874
    0.01545
   -0.02485
    0.00354
   -0.02187
    0.04056
    0.02520
   -0.02136
   -0.05210
    0.04777
    0.03091
    0.00694
   -0.04233
    0.01553
   -0.01715
   -0.01329
   -0.00265
    0.02117
   -0.02840
    0.03698
    0.01122
   -0.00043
    0.00698
   -0.04320
   -0.07859
    0.10149
    0.00987
    0.00481
   -0.02989
    0.01208
   -0.03427
    0.02449
    0.03943
   -0.02248
   -0.00886
    0.03533
   -0.06736
    0.03529
   -0.01035
    0.03922
   -0.06286
    0.02123
   -0.00211
    0.04323
   -0.03781
   -0.00847
    0.05645
   -0.02684
   -0.00897
    0.00164
   -0.00972
    0.00982
   -0.02530
    0.02041
    0.00531
   -0.03155
   -0.01645
    0.03993
    0.01588
    0.00247
   -0.02066
   -0.00170
   -0.03192
   -0.00658
    0.01494
    0.01619
   -0.07589
    0.04679
    0.00424
    0.01573
    0.01949
   -0.00116
   -0.06413
    0.03785
    0.01700
    0.01723
   -0.05023
    0.01550
   -0.09580
    0.03571
    0.00944
    0.01101
   -0.01047
    0.03153
   -0.02254
    0.01005
   -0.00038
    0.02000
   -0.05494
    0.03245
   -0.01180
    0.02388
   -0.03232
    0.02823
   -0.04691
    0.01645
    0.00057
    0.01842
   -0.01123
    0.02538
   -0.05402
    0.04285
    0.00618
    0.01612
   -0.05494
    0.02597
    0.00482
    0.04216
   -0.03678
   -0.01482
    0.04753
    0.01412
   -0.03595
   -0.00706
   -0.00175
    0.00114
   -0.00859
    0.00978
   -0.01913
    0.00233
   -0.03726
    0.04944
    0.00386
    0.03176
   -0.02200
   -0.02142
   -0.01405
    0.01394
    0.00121
   -0.00607
   -0.03643
    0.03174
   -0.05328
    0.03021
    0.01536
    0.00490
   -0.06897
    0.03804
    0.01789
    0.01618
   -0.04646
    0.01821
   -0.04629
    0.01806
   -0.00333
    0.01065
   -0.01638
    0.02089
   -0.00244
    0.00170
    0.01668
   -0.00672
   -0.06317
    0.05601
    0.02053
   -0.00205
   -0.03089
    0.02007
    0.00578
   -0.00042
   -0.00624
    0.00442
   -0.01280
    0.00823
   -0.03711
    0.05148
   -0.03125
    0.06597
   -0.07151
    0.01951
   -0.00660
    0.01212
   -0.04555
    0.04231
   -0.01898
    0.01327
   -0.06267
    0.05753
   -0.00122
    0.00365
   -0.01793
    0.02333
    0.02336
   -0.01310
   -0.03706
    0.03189
    0.02745
   -0.00885
   -0.01592
    0.00351
   -0.01265
   -0.00199
    0.00148
    0.01001
   -0.05256
    0.02094
   -0.00086
    0.01564
    0.03161
   -0.00900
   -0.06692
    0.06525
    0.01384
    0.00242
   -0.04185
    0.03714
   -0.00660
   -0.01837
   -0.00627
    0.02336
   -0.00130
    0.01848
   -0.02908
    0.01455
    0.00420
    0.00240
   -0.05498
    0.06780
    0.02948
   -0.00142
   -0.04427
    0.03262
    0.00113
   -0.01358
   -0.00091
    0.01472
    0.00324
    0.01762
   -0.04353
    0.03241
    0.00579
    0.02220
   -0.03832
    0.02268
    0.03087
    0.02231
   -0.04905
   -0.00783
    0.05728
   -0.00002
   -0.03467
    0.01085
   -0.00456
   -0.00403
   -0.00822
    0.01850
    0.01025
    0.00153
   -0.03117
    0.02829
    0.01570
   -0.01411
    0.00052
    0.00213
   -0.03291
   -0.01112
   -0.00278
    0.04489
   -0.03294
   -0.00105
   -0.02879
    0.05439
    0.02507
    0.00602
   -0.05564
    0.04081
    0.00352
    0.01745
   -0.04724
    0.04008
   -0.03266
    0.00610
   -0.01786
    0.03112
   -0.20080
    0.24974
   -0.19877
   -0.05442
   -0.00717
    0.00812
   -0.06117
    0.04406
    0.00876
    0.00225
   -0.03431
    0.02630
   -0.03087
    0.01598
    0.01926
   -0.00878
   -0.01390
    0.03213
   -0.05003
    0.03391
   -0.01468
    0.06411
   -0.05136
   -0.00824
    0.00324
    0.00466
   -0.02047
    0.01504
    0.01552
    0.00881
   -0.03948
    0.01809
   -0.12216
    0.18195
   -0.12874
   -0.03000
    0.01555
    0.00493
   -0.03585
    0.00558
   -0.00840
    0.00528
   -0.00624
    0.00889
   -0.04957
    0.00388
    0.01809
    0.01397
   -0.03564
    0.04716
   -0.06225
    0.00639
    0.00664
   -0.01171
   -0.06389
    0.04192
   -0.00372
    0.03058
   -0.04370
    0.02169
   -0.04618
    0.02596
   -0.02726
    0.01967
   -0.01339
    0.03287
   -0.01805
    0.01025
    0.02455
   -0.01255
   -0.04786
    0.02429
    0.00910
    0.00935
   -0.00540
   -0.02563
   -0.00116
    0.01000
    0.00801
   -0.01760
   -0.01200
    0.03217
   -0.04408
    0.03527
    0.00463
    0.00965
   -0.03689
    0.01845
    0.00289
    0.01531
   -0.01716
   -0.00033
    0.03535
   -0.02186
   -0.00222
   -0.00233
   -0.00318
    0.01184
    0.01584
   -0.02367
    0.01914
   -0.02379
   -0.03287
    0.02404
    0.03010
    0.00278
    0.00294
   -0.05092
   -0.01522
    0.00310
    0.00645
    0.00261
   -0.03556
    0.04035
   -0.03183
    0.01566
    0.03366
   -0.02973
   -0.03550
    0.02440
    0.00124
    0.02280
   -0.02619
    0.00466
   -0.01154
    0.00318
    0.00658
   -0.00292
   -0.00843
    0.01556
   -0.00333
   -0.00111
    0.05451
   -0.03925
   -0.05249
    0.04097
    0.02215
    0.00422
   -0.04355
    0.02427
    0.01728
   -0.01205
   -0.00107
    0.00402
    0.00211
    0.00766
   -0.02754
    0.01922
    0.01866
    0.03395
   -0.05913
    0.00605
    0.00342
    0.00081
   -0.02312
    0.01910
    0.01624
    0.01234
   -0.02553
    0.00626
   -0.00758
    0.00998
   -0.03164
    0.03266
    0.04078
   -0.02310
   -0.01921
    0.00504
    0.00416
    0.00671
   -0.00923
   -0.00529
   -0.02377
    0.01493
   -0.00680
    0.00247
    0.21685
   -0.08097
   -0.09670
   -0.08455
    0.01268
   -0.01401
   -0.04759
    0.05614
    0.11805
   -0.03699
   -0.05894
   -0.00354
   -0.01479
   -0.01510
    0.00054
    0.01985
    0.00526
    0.01383
   -0.02334
    0.00812
   -0.00797
   -0.00995
   -0.02800
    0.05628
    0.00786
    0.00733
   -0.01158
   -0.00267
    0.00211
   -0.01182
    0.01078
   -0.00416
    0.01168
   -0.00869
   -0.02972
    0.02979
    0.00292
    0.00664
   -0.04018
    0.03679
    0.01598
    0.02682
   -0.03558
   -0.00124
    0.06412
   -0.02975
   -0.00742
   -0.00441
   -0.00144
   -0.00898
   -0.00250
    0.01226
    0.02840
   -0.01868
   -0.03667
    0.02453
    0.03136
    0.00181
    0.00171
   -0.03508
   -0.00930
    0.00380
   -0.00009
    0.00340
   -0.04306
    0.01381
   -0.00435
    0.02750
    0.00478
    0.00158
   -0.03007
    0.02909
   -0.00072
    0.00014
   -0.01732
    0.02568
   -0.07237
    0.01411
    0.00453
    0.01880
   -0.00605
    0.03596
   -0.03315
    0.00729
    0.00965
    0.00979
   -0.07617
    0.04211
    0.00048
    0.02235
   -0.05286
    0.02937
   -0.02617
    0.01199
    0.01352
   -0.00313
    0.01028
    0.01002
   -0.04903
    0.02322
   -0.00509
    0.06838
   -0.05784
   -0.01089
   -0.00074
    0.04566
   -0.02390
   -0.02302
    0.03017
    0.00299
   -0.01908
   -0.00142
    0.01946
    0.02269
   -0.04217
   -0.00537
    0.00023
   -0.01710
   -0.04844
    0.05112
    0.01209
    0.00789
   -0.03981
    0.01336
   -0.02488
    0.00495
    0.00786
    0.00388
   -0.06750
    0.06669
   -0.04410
    0.02435
    0.01968
    0.00649
   -0.06788
    0.02734
   -0.00507
    0.02819
   -0.03671
    0.01614
   -0.02918
    0.00822
   -0.02253
    0.02596
   -0.02590
    0.07863
   -0.01268
   -0.02341
    0.05891
   -0.03959
   -0.12444
    0.08343
    0.02850
    0.01628
   -0.04932
    0.00005
   -0.03416
    0.08278
    0.01140
   -0.04207
   -0.02609
    0.03987
   -0.03469
    0.03224
   -0.00333
    0.02225
   -0.06393
    0.02565
    0.01499
    0.00221
   -0.02666
    0.00872
    0.05244
   -0.03295
    0.02551
   -0.03799
   -0.01444
    0.02526
   -0.00276
   -0.00830
   -0.01742
   -0.02381
   -0.04875
    0.07297
    0.04617
    0.03012
   -0.03189
   -0.03230
   -0.02608
    0.01727
   -0.01971
    0.02194
   -0.09520
    0.06816
    0.00182
    0.01717
    0.02847
   -0.00591
   -0.08656
    0.04816
    0.04824
    0.02687
   -0.05334
   -0.01999
   -0.08153
    0.05107
    0.02331
   -0.00450
   -0.00138
    0.01065
   -0.03002
    0.03123
    0.02043
   -0.01520
   -0.06267
    0.05715
    0.03039
    0.02176
   -0.07098
    0.02151
    0.03004
   -0.02394
   -0.01328
    0.03034
   -0.01367
    0.01387
   -0.03730
    0.04351
   -0.02031
    0.04040
   -0.06237
    0.03249
    0.00992
    0.02479
   -0.05349
    0.01415
    0.07788
   -0.02903
   -0.04120
    0.03720
   -0.01360
   -0.00011
   -0.01625
    0.03195
    0.05066
   -0.02508
   -0.04141
    0.02121
    0.02508
   -0.00004
   -0.00838
   -0.01537
   -0.02845
   -0.01538
    0.03120
    0.01267
    0.03754
    0.00220
   -0.03485
    0.00506
    0.02703
   -0.01507
   -0.07622
    0.06434
    0.03662
    0.00009
   -0.05919
    0.03942
    0.03136
   -0.04579
   -0.01659
    0.04247
   -0.00325
    0.02557
   -0.04399
    0.03490
    0.04377
   -0.02120
   -0.10041
    0.08274
    0.01926
   -0.00307
   -0.03580
    0.03390
    0.01647
    0.00641
   -0.02978
    0.02170
   -0.00647
    0.01888
   -0.05330
    0.05327
   -0.00138
    0.01753
   -0.04625
    0.03684
    0.03203
    0.02758
   -0.06254
    0.00190
    0.11650
   -0.03603
   -0.03309
    0.00173
   -0.00356
    0.02625
   -0.03535
    0.01458
    0.00931
   -0.02371
   -0.04305
    0.05849
    0.02496
   -0.01117
   -0.02447
    0.01162
   -0.02481
    0.00114
   -0.01061
    0.02844
   -0.01043
    0.00634
   -0.05454
    0.04868
    0.02857
   -0.00823
   -0.08122
    0.06740
    0.01134
    0.02252
   -0.05168
    0.02267
   -0.03295
   -0.00024
   -0.02671
    0.03792
   -0.04651
    0.05541
    0.02640
   -0.00782
   -0.01689
   -0.03907
   -0.09339
    0.11913
    0.03116
    0.00752
   -0.04741
    0.00867
   -0.07697
    0.04817
    0.03177
   -0.00414
   -0.01015
    0.03909
   -0.05533
    0.02808
   -0.02113
    0.05066
   -0.07015
    0.02154
    0.00586
    0.02399
   -0.05311
    0.02220
    0.01884
   -0.01666
   -0.02483
    0.01924
   -0.01541
    0.03217
   -0.03910
    0.01492
   -0.01381
   -0.02661
   -0.05101
    0.06932
   -0.00669
    0.00771
   -0.02460
    0.01900
   -0.03990
    0.00971
   -0.01400
    0.02079
   -0.10883
    0.07244
   -0.02391
    0.01896
   -0.00811
   -0.02255
   -0.07969
    0.06998
    0.00513
    0.02654
   -0.04454
    0.01150
   -0.10966
   -0.00910
   -0.04476
    0.05407
