22 20 3 1 47 -3.1704 2.2674 4.8574 12534
  0.00880   0.01091   0.00899  -0.03148  -0.05947   0.02800   0.05205  -0.01998   0.02760  -0.00361  -0.00423  -0.02420   0.02149   0.01140   0.01624  -0.06393  -0.03251   0.04228   0.02863  -0.05339 
 -0.00458   0.01831   0.02247  -0.04192  -0.01752   0.04023   0.00750  -0.03015   0.04170  -0.05310   0.01660  -0.01027   0.02895   0.02292  -0.00063  -0.06770  -0.02788   0.03971   0.04370  -0.07174 
  0.01464   0.01169   0.01553  -0.04684  -0.04945   0.02158   0.02584   0.00727   0.03975  -0.02598  -0.03344   0.01452   0.05401   0.00440  -0.00252  -0.07328  -0.01046   0.05604  -0.00298  -0.04783 
  0.01574   0.01222  -0.00397  -0.02582  -0.07203   0.04691   0.06408  -0.04380   0.02252  -0.02703   0.01226  -0.00927   0.03547   0.01538  -0.00540  -0.05876  -0.09246   0.05748   0.05054  -0.06208 
 -0.01466   0.02152   0.02981  -0.04413  -0.04674   0.02153   0.02659   0.00348   0.05770  -0.03528  -0.02429  -0.00678   0.02645  -0.00292   0.01932  -0.05428  -0.01889  -0.00145   0.04745  -0.03771 
  0.01312  -0.00510   0.01643  -0.02658  -0.02951   0.02594   0.02684  -0.02176   0.00642  -0.02584  -0.01081   0.03077   0.04794   0.01777   0.00052  -0.08928  -0.09609   0.06179   0.02887  -0.03932 
 -0.00458   0.01934   0.01109  -0.02948  -0.08151   0.01808   0.08249  -0.02481   0.02937  -0.01506  -0.00828  -0.00906   0.01579   0.02941   0.00291  -0.06464  -0.07484   0.04242   0.05274  -0.05720 
 -0.01718   0.01857   0.03157  -0.04003  -0.01978   0.00353   0.02407  -0.00627   0.05115  -0.05613   0.00273  -0.00439   0.05221   0.00580  -0.00202  -0.07338  -0.07607   0.02270   0.06766  -0.05340 
  0.01712  -0.00591   0.02184  -0.03659  -0.01684   0.03252   0.00308  -0.01699   0.05140  -0.02176  -0.02474  -0.01273   0.05694   0.00827  -0.02602  -0.05157  -0.08278   0.04846   0.00760  -0.00893 
  0.01767   0.01560  -0.01081  -0.02430  -0.06171   0.06072   0.06168  -0.07094   0.00078  -0.01896   0.01361   0.00573   0.02990   0.01158   0.00714  -0.06277  -0.14363   0.05698   0.07265  -0.06299 
 -0.02711   0.02559   0.03839  -0.04700  -0.02862   0.03701   0.02084  -0.02827   0.06501  -0.04893  -0.00643  -0.02037   0.05610  -0.00509   0.00524  -0.07345  -0.06050   0.02738   0.05790  -0.05516 
  0.02353   0.00097   0.01785  -0.04716  -0.05673   0.03103   0.02776   0.00307   0.02178  -0.01685  -0.02390   0.01707   0.05540   0.01271  -0.03726  -0.04167  -0.09697   0.04715   0.03489  -0.02931 
 -0.00299   0.01689  -0.00073  -0.01486  -0.05274   0.04317   0.04606  -0.03783   0.03181  -0.01060  -0.00257  -0.02315   0.01666   0.00491   0.01965  -0.05281  -0.06481   0.02780   0.06642  -0.06399 
 -0.00908   0.01495   0.03232  -0.04524  -0.05290   0.03786   0.03146  -0.01306   0.05390  -0.05924   0.01530  -0.01831   0.04737   0.00953   0.01408  -0.09576  -0.05907  -0.00339   0.07287  -0.04266 
  0.01089  -0.00388   0.03207  -0.04461  -0.04839   0.03265   0.02697  -0.00705   0.03862  -0.03480  -0.02023   0.01247   0.05216   0.01465  -0.01609  -0.06713  -0.06077   0.01807   0.05551  -0.04207 
  0.00781   0.00736   0.01070  -0.02825  -0.07036   0.02327   0.06962  -0.02541   0.03628  -0.03666   0.01764  -0.02183   0.03336   0.01481   0.01356  -0.08209  -0.06254   0.02934   0.05395  -0.05119 
 -0.00602   0.00696   0.03790  -0.04604  -0.02664   0.00431   0.01851   0.00740   0.06753  -0.07744  -0.00360   0.00164   0.04903   0.00794   0.01033  -0.09004  -0.07662   0.04163   0.06588  -0.07217 
  0.01986  -0.00537   0.02196  -0.04050  -0.04039   0.02312   0.03648  -0.01725   0.02224  -0.01156  -0.03011   0.01677   0.05681   0.01540  -0.02357  -0.06514  -0.05857   0.05556   0.02929  -0.05354 
  0.00627   0.01947   0.00262  -0.03148  -0.09115   0.05155   0.05804  -0.02000   0.01904   0.00311   0.00236  -0.02864   0.02580  -0.00431   0.02116  -0.05407  -0.10576   0.04441   0.06723  -0.06071 
 -0.02423   0.02177   0.03629  -0.04255  -0.04583   0.02251   0.04877  -0.02555   0.06000  -0.04619  -0.00691  -0.01599   0.04522   0.00777   0.01467  -0.09053  -0.02725   0.02006   0.05794  -0.06788 
  0.01835   0.00071   0.02704  -0.05229  -0.04729   0.04323   0.01740  -0.00902   0.03356  -0.03110  -0.02363   0.01789   0.05447  -0.00246  -0.01107  -0.05217  -0.09766   0.03211   0.03950  -0.01827 
  0.00344   0.00868   0.00436  -0.01783  -0.07642   0.03618   0.07015  -0.03415   0.05445  -0.03472  -0.00476  -0.02315   0.03221   0.01274   0.01162  -0.07429  -0.07915   0.04283   0.05026  -0.05214 
 -0.00544   0.01326   0.03169  -0.04636  -0.03044   0.01895   0.01402   0.00184   0.06080  -0.03392  -0.00879  -0.02833   0.04754  -0.01130   0.02063  -0.07419  -0.04855   0.02960   0.06274  -0.07120 
  0.02013  -0.00064   0.02158  -0.04588  -0.05440   0.01381   0.03166   0.01400   0.03253  -0.02976  -0.03667   0.02954   0.04042   0.01758  -0.01607  -0.05463  -0.06056   0.02627   0.02127  -0.01198 
  0.00088   0.00643  -0.00046  -0.00737  -0.07094   0.03250   0.05747  -0.01912   0.05223  -0.03574  -0.00977  -0.01386   0.02683  -0.00668   0.02521  -0.05801  -0.09590   0.02136   0.07286  -0.04766 
 -0.00995   0.00164   0.03740  -0.03488  -0.02917   0.00575   0.05043  -0.02951   0.04199  -0.03921   0.01105  -0.01909   0.05221  -0.01190   0.01174  -0.06714  -0.04780   0.00424   0.06154  -0.04278 
  0.01478  -0.01057   0.03269  -0.04208  -0.06323   0.02765   0.03345   0.00713   0.02149  -0.05041   0.01059   0.01748   0.07696  -0.00213  -0.01721  -0.07861  -0.05387   0.01728   0.02928  -0.01521 
  0.00753  -0.00252   0.01266  -0.01903  -0.10651   0.02527   0.09637  -0.02577   0.04103  -0.03172  -0.01281  -0.00084   0.04022   0.02064   0.00674  -0.09140  -0.05371   0.00736   0.08364  -0.07132 
 -0.01127   0.00537   0.04498  -0.04763  -0.04899   0.00832   0.03528   0.00954   0.02604  -0.04461   0.00241   0.01486   0.03653   0.00437   0.02027  -0.08072  -0.02905   0.02283   0.04375  -0.05201 
  0.00415  -0.00212   0.02451  -0.02979  -0.02054   0.04714   0.02256  -0.05323   0.04343  -0.01694  -0.04194   0.00846   0.05700  -0.01646   0.00551  -0.05890  -0.07137   0.04484   0.03054  -0.03554 
  0.01505   0.01274   0.00476  -0.03565  -0.07022   0.03238   0.05319  -0.01430   0.04638   0.00789  -0.00716  -0.06045   0.00425   0.02398   0.00377  -0.04251  -0.05208   0.00619   0.07141  -0.05469 
 -0.00864   0.01728   0.02969  -0.04524  -0.03049   0.00506   0.02774   0.00063   0.05200  -0.05152  -0.00404  -0.00310   0.03373  -0.01306   0.01532  -0.04446  -0.02848   0.02506   0.04497  -0.05629 
  0.01602  -0.00974   0.01978  -0.02856  -0.05406   0.01161   0.03628   0.01059   0.04637  -0.02340  -0.03804   0.00811   0.06580   0.00060  -0.01126  -0.07333  -0.01566   0.04626   0.01629  -0.05449 
  0.01726   0.00789   0.00129  -0.02841  -0.08210   0.02796   0.03858   0.02030   0.06052  -0.03177  -0.04095   0.00183   0.04227  -0.01143   0.01763  -0.06188  -0.09315   0.02178   0.05940  -0.03288 
 -0.00299  -0.00010   0.01940  -0.01843  -0.01911   0.01589   0.00249   0.00436   0.10742  -0.08813  -0.01523  -0.03252   0.07332  -0.00895  -0.01744  -0.06258  -0.04556   0.00845   0.06170  -0.04863 
  0.04235  -0.01806   0.00860  -0.03643  -0.03372  -0.00499   0.02048   0.02224   0.03984  -0.03306  -0.04625   0.03280   0.06420  -0.00636  -0.00816  -0.06494  -0.09066   0.02420   0.05823  -0.03531 
  0.01033  -0.00660   0.00741  -0.01161  -0.06269   0.03377   0.04450  -0.01331   0.04791  -0.02930  -0.01869  -0.00611   0.03016  -0.00323   0.01686  -0.05539  -0.07409   0.02081   0.05905  -0.04172 
 -0.00530   0.00444   0.02667  -0.02979  -0.04482  -0.00518   0.03788   0.01525   0.04012  -0.06367  -0.00948   0.02819   0.04380  -0.00815   0.00621  -0.05244  -0.02374   0.00730   0.05451  -0.05206 
  0.01061  -0.01736   0.02184  -0.01679  -0.04167   0.01875  -0.00316   0.03260   0.04830  -0.03204  -0.05878   0.03265   0.04864  -0.00426  -0.01482  -0.03660  -0.08965   0.02222   0.02214   0.00582 
  0.00401   0.00057  -0.01191   0.00781  -0.08112   0.03108   0.03959   0.01494   0.05675  -0.05805  -0.01706   0.01027   0.03880   0.00478  -0.01286  -0.03815  -0.09049   0.02992   0.04284  -0.02340 
 -0.00908   0.00151   0.01436  -0.00824  -0.06508   0.01837   0.00801   0.04549   0.06161  -0.07620  -0.01109   0.01543   0.04574  -0.02100   0.02276  -0.06096  -0.04622  -0.00342   0.04870  -0.02099 
  0.00725  -0.02115   0.01837  -0.00533  -0.06129   0.03461  -0.01643   0.04978   0.05400  -0.02768  -0.07965   0.03865   0.05674   0.02392  -0.04423  -0.05142  -0.00869   0.00532   0.01068  -0.01026 
  0.01367   0.00947  -0.02997   0.00668  -0.07564   0.04951   0.00269   0.03010   0.02998  -0.02376  -0.06101   0.04696   0.00609   0.01983  -0.01814  -0.01117  -0.06779   0.02447   0.03519  -0.02124 
 -0.02152   0.01599  -0.00834   0.01229  -0.05323   0.01293   0.00705   0.03987   0.07792  -0.07230  -0.02386   0.00316   0.08020  -0.03033  -0.03636  -0.02073  -0.04561   0.03488   0.00112  -0.00819 
  0.02367  -0.01388  -0.01302   0.00385  -0.02587   0.05729  -0.05873   0.02844   0.07789  -0.05241  -0.10786   0.05442   0.10174  -0.01089  -0.08332  -0.02473  -0.02829   0.01855  -0.01296   0.01145 
  0.03844   0.00245  -0.06287   0.01906   0.00968   0.06057  -0.01281  -0.06915   0.11944  -0.04504  -0.11540  -0.00179   0.11913   0.04462  -0.11610  -0.10161  -0.03136   0.09365  -0.01117  -0.07182 
  0.06274   0.03844  -0.05793  -0.05619   0.09712   0.00311  -0.05698  -0.09013   0.17521  -0.06394  -0.13225  -0.06189   0.21436  -0.02058  -0.07290  -0.27947   0.03873   0.08067  -0.04825  -0.06530 
  0.14978  -0.00455  -0.07982  -0.10936   0.16277  -0.10512  -0.12253  -0.03906   0.22566  -0.13890  -0.24832  -0.00345   0.27639  -0.13251  -0.18219  -0.12931   0.01651  -0.03252  -0.03405   0.04750 
  0.20548  -0.11054  -0.14488  -0.02887  -0.30632  -0.30704   0.36946  -0.16227  -0.07797  -0.24445   0.21181   0.00984  -0.00046  -0.21678   0.22696  -0.17668  -0.32191  -0.29404   0.29481  -0.08609 
 -0.17228  -0.28050   0.29812  -0.10551  -0.74857  -4.09812   0.57946  -4.09812  -0.61003  -4.09812   0.59042  -4.09812  -1.17956  -4.09812   0.57264  -4.09812  -0.67802  -4.09812   0.53909  -4.09812 
 -0.87596  -4.09812   0.57458  -4.09812  -4.09812  -4.09812  -4.09812   0.63757  -4.09812  -4.09812  -4.09812  -4.09812  -4.09812  -0.99640  -4.09812   0.65043  -4.09812  -4.09812  -4.09812  -4.09812 
 -4.09812  -0.98436  -4.09812   0.60457  -4.09812  -4.09812  -4.09812  -4.09812   0.16714  -0.05346  -0.04840  -0.14672  -4.09812  -4.09812  -4.09812  -4.09812   0.56432  -0.62525  -0.09679  -0.53929 
  0.41173  -0.58844  -0.06349  -0.45269   0.24666  -0.13337  -0.43212  -0.00314   0.27637  -0.16848  -0.24875  -0.08964   0.45234  -0.25320  -0.53347  -0.46293   0.30627  -0.06632  -0.17938  -0.07433 
  0.34433  -0.17685  -0.41264  -0.09790  -0.89894  -1.06431   0.56574  -0.97154  -0.49348  -0.63597   0.51969  -0.59203  -0.37561  -0.49299   0.44932  -0.50445  -0.63337  -0.71844   0.48303  -0.66051 
 -0.66886  -0.81403   0.52639  -0.75647  -0.10297  -0.05134  -0.03509   0.16445   0.00340  -0.07460  -0.02695   0.08997  -0.37764  -0.22410  -0.64825   0.49156  -0.02703  -0.14700   0.00321   0.11070 
 -0.31197  -0.18356  -0.48676   0.41483   0.02010  -0.02087  -0.11026   0.09029   0.09808  -0.09536  -0.20030   0.11956   0.09167   0.03243  -0.16619   0.00941   0.06508  -0.06031  -0.13248   0.10580 
  0.00031  -0.05031  -0.12633   0.14141  -0.04216   0.06288  -0.11257   0.08158   0.02203  -0.10465  -0.05689   0.11668   0.08231   0.04012  -0.12553  -0.02394  -0.07854  -0.10167  -0.05603   0.14812 
 -0.01882  -0.03186  -0.07837   0.11188  -0.01224   0.06846  -0.20427   0.10378   0.04775   0.03563  -0.26411   0.09378   0.07596   0.04024  -0.17349   0.02553  -0.02592  -0.01995  -0.13108   0.12323 
  0.01145   0.02673  -0.18066   0.10316  -0.04251   0.07813  -0.10273   0.05951   0.00469   0.07040  -0.18391   0.05842   0.05916   0.07487  -0.10536  -0.06607  -0.06318   0.00444  -0.05343   0.07338 
 -0.02047   0.05139  -0.10390   0.05646  -0.06261   0.09315  -0.14285   0.09037  -0.02429   0.10474  -0.24020   0.07548   0.05254   0.05273  -0.17623   0.03974  -0.03270   0.01086  -0.09154   0.08087 
 -0.02302   0.06606  -0.15725   0.07925  -0.06367   0.06934  -0.14029   0.11255  -0.06678   0.13049  -0.24378   0.08129   0.02991   0.06014  -0.15103   0.03654  -0.08561   0.04676  -0.13839   0.10322 
 -0.05621   0.08024  -0.16840   0.09610  -0.02566   0.05512  -0.14633   0.09547  -0.05313   0.09162  -0.16377   0.07440   0.00746   0.03684  -0.09642   0.04523  -0.10246   0.04442  -0.10416   0.09157 
 -0.05297   0.06048  -0.12759   0.08881  -0.03615   0.01036  -0.09640   0.11109  -0.05459   0.09422  -0.19195   0.08850   0.03280   0.01613  -0.09602   0.04289  -0.12483   0.04773  -0.11834   0.10560 
 -0.05281   0.04960  -0.12741   0.09919  -0.01783   0.03015  -0.11469   0.08980  -0.05757   0.08836  -0.15751   0.07813   0.02505   0.06844  -0.12537   0.00914  -0.08176   0.02063  -0.09792   0.09839 
 -0.04386   0.05330  -0.12115   0.08506  -0.06393   0.06153  -0.07814   0.07799  -0.02523   0.05390  -0.16121   0.09077   0.00469   0.02648  -0.09736   0.06127  -0.06763   0.01565  -0.10803   0.10262 
 -0.04529   0.03868  -0.11235   0.09438  -0.04935   0.03100  -0.13503   0.13025  -0.01690   0.08031  -0.20315   0.07824   0.02365   0.02012  -0.08715   0.04024  -0.08338   0.00720  -0.07356   0.09362 
 -0.03899   0.03671  -0.11902   0.09599  -0.03931   0.02788  -0.09531   0.09873  -0.01445   0.07208  -0.19955   0.08326   0.04939   0.03638  -0.13651   0.03357  -0.06442   0.02050  -0.10825   0.09779 
 -0.02620   0.04040  -0.13194   0.09125  -0.03578   0.02941  -0.11281   0.10602  -0.03098   0.05591  -0.17187   0.09954  -0.00206   0.02927  -0.09856   0.06563  -0.08844   0.01592  -0.08135   0.09415 
 -0.04592   0.03262  -0.11322   0.10101  -0.00643   0.04606  -0.12411   0.07019  -0.01476   0.06937  -0.20036   0.08692   0.05188  -0.01372  -0.07906   0.04038  -0.05351  -0.01939  -0.07002   0.09815 
 -0.01570   0.02164  -0.11235   0.08776  -0.03666   0.03691  -0.09582   0.08876  -0.00774   0.06766  -0.19518   0.07968   0.01069   0.02072  -0.07362   0.04097  -0.07033   0.00151  -0.08648   0.10089 
 -0.03201   0.03137  -0.10975   0.08962  -0.02203   0.05086  -0.11016   0.07183  -0.02095   0.02518  -0.13928   0.10272   0.00040   0.00956  -0.07310   0.06383  -0.06038  -0.01671  -0.06929   0.09870 
 -0.03293   0.01482  -0.09495   0.09530  -0.02962   0.04101  -0.09672   0.07894  -0.03551   0.03632  -0.13731   0.10298   0.00625   0.00633  -0.08095   0.06851  -0.08349   0.00017  -0.08389   0.10544 
 -0.04339   0.01985  -0.09713   0.09999  -0.04089   0.00417  -0.07185   0.10313  -0.00446   0.01040  -0.14681   0.10660   0.00165   0.01862  -0.08572   0.06340  -0.04657  -0.01475  -0.05626   0.08248 
 -0.03139   0.00351  -0.08535   0.09736  -0.05108   0.03765  -0.08534   0.09383   0.01875  -0.00176  -0.14416   0.09508   0.02020   0.01384  -0.08978   0.05363  -0.05814  -0.00765  -0.05737   0.08314 
 -0.02468   0.00815  -0.08831   0.09032  -0.03901   0.03337  -0.09055   0.09034   0.00327   0.02964  -0.13661   0.07511   0.03073  -0.00031  -0.08151   0.05123  -0.05186  -0.01834  -0.05837   0.08886 
 -0.02152   0.00947  -0.08699   0.08576  -0.01761   0.03502  -0.07474   0.05564  -0.00357   0.03159  -0.14245   0.08315   0.02311   0.04238  -0.10689   0.03064  -0.06436  -0.01331  -0.06250   0.09342 
 -0.02137   0.02152  -0.09178   0.07805  -0.01614   0.02641  -0.08720   0.07182  -0.01010   0.01581  -0.10302   0.07935   0.03358   0.00973  -0.09029   0.04449  -0.03959  -0.00607  -0.05674   0.07321 
 -0.01466   0.00999  -0.08095   0.07541  -0.04560   0.02636  -0.06616   0.08456   0.01615   0.00967  -0.13620   0.08216   0.02024  -0.00168  -0.06391   0.04790  -0.05243  -0.04071  -0.04778   0.09713 
 -0.01987  -0.00388  -0.07468   0.08729  -0.02417   0.01254  -0.06026   0.07142   0.01579   0.01368  -0.11566   0.06530   0.02209   0.00777  -0.05615   0.02739  -0.08862  -0.00748  -0.03985   0.08324 
 -0.02242   0.00551  -0.06334   0.07239  -0.03106   0.01634  -0.08469   0.09338   0.01627  -0.00938  -0.14538   0.10480   0.03187   0.00268  -0.09899   0.06180  -0.03241  -0.01121  -0.04767   0.06711 
 -0.00908  -0.00171  -0.08847   0.08682  -0.01827   0.02675  -0.10318   0.08527  -0.00366   0.01350  -0.13509   0.09618   0.01040   0.00702  -0.06214   0.04666  -0.02829  -0.01530  -0.05106   0.07073 
 -0.01733   0.00577  -0.08258   0.08258  -0.01002   0.02723  -0.09716   0.07218   0.02612  -0.01378  -0.14028   0.09646   0.04097  -0.01515  -0.07752   0.05285  -0.06355  -0.01479  -0.03147   0.07184 
 -0.00544  -0.00591  -0.07934   0.08092  -0.00026   0.00558  -0.07058   0.06084   0.01483  -0.01421  -0.11215   0.09011   0.02612  -0.00034  -0.05705   0.03342  -0.04474  -0.00986  -0.02798   0.05678 
 -0.00573  -0.00619  -0.06148   0.06776  -0.00401   0.00956  -0.07578   0.06548   0.02894   0.00283  -0.10244   0.05346   0.04733  -0.00315  -0.09495   0.04799  -0.02702  -0.02109  -0.03012   0.05854 
  0.00739  -0.00442  -0.07024   0.06171   0.01323  -0.00602  -0.06999   0.05559   0.02620  -0.00934  -0.12254   0.08148   0.01887   0.02071  -0.07249   0.03114  -0.02707  -0.04244  -0.00969   0.05783 
  0.00584  -0.01139  -0.06194   0.06283  -0.00161   0.02582  -0.08804   0.05767   0.01424  -0.01303  -0.09724   0.07973   0.02394   0.00855  -0.07445   0.04203  -0.03906  -0.03423  -0.00537   0.05406 
 -0.00328  -0.00564  -0.05931   0.06345  -0.00748   0.01797  -0.06531   0.05318   0.01103  -0.01609  -0.11169   0.09500   0.03486  -0.00304  -0.06535   0.03484  -0.04602  -0.02773  -0.03342   0.07497 
 -0.00472  -0.00919  -0.06458   0.07203   0.00797   0.00548  -0.05986   0.04285   0.02607  -0.03340  -0.10960   0.09434   0.04703   0.00729  -0.07251   0.01522  -0.04356  -0.00895  -0.02690   0.05465 
  0.00627  -0.00865  -0.06179   0.05985   0.01999   0.02424  -0.08365   0.03072   0.02700  -0.01740  -0.09784   0.07156   0.04079  -0.00114  -0.05881   0.01929  -0.04082  -0.04426  -0.00692   0.06346 
  0.01089  -0.01208  -0.05578   0.05394   0.00306   0.01789  -0.06304   0.03956   0.01949  -0.02939  -0.09511   0.08770   0.04221   0.00954  -0.08061   0.02605  -0.00794  -0.03625  -0.00743   0.04149 
  0.01089  -0.01167  -0.05578   0.05356   0.01584   0.01383  -0.07681   0.04011   0.03051  -0.05344  -0.10056   0.10056   0.02958   0.01496  -0.06146   0.01533   0.02691  -0.03168  -0.02593   0.03421 
  0.02136  -0.01583  -0.06194   0.05280   0.01185   0.01713  -0.06965   0.03567   0.01097  -0.01952  -0.13657   0.11305   0.04496  -0.00326  -0.06958   0.02755  -0.00755  -0.03196   0.00058   0.03088 
  0.01228  -0.01167  -0.06070   0.05634  -0.01250   0.05462  -0.12233   0.06702   0.02558  -0.00899  -0.16944   0.10935   0.06648   0.00229  -0.09793   0.02160   0.03840  -0.04875   0.00738   0.01059 
  0.02299  -0.00266  -0.08290   0.05583   0.00234   0.04073  -0.10588   0.05268   0.00805  -0.00380  -0.14187   0.10534   0.04669   0.02393  -0.08994   0.01152   0.03420  -0.06526  -0.00886   0.04040 
  0.01684  -0.00415  -0.07853   0.05947  -0.00290   0.06257  -0.11025   0.03964   0.00188  -0.02789  -0.10954   0.11178   0.06212   0.00702  -0.08010   0.00422   0.03326  -0.05839  -0.01667   0.04271 
  0.01671  -0.00700  -0.07277   0.05772   0.03670   0.04808  -0.12749   0.02028   0.01441  -0.03279  -0.15098   0.12872   0.02632   0.03195  -0.07711   0.01289   0.07229  -0.06658  -0.02913   0.03491 
  0.03185  -0.00769  -0.08897   0.05684   0.01315   0.05923  -0.10923   0.02355   0.01054  -0.05388  -0.11332   0.12679   0.05750   0.00395  -0.08770   0.02121   0.01738  -0.05141  -0.00803   0.03939 
  0.02000  -0.01305  -0.07245   0.05997   0.02856   0.07058  -0.12857   0.00661   0.03091  -0.05206  -0.12528   0.11437   0.08039   0.00267  -0.09360  -0.00112   0.07858  -0.08303  -0.02045   0.03506 
  0.04737  -0.01750  -0.08421   0.04706   0.01300   0.06087  -0.11797   0.02882   0.02238  -0.05237  -0.13569   0.12825   0.07119  -0.01414  -0.09631   0.03345   0.05167  -0.06154  -0.03766   0.05117 
