25 20 23 1 27 -3.5186 1.8357 4.3061 12752
  0.00729   0.01018  -0.08393   0.05880  -0.00227   0.01343  -0.05735   0.04497   0.02178   0.01401  -0.11287   0.05699   0.02631   0.00896  -0.07128   0.03599  -0.00199   0.01940  -0.06399   0.03903 
  0.00701   0.01313  -0.07489   0.04910  -0.00539   0.02848  -0.10438   0.07148   0.00359   0.02779  -0.10078   0.05258   0.03297  -0.01052  -0.10544   0.07990  -0.01283  -0.00454  -0.01239   0.02296 
  0.00131   0.00953  -0.07442   0.05732   0.01465  -0.01612  -0.08075   0.07103   0.04521   0.00893  -0.13435   0.05181  -0.00918   0.01076  -0.06184   0.06165   0.00163  -0.01227  -0.05091   0.05322 
  0.01183  -0.00278  -0.07899   0.06308   0.00974  -0.01244  -0.05129   0.04953   0.00370   0.03074  -0.11406   0.05870   0.03050   0.01141  -0.06349   0.02075  -0.01132   0.00649  -0.03198   0.02964 
  0.00410   0.00876  -0.06114   0.04481   0.00475   0.01196  -0.08693   0.06252   0.03973  -0.01298  -0.10249   0.05744   0.03381  -0.01844  -0.07238   0.05949   0.01057  -0.02575  -0.03001   0.04234 
  0.01968  -0.01286  -0.06958   0.05781   0.02271  -0.00071  -0.09980   0.06336   0.02076   0.01567  -0.13373   0.07027   0.05077  -0.01348  -0.07220   0.03500   0.00681   0.01038  -0.03240   0.01632 
  0.02169   0.00237  -0.07883   0.04910  -0.01046   0.01492  -0.06549   0.05933   0.03145  -0.00356  -0.13013   0.07575   0.03751   0.00785  -0.10074   0.05143  -0.01434  -0.00600  -0.01519   0.02750 
  0.00894   0.00119  -0.07145   0.05609   0.00134   0.03045  -0.09314   0.05400   0.04999  -0.01358  -0.12163   0.06015   0.04526   0.00274  -0.07948   0.02957  -0.01016   0.00841  -0.04818   0.04057 
  0.01942   0.00538  -0.08201   0.05086   0.03734  -0.00805  -0.09885   0.05189   0.03077  -0.00557  -0.10807   0.06371   0.05526  -0.01832  -0.09604   0.05655  -0.01836  -0.01118  -0.01976   0.03789 
  0.02621  -0.01204  -0.07520   0.05547   0.03054   0.01649  -0.10430   0.04197   0.01497   0.00427  -0.11719   0.07631   0.04615  -0.03001  -0.10059   0.08201   0.00633  -0.02272  -0.04116   0.05126 
  0.02183  -0.00961  -0.08586   0.06551   0.01835  -0.01106  -0.08340   0.06473   0.04063  -0.02718  -0.10436   0.07095   0.04984  -0.01447  -0.08693   0.05062   0.02374  -0.03177  -0.01734   0.02879 
  0.02819  -0.02345  -0.06665   0.05707   0.02426  -0.00345  -0.07889   0.04774   0.03969  -0.01279  -0.12007   0.06936   0.04502  -0.01120  -0.08713   0.05263   0.00401  -0.00624  -0.01713   0.01912 
  0.02569  -0.01001  -0.06896   0.04910   0.04538  -0.00787  -0.08856   0.03355   0.05031  -0.02515  -0.11116   0.06345   0.07476  -0.02534  -0.10234   0.04671   0.01552  -0.04685  -0.00640   0.03563 
  0.04511  -0.02850  -0.07005   0.04797   0.01675   0.00468  -0.05828   0.03185   0.04667  -0.03821  -0.10222   0.07288   0.10414  -0.04135  -0.07875   0.00410   0.04853  -0.04626  -0.01687   0.02451 
  0.04927  -0.03246  -0.05871   0.03789   0.04320  -0.01266  -0.10505   0.05348   0.06442  -0.06513  -0.09309   0.07019   0.06450  -0.02203  -0.08657   0.04154   0.02813  -0.04485  -0.00868   0.02874 
  0.04977  -0.03819  -0.06819   0.05036   0.02088   0.02421  -0.07709   0.02411   0.06780  -0.06764  -0.10304   0.07540   0.07979  -0.00052  -0.09135   0.00153   0.01777  -0.03544  -0.00084   0.02046 
  0.04410  -0.02137  -0.06068   0.03466   0.02821   0.01953  -0.06252   0.00654   0.07389  -0.06021  -0.11608   0.07131   0.09873  -0.04824  -0.07557   0.01612   0.03902  -0.04767  -0.00545   0.02135 
  0.05833  -0.03560  -0.05931   0.03179   0.02618   0.03368  -0.10275   0.02923   0.06616  -0.04597  -0.12507   0.07384   0.08990  -0.02200  -0.10023   0.02209   0.03424  -0.05603  -0.00210   0.02765 
  0.05289  -0.02401  -0.07552   0.04047   0.01275   0.04787  -0.08685   0.01789   0.05268  -0.06611  -0.10375   0.09070   0.09800  -0.00290  -0.11094  -0.00190   0.03527  -0.05403   0.03232  -0.00834 
  0.04637  -0.02012  -0.05705   0.02798   0.01843   0.07136  -0.08893  -0.01460   0.05068  -0.09737  -0.11134   0.12027   0.10195  -0.01678  -0.09816  -0.00259   0.05186  -0.07802   0.03748  -0.00597 
  0.05302  -0.02878  -0.05615   0.02837   0.01846   0.04193  -0.10561   0.03254   0.04936  -0.11165  -0.11094   0.13071   0.10105   0.00514  -0.11515  -0.01265   0.09722  -0.09755   0.01889  -0.00451 
  0.06115  -0.03906  -0.06989   0.04085   0.02974   0.07603  -0.10184  -0.02430   0.03391  -0.10695  -0.14869   0.16186   0.09897   0.01780  -0.14034  -0.00319   0.07734  -0.08252   0.02893  -0.01146 
  0.05525  -0.02123  -0.07615   0.03595   0.03366   0.06982  -0.14081   0.01032   0.04133  -0.12197  -0.13786   0.15905   0.11222   0.01471  -0.12522  -0.03290   0.09450  -0.09762   0.03981  -0.02479 
  0.06504  -0.03147  -0.07757   0.03621   0.01504   0.13157  -0.19225  -0.00527   0.04331  -0.14205  -0.17179   0.18499   0.13539   0.01724  -0.19194  -0.01387   0.13077  -0.11690   0.03785  -0.03813 
  0.07330  -0.01737  -0.10935   0.03931   0.01520   0.12599  -0.17919  -0.00721   0.03505  -0.12934  -0.18941   0.19249   0.13792   0.00597  -0.19012  -0.00441   0.15878  -0.15089   0.05758  -0.06291 
  0.07697  -0.02794  -0.10110   0.03880   0.03022   0.12955  -0.20118  -0.01667   0.03634  -0.14783  -0.21191   0.21015   0.11584   0.06238  -0.17689  -0.06282   0.15146  -0.10171   0.03271  -0.06343 
  0.07543  -0.00504  -0.11810   0.03179   0.02984   0.15025  -0.22987  -0.02643   0.02992  -0.17525  -0.20797   0.22619   0.14109   0.04084  -0.21787  -0.03617   0.16266  -0.17587   0.04988  -0.03965 
  0.08165  -0.02457  -0.12562   0.04885   0.01785   0.15788  -0.21189  -0.03374   0.01891  -0.13065  -0.21242   0.21449   0.13142   0.05804  -0.20494  -0.05731   0.16897  -0.14471   0.06197  -0.08397 
  0.07413  -0.00304  -0.11139   0.02612   0.04359   0.16470  -0.25250  -0.05443   0.01144  -0.15577  -0.16973   0.21495   0.11772   0.04829  -0.16565  -0.05341   0.16937  -0.12875   0.02249  -0.04766 
  0.07802  -0.00424  -0.12562   0.03375   0.02380   0.20153  -0.29079  -0.06301   0.00817  -0.14176  -0.23370   0.23509   0.14913   0.01733  -0.23040  -0.00668   0.18010  -0.13842  -0.00501  -0.02163 
  0.08013   0.00368  -0.16862   0.05336   0.04277   0.19138  -0.36030  -0.03386   0.02921  -0.11921  -0.20870   0.19949   0.15817   0.04394  -0.25244  -0.04401   0.17906  -0.15940   0.01600  -0.02811 
  0.09052   0.00263  -0.16765   0.04239   0.02272   0.18967  -0.32493  -0.02077  -0.00372  -0.10338  -0.18450   0.20475   0.14772   0.04616  -0.22523  -0.04997   0.18279  -0.16098  -0.00475  -0.00935 
  0.07567   0.00746  -0.16320   0.05098   0.01482   0.21084  -0.38694  -0.01431  -0.01877  -0.09944  -0.19946   0.21873   0.14157   0.03334  -0.22352  -0.02159   0.15378  -0.13820   0.00569  -0.00852 
  0.06090   0.01607  -0.17057   0.06259   0.02641   0.19272  -0.37914  -0.00381  -0.01064  -0.11618  -0.19710   0.22135   0.10237   0.06474  -0.28635   0.03413   0.12183  -0.12240  -0.00150   0.01401 
  0.04952   0.01185  -0.17768   0.08179   0.02893   0.19176  -0.43881   0.01919  -0.04981  -0.09464  -0.22308   0.24377   0.12374   0.02445  -0.19698  -0.00157   0.09726  -0.09424  -0.02378   0.03291 
  0.03783   0.01185  -0.18470   0.09635   0.02865   0.20484  -0.45413   0.00513  -0.04164  -0.08623  -0.17813   0.21734   0.15159  -0.00650  -0.24709   0.03042   0.09232  -0.08614  -0.03351   0.03891 
  0.04282   0.01275  -0.18470   0.09113   0.04687   0.18538  -0.45913   0.01267   0.01023  -0.03930  -0.25164   0.18224   0.14041  -0.02486  -0.22205   0.05074   0.09701  -0.05491  -0.07244   0.04413 
  0.06041   0.02176  -0.21831   0.08516   0.06248   0.17596  -0.45946   0.00516   0.01717   0.02461  -0.18164   0.09333   0.12614  -0.03561  -0.18843   0.05880  -0.00396  -0.01604  -0.03609   0.04758 
  0.04371   0.04462  -0.18308   0.05880   0.02235   0.18842  -0.43716   0.03171  -0.00203   0.06920  -0.17238   0.05953   0.10014  -0.01339  -0.18566   0.06695  -0.08810   0.01669  -0.04498   0.06813 
  0.00839   0.07174  -0.18268   0.06247   0.01038   0.19472  -0.48605   0.05349   0.03405   0.04668  -0.15804   0.03900   0.03518   0.05217  -0.15005   0.04037  -0.05816   0.04569  -0.07802   0.05447 
  0.00701   0.08301  -0.18713   0.05385   0.05357   0.11532  -0.44129   0.08698   0.02358   0.01829  -0.14966   0.07484   0.00170   0.01712  -0.13178   0.10091  -0.09109   0.03236  -0.03468   0.04826 
  0.00687   0.04343  -0.15975   0.07910   0.09572   0.08759  -0.50352   0.08317  -0.00497   0.04293  -0.13784   0.06993   0.03076   0.03313  -0.16230   0.07722  -0.04509   0.05944  -0.08943   0.04379 
  0.02102   0.05451  -0.18774   0.07248   0.08502   0.09948  -0.51415   0.08746   0.01636  -0.03461  -0.13219   0.11797   0.02248   0.02339  -0.20638   0.12320  -0.04917   0.02593  -0.09223   0.07689 
  0.02369   0.02451  -0.19887   0.10495   0.08120   0.12483  -0.65355   0.09743   0.04807   0.02500  -0.16956   0.05456   0.00343   0.03383  -0.15829   0.09987  -0.02989   0.07392  -0.11373   0.03918 
  0.02833   0.06407  -0.22248   0.07556   0.09310   0.02254  -0.71994   0.18329   0.03896  -0.05287  -0.26908   0.17530   0.06965  -0.05180  -0.30115   0.19053  -0.13657   0.01461  -0.17460   0.16180 
  0.02846  -0.01668  -0.31450   0.18222   0.29319  -0.08889  -0.51121  -0.13661   0.24394  -0.13639  -0.10160  -0.17140   0.24631  -0.07073  -0.07838  -0.27711   0.23605  -0.01786  -0.00006  -0.21893 
  0.24273  -0.07299  -0.11654  -0.17681  -0.43272   0.41898  -1.22138   0.07004  -0.20552   0.25814  -0.69765   0.12343  -0.40601   0.34885  -0.82024   0.06383  -0.58025   0.29820  -0.85397   0.13903 
 -0.35520   0.34120  -0.91990   0.08769   0.54032  -4.10561  -4.10561  -4.10561   0.58158  -4.10561  -4.10561  -4.10561   0.61029  -4.10561  -4.10561  -4.10561   0.76353  -4.10561  -4.10561  -4.10561 
  0.61550  -4.10561  -4.10561  -4.10561  -4.10561  -1.16036   0.59537  -4.10561  -4.10561  -4.10561  -4.10561  -4.10561  -4.10561  -4.10561  -4.10561  -4.10561  -4.10561  -4.10561  -4.10561  -4.10561 
 -4.10561  -1.20705   0.58180  -4.10561  -4.10561  -4.10561  -4.10561  -4.10561   0.20138  -0.02257  -0.29235  -0.04603   0.04716  -0.08010   0.07789  -0.07309  -4.10561  -4.10561  -4.10561  -4.10561 
  0.05599  -0.05315   0.08269  -0.11832  -0.05291   0.03944  -0.18624   0.15412  -0.02090   0.00865  -0.15987   0.12892   0.00298   0.06337  -0.18271   0.08270  -0.03329   0.07607   0.01160  -0.07366 
 -0.01569   0.04711  -0.13382   0.07769   0.06987   0.07669  -0.27205   0.03830   0.01642   0.00949  -0.09927   0.05748   0.01273   0.04841  -0.08714   0.01610   0.03360   0.09507  -0.07327  -0.05568 
  0.02898   0.05707  -0.12106   0.01715   0.01253   0.10151  -0.21852   0.05204   0.03672  -0.01432  -0.03535   0.00768   0.02622   0.03271  -0.05323  -0.01290  -0.04038   0.09850  -0.03585  -0.04647 
  0.01537   0.05229  -0.08026   0.00312   0.01127   0.07517  -0.16502   0.04916  -0.00291   0.00211  -0.04169   0.03972   0.03716   0.05093  -0.06713  -0.03826  -0.04036   0.07463  -0.02182  -0.03140 
  0.00563   0.04759  -0.07020   0.00964   0.00703   0.09465  -0.11152  -0.00866   0.03552  -0.01728   0.01069  -0.03484   0.02591   0.01374  -0.02354  -0.02049  -0.10793   0.11498   0.01242  -0.08187 
  0.00312   0.05065  -0.02399  -0.03712   0.03034   0.03848  -0.07987  -0.00067   0.02150  -0.04338   0.02273  -0.00222   0.06401   0.00029  -0.01208  -0.06896  -0.06425   0.09034   0.00665  -0.06689 
  0.02648   0.01861  -0.01432  -0.03391   0.05602   0.02385  -0.11135   0.00699   0.04493  -0.02945  -0.01394  -0.00695   0.10044   0.00564  -0.08633  -0.04184  -0.06540   0.09841  -0.02861  -0.03890 
  0.05165   0.02288  -0.05977  -0.02102   0.01651   0.05199  -0.05849  -0.01761   0.03142   0.03152  -0.04167  -0.03373   0.02840   0.00930  -0.00563  -0.04000  -0.05921   0.10811   0.00126  -0.08800 
  0.01658   0.04853  -0.02791  -0.04517   0.01371   0.04861  -0.03677  -0.03208   0.03081   0.00053  -0.01445  -0.02232   0.05396   0.00269  -0.00652  -0.06503  -0.07951   0.08139   0.03223  -0.07662 
  0.02116   0.03046  -0.00822  -0.04941  -0.01518   0.06691  -0.03899  -0.01387   0.03870  -0.02417  -0.03292   0.01342   0.07859   0.01357  -0.07750  -0.02967  -0.07418   0.09007  -0.01959  -0.03277 
  0.02343   0.03352  -0.04399  -0.01704  -0.01889   0.05259  -0.00367  -0.03016   0.01900   0.00558  -0.01495  -0.01318   0.03298   0.02586  -0.01275  -0.06117  -0.09371   0.08982   0.01440  -0.05809 
 -0.00277   0.04139  -0.00540  -0.03958  -0.00295   0.05526  -0.03485  -0.01973   0.05158  -0.02728  -0.01448  -0.01731   0.06181   0.02802  -0.04453  -0.06482  -0.04460   0.09328   0.00366  -0.07963 
  0.02885   0.03486  -0.02385  -0.04626  -0.02432   0.04971  -0.02777   0.00575   0.01317   0.00515  -0.02480   0.00389   0.05992   0.03299  -0.07114  -0.03788  -0.04290   0.08249  -0.02273  -0.03828 
  0.01128   0.03971  -0.03803  -0.01734  -0.02902   0.09426  -0.02099  -0.05148   0.02077   0.03457  -0.02431  -0.04198   0.00318   0.04338  -0.01133  -0.05042  -0.08403   0.10134   0.00700  -0.07019 
 -0.01134   0.06623  -0.01364  -0.05401  -0.01305   0.04403  -0.01537  -0.01439   0.03481   0.01184  -0.03521  -0.01981   0.03866   0.04397  -0.03629  -0.06670  -0.05151   0.10436  -0.00272  -0.08296 
  0.01523   0.04877  -0.02538  -0.04673  -0.00495   0.04206  -0.02494  -0.01217   0.00687   0.03347  -0.06072   0.01110   0.03593   0.05165  -0.09073  -0.01250  -0.04951   0.11585  -0.03184  -0.06799 
  0.00743   0.05880  -0.05390  -0.02116  -0.03545   0.08114  -0.01370  -0.03380   0.00561   0.02797   0.00283  -0.04387   0.01846   0.01990   0.00734  -0.05986  -0.09489   0.12042   0.00457  -0.08785 
 -0.01511   0.06064  -0.00140  -0.05656  -0.03314   0.03176   0.01055  -0.00483   0.03960   0.00338  -0.02504  -0.02602   0.06017   0.00628  -0.02870  -0.04995  -0.02861   0.10883  -0.00479  -0.10242 
  0.02089   0.03535  -0.01500  -0.04752  -0.01204   0.06320  -0.04226  -0.01002   0.03723   0.04188  -0.04844  -0.04852   0.05845   0.02130  -0.04749  -0.04603  -0.05696   0.09643  -0.01970  -0.05032 
  0.02009   0.05346  -0.04151  -0.04097  -0.03530   0.06200   0.02574  -0.05696   0.04356   0.01700  -0.03912  -0.03366   0.02606   0.04543  -0.02624  -0.06442  -0.06040   0.11283  -0.00048  -0.09198 
  0.00646   0.05625  -0.01214  -0.06205  -0.03396   0.05507   0.00897  -0.02897   0.04954  -0.03254   0.00823  -0.03324   0.06855   0.01270  -0.03386  -0.06528  -0.04555   0.12142  -0.02881  -0.08167 
  0.02436   0.03511  -0.01268  -0.05401  -0.01838   0.06173  -0.02215  -0.02129   0.01473   0.02718  -0.03427  -0.01477   0.06720   0.01421  -0.04177  -0.05540  -0.05675   0.10340  -0.02518  -0.05376 
  0.01455   0.04877  -0.03287  -0.03773  -0.06608   0.08908   0.04522  -0.08167   0.02466   0.02084  -0.00564  -0.04935   0.02572   0.03102  -0.04019  -0.02468  -0.01582   0.10316   0.00509  -0.11564 
 -0.00221   0.05811   0.00005  -0.06942  -0.03157   0.04874   0.01437  -0.03070   0.03202  -0.00503  -0.01151  -0.02038   0.03701   0.04137  -0.03449  -0.06248  -0.04239   0.07805   0.01270  -0.07159 
  0.01155   0.03790  -0.00795  -0.04815  -0.02525   0.06294  -0.00879  -0.02895  -0.00221   0.01783  -0.02569   0.00750   0.04501   0.02827  -0.04141  -0.04477  -0.08755   0.11357  -0.02741  -0.04724 
 -0.00348   0.05300  -0.02763  -0.02907  -0.06199   0.08757   0.02538  -0.05728   0.03177   0.02423  -0.02557  -0.04134   0.01993   0.04240  -0.04306  -0.03061  -0.09235   0.11793   0.02693  -0.11397 
 -0.01178   0.06555  -0.00567  -0.06205  -0.05483   0.06048   0.01342  -0.01590   0.01296  -0.00023   0.01108  -0.02679   0.04716   0.02507  -0.01909  -0.07175  -0.03013   0.11527  -0.00753  -0.10766 
  0.00326   0.04652  -0.00260  -0.05640  -0.02560   0.06712  -0.01068  -0.03159   0.01615   0.00254  -0.03325   0.01138   0.03917   0.02932  -0.03896  -0.04129  -0.07707   0.10242   0.00312  -0.07126 
  0.00271   0.04711  -0.02259  -0.03361  -0.05533   0.07382   0.03905  -0.06487   0.01029   0.00463  -0.00101  -0.01616   0.00039   0.06358  -0.02565  -0.06068  -0.06570   0.08396   0.03451  -0.09144 
 -0.01847   0.05405   0.01011  -0.05785  -0.01531   0.05172  -0.01306  -0.02308   0.00292  -0.01312   0.01888  -0.00864   0.02348   0.04256  -0.04617  -0.03172  -0.06465   0.10290   0.01417  -0.09275 
 -0.00164   0.04355  -0.00808  -0.04051  -0.03372   0.06892   0.00608  -0.04327  -0.00509   0.01041  -0.00947   0.00337   0.05444   0.03070  -0.03736  -0.06716  -0.07769   0.11100  -0.01164  -0.06600 
 -0.00362   0.05276  -0.01487  -0.04268  -0.05959   0.06357   0.02872  -0.03259   0.01078   0.02321  -0.00469  -0.03566   0.01153   0.03657  -0.02339  -0.03512  -0.07019   0.10110   0.01004  -0.08172 
 -0.01613   0.05381   0.00045  -0.04830  -0.04427   0.06157   0.01383  -0.03014   0.01406   0.01451  -0.02177  -0.01096   0.01637   0.03212  -0.00445  -0.05939  -0.04186   0.10057   0.02643  -0.12068 
 -0.00533   0.04983   0.00084  -0.05528  -0.03110   0.04416  -0.00266  -0.00639   0.01933   0.02276  -0.04735  -0.00240   0.05176   0.02542  -0.04517  -0.04541  -0.05442   0.09790  -0.02148  -0.05185 
  0.00867   0.04557  -0.03188  -0.02817  -0.04828   0.04004   0.05159  -0.04687  -0.02547   0.02997   0.00739  -0.01514   0.01307   0.04243  -0.02201  -0.04773  -0.06909   0.11658   0.01419  -0.11014 
 -0.02571   0.05614   0.01165  -0.05480  -0.02968   0.04178   0.01427  -0.02465   0.04209  -0.00752  -0.00659  -0.03580   0.02689   0.02801   0.00415  -0.07973  -0.04348   0.08705   0.01943  -0.09097 
  0.01100   0.03523   0.00530  -0.05994  -0.00792   0.05471  -0.01670  -0.03223   0.03005   0.01873  -0.02570  -0.03188   0.04539   0.05077  -0.07777  -0.03726  -0.07131   0.11221  -0.02473  -0.05733 
  0.01482   0.05672  -0.03832  -0.04268  -0.05927   0.07719   0.03353  -0.05704   0.01330   0.02800  -0.00181  -0.04837   0.01099   0.05680  -0.02825  -0.05992  -0.08968   0.09685   0.02450  -0.08172 
 -0.01788   0.06167   0.00517  -0.06303  -0.03200   0.06713   0.00529  -0.04218   0.03414  -0.00727  -0.01606  -0.01576   0.05124   0.01744  -0.00715  -0.08259  -0.02115   0.07585   0.01711  -0.08826 
  0.01847   0.03474  -0.00326  -0.05769  -0.05490   0.06059  -0.00413   0.00355  -0.00092   0.02581  -0.04670   0.01620   0.07088   0.00670  -0.04722  -0.04333  -0.05624   0.09638  -0.00894  -0.06216 
  0.00159   0.04450  -0.02904  -0.02220  -0.05147   0.06152   0.02721  -0.03780   0.00533   0.02851  -0.01042  -0.02957   0.02134   0.05485  -0.03230  -0.06541  -0.06099   0.12017  -0.00074  -0.10219 
 -0.01409   0.06487  -0.00540  -0.05881  -0.04519   0.05070   0.02186  -0.02545   0.02648   0.01654  -0.01142  -0.03971   0.03144   0.04020  -0.01883  -0.07348  -0.03947   0.08755   0.00553  -0.07748 
  0.00424   0.04652  -0.00380  -0.05608  -0.03697   0.05623   0.01551  -0.03452   0.00196   0.02437  -0.02481  -0.00571   0.06021   0.01199  -0.06454  -0.01591  -0.04735   0.10065  -0.01291  -0.06896 
  0.00507   0.04569  -0.02385  -0.03300  -0.05991   0.05698   0.05274  -0.05543  -0.00447   0.03488   0.00679  -0.04514   0.01007   0.04371  -0.02664  -0.03999  -0.07670   0.11389   0.00899  -0.09466 
 -0.02363   0.06075   0.00920  -0.06043  -0.02626   0.04895   0.01793  -0.04207   0.02360   0.00971  -0.00488  -0.03454   0.04721  -0.00864   0.01523  -0.06953  -0.05350   0.07897   0.01954  -0.07386 
  0.01073   0.02959   0.00933  -0.05721  -0.04031   0.08762  -0.00518  -0.04628   0.01934   0.00859  -0.00892  -0.02346   0.05318   0.01693  -0.05926  -0.01898  -0.05672   0.11090  -0.00357  -0.08789 
  0.00646   0.05264  -0.02134  -0.04642  -0.04554   0.05664   0.05722  -0.08003   0.01306   0.02626  -0.00114  -0.04651   0.03242   0.03284  -0.01582  -0.06711  -0.10404   0.11323   0.01973  -0.09054 
 -0.01005   0.05486   0.01294  -0.07207  -0.05884   0.05712   0.02385  -0.01958   0.04136  -0.02502   0.00677  -0.02918   0.06829   0.02541  -0.04955  -0.06429  -0.04827   0.06730   0.02615  -0.07029 
  0.01658   0.02786  -0.00140  -0.04878  -0.03230   0.04283   0.00957  -0.01717   0.00689   0.00709  -0.01512  -0.00059   0.06994   0.00960  -0.05993  -0.03121  -0.06835   0.10484  -0.01433  -0.06024 
