IntronPotTab 1 1024 -16.58406 2.39728 14.53009 5284 6 16  705.28
   -0.01389
    0.00999
    0.01462
    0.00596
   -0.01880
    0.00841
   -0.03895
    0.02725
   -0.01588
    0.00866
    0.00880
    0.01244
   -0.04051
   -0.00392
    0.02967
    0.02035
   -0.02886
    0.00564
    0.01992
    0.02980
   -0.00606
   -0.01211
   -0.02016
    0.02121
   -0.01357
   -0.00976
    0.01903
    0.01101
   -0.03954
   -0.02002
    0.07668
    0.01050
   -0.01514
    0.00760
   -0.01168
    0.03287
   -0.01844
   -0.01700
   -0.05191
    0.03753
   -0.01501
    0.01363
    0.01934
   -0.00097
   -0.02337
   -0.02452
    0.00150
    0.02240
   -0.02708
    0.02322
    0.02024
    0.01281
   -0.03266
    0.00421
   -0.02448
    0.03935
   -0.02005
    0.01615
    0.00010
    0.01600
   -0.05869
    0.01861
    0.04576
    0.01268
   -0.01819
   -0.01185
    0.02396
    0.02034
   -0.02639
   -0.00206
   -0.00349
    0.03824
   -0.02973
   -0.01877
   -0.01898
    0.05423
   -0.03985
   -0.02110
    0.02476
    0.02636
   -0.01708
   -0.03131
    0.01650
    0.03273
   -0.03873
    0.01293
   -0.04292
    0.04630
    0.01217
   -0.08480
   -0.01595
    0.03268
   -0.04820
   -0.00798
    0.00588
    0.03386
    0.00638
   -0.04816
    0.01342
    0.00944
    0.01528
   -0.01764
   -0.14280
    0.04390
   -0.00288
   -0.07897
    0.03287
    0.02592
   -0.01116
   -0.04733
   -0.02111
    0.04375
   -0.02854
   -0.00938
    0.04839
    0.01516
   -0.02404
   -0.02468
   -0.02063
    0.04367
    0.00044
   -0.04922
   -0.00658
    0.03194
   -0.04000
   -0.00573
    0.03415
    0.00729
   -0.01763
    0.01856
   -0.02829
    0.04720
   -0.00534
    0.00943
   -0.08731
    0.03101
   -0.02779
    0.00378
   -0.00455
    0.05033
   -0.02684
   -0.00860
    0.01598
    0.01327
   -0.03545
    0.00696
   -0.00598
    0.04265
   -0.02608
   -0.00197
   -0.08381
    0.05393
   -0.05126
   -0.00722
   -0.01529
    0.06969
   -0.02938
   -0.05437
    0.04908
    0.02181
   -0.01220
   -0.00545
   -0.01337
    0.03254
   -0.03017
   -0.01356
   -0.05234
    0.05450
   -0.00596
   -0.02491
    0.01329
    0.00900
   -0.06852
   -0.01838
   -0.00496
    0.05088
   -0.03504
   -0.00386
    0.03791
    0.01620
   -0.03939
   -0.00010
   -0.05964
    0.05762
   -0.02976
    0.01314
   -0.00060
    0.02870
   -0.04306
    0.01222
   -0.01648
    0.02741
   -0.02639
    0.01910
    0.02066
    0.01495
   -0.03529
    0.00127
   -0.01386
    0.04680
   -0.03376
   -0.00637
    0.02594
    0.02759
   -0.05682
    0.03064
    0.04837
    0.02505
   -0.02798
   -0.00987
    0.02966
    0.02743
   -0.03162
    0.00293
   -0.03429
    0.04386
   -0.00184
   -0.04503
    0.03037
    0.00329
   -0.04984
   -0.03691
    0.09134
    0.01884
   -0.01209
   -0.02018
    0.00212
    0.02226
   -0.05329
    0.00373
   -0.02706
    0.06274
   -0.01978
   -0.01415
    0.01106
    0.02346
   -0.04630
   -0.04044
    0.00805
    0.04102
   -0.04404
    0.02859
    0.04896
    0.01034
   -0.04264
   -0.00211
   -0.04258
    0.05133
   -0.03078
    0.01000
    0.02010
    0.01757
   -0.04624
    0.03313
    0.02142
    0.00428
   -0.01011
    0.00659
    0.00439
    0.00662
   -0.03301
    0.00945
   -0.03596
    0.03935
   -0.02989
   -0.01215
    0.00548
    0.03640
   -0.03464
   -0.01332
    0.01515
    0.02321
   -0.03053
    0.00765
    0.02777
    0.02034
   -0.03318
    0.02231
   -0.09907
    0.05615
   -0.01411
   -0.02561
    0.04042
    0.00641
   -0.03135
   -0.01784
    0.01972
    0.02135
   -0.01712
    0.00499
   -0.03089
    0.04288
   -0.03469
    0.00970
   -0.05417
    0.04289
   -0.00370
   -0.01886
    0.03101
   -0.00510
   -0.03089
   -0.04740
   -0.01628
    0.04614
   -0.02834
   -0.00308
    0.02481
    0.01697
   -0.04128
   -0.01249
   -0.03838
    0.05942
   -0.02795
    0.01564
   -0.00714
    0.02285
   -0.04043
   -0.00646
    0.01125
    0.01797
   -0.02140
   -0.01984
    0.02706
    0.02939
   -0.01436
   -0.01104
   -0.04053
    0.03743
   -0.00958
   -0.01641
   -0.06384
    0.05638
   -0.03355
   -0.01471
    0.00496
    0.02644
   -0.00852
   -0.01481
   -0.00651
    0.02265
   -0.03081
    0.04103
   -0.13300
    0.03024
   -0.01856
   -0.03003
   -0.01710
    0.04923
   -0.06100
   -0.03971
    0.04007
    0.04540
    0.02095
   -0.04860
   -0.00161
    0.01040
    0.02718
   -0.05106
   -0.11687
    0.06320
   -0.00392
   -0.13097
    0.01590
    0.08025
   -0.00007
   -0.09878
    0.01824
    0.04573
   -0.02573
   -0.02646
    0.04928
    0.02215
   -0.01285
   -0.01677
   -0.06610
    0.03787
   -0.04528
   -0.01207
   -0.01111
    0.06313
   -0.03626
   -0.04430
    0.03649
    0.02601
   -0.02261
    0.01164
   -0.02306
    0.04237
    0.00139
    0.02399
   -0.13975
    0.06307
   -0.04036
    0.00726
    0.01672
    0.03198
   -0.03796
   -0.04006
    0.00175
    0.05013
   -0.03991
    0.02201
   -0.03735
    0.04494
    0.00639
    0.07464
   -0.21308
    0.06981
   -0.00370
   -0.00766
   -0.05445
    0.03944
   -0.03398
   -0.02490
    0.01005
    0.02796
   -0.00818
   -0.01546
   -0.06172
    0.07087
    0.05381
    0.02155
   -0.22275
    0.06940
   -0.01209
   -0.03183
    0.00231
    0.02680
    0.00169
   -0.08161
   -0.04365
    0.06319
   -0.03160
   -0.00694
   -0.00320
    0.03831
   -0.03558
    0.02987
   -0.12698
    0.08272
   -0.04099
   -0.04783
    0.00943
    0.05046
   -0.04053
    0.00954
   -0.01903
    0.02604
   -0.03055
    0.01262
    0.00548
    0.03032
   -0.03243
   -0.00572
   -0.08568
    0.05588
   -0.02442
   -0.01891
    0.01556
    0.02795
   -0.04183
   -0.01491
    0.02768
    0.02431
   -0.02806
   -0.00944
    0.01222
    0.03467
   -0.03208
    0.03559
   -0.10326
    0.03612
   -0.03592
   -0.11115
    0.01879
    0.07044
   -0.04829
   -0.00603
    0.06681
    0.00814
   -0.01645
   -0.03003
   -0.02552
    0.04521
   -0.03120
   -0.02941
   -0.07461
    0.06050
   -0.02326
   -0.04789
    0.03636
    0.02843
   -0.03098
   -0.05963
   -0.02344
    0.05210
   -0.03307
    0.00127
    0.02644
    0.02023
   -0.02073
   -0.01109
   -0.05660
    0.03381
   -0.03495
   -0.00710
   -0.00561
    0.04230
   -0.03209
   -0.00798
    0.00855
    0.01496
   -0.03481
    0.02904
   -0.00876
    0.04224
   -0.03905
   -0.00527
   -0.02809
    0.05102
   -0.05211
   -0.00570
   -0.00828
    0.08592
   -0.03893
   -0.01474
    0.00656
    0.03054
   -0.03899
    0.03717
    0.01010
    0.02285
   -0.01385
   -0.01164
   -0.00701
    0.02715
   -0.00369
   -0.04884
   -0.02910
    0.04161
   -0.04303
   -0.04228
    0.08578
    0.00986
   -0.00981
    0.01598
   -0.02075
    0.02674
    0.00171
   -0.02375
   -0.08605
    0.02901
   -0.01585
   -0.00859
    0.02080
    0.01128
   -0.01975
   -0.03418
   -0.01026
    0.02736
   -0.02400
    0.01255
   -0.00310
    0.01975
   -0.02964
   -0.03296
   -0.06354
    0.07214
   -0.03765
    0.02004
    0.00213
    0.03639
   -0.03479
   -0.01694
    0.01151
    0.02013
   -0.02376
    0.00130
   -0.01304
    0.03850
   -0.03019
   -0.03145
   -0.02471
    0.06650
   -0.02177
   -0.04339
   -0.02722
    0.07441
   -0.02575
   -0.02313
   -0.00001
    0.03143
   -0.01840
   -0.03635
   -0.00521
    0.04348
   -0.02002
    0.02210
   -0.12720
    0.03794
   -0.00594
   -0.08243
   -0.02758
    0.08264
   -0.03418
   -0.03918
    0.01276
    0.03776
    0.00780
   -0.09230
   -0.03942
    0.06956
    0.05585
   -0.05948
   -0.15800
    0.05240
    0.00425
   -0.08908
    0.02813
    0.04935
   -0.02619
   -0.07561
   -0.00154
    0.05178
   -0.02807
   -0.03862
    0.03383
    0.03074
   -0.00850
   -0.02828
   -0.06113
    0.04565
   -0.00313
   -0.08085
   -0.03267
    0.08882
   -0.01186
   -0.04608
    0.01665
    0.02483
   -0.01354
    0.02373
   -0.03521
    0.04312
   -0.02346
   -0.02085
   -0.09520
    0.07212
   -0.02190
   -0.04302
    0.00039
    0.05475
   -0.01967
   -0.02448
   -0.01331
    0.03300
   -0.03564
   -0.01756
   -0.02034
    0.05793
   -0.02760
   -0.00418
   -0.11026
    0.07284
   -0.02930
    0.01498
   -0.06023
    0.08163
   -0.03310
   -0.04771
    0.01633
    0.03316
   -0.02189
    0.01901
   -0.00891
    0.02987
   -0.01513
    0.00823
   -0.07403
    0.03278
   -0.02866
   -0.02864
    0.00074
    0.04853
   -0.04933
   -0.05150
    0.01052
    0.03658
   -0.04848
   -0.02375
    0.03409
    0.03909
   -0.02677
   -0.02772
   -0.07705
    0.07349
   -0.04836
    0.00349
    0.00806
    0.04133
   -0.03253
   -0.01127
   -0.02033
    0.03407
   -0.03066
    0.01321
    0.00012
    0.03117
   -0.02657
   -0.02978
   -0.04195
    0.05635
   -0.04044
   -0.00864
    0.00723
    0.04362
   -0.04996
   -0.00186
    0.02073
    0.02764
   -0.02860
   -0.01341
    0.04108
    0.02310
   -0.02857
   -0.00349
   -0.06091
    0.05013
   -0.03291
   -0.05168
    0.00099
    0.05147
   -0.04048
   -0.04213
    0.07000
    0.02176
   -0.01141
   -0.01256
   -0.03015
    0.03681
   -0.04370
   -0.01590
   -0.04519
    0.06431
   -0.01674
   -0.03153
    0.00104
    0.03393
   -0.05303
   -0.03835
    0.00945
    0.04070
   -0.03292
    0.01090
    0.01222
    0.01965
   -0.03532
   -0.02223
   -0.08962
    0.06760
   -0.02661
    0.01232
    0.00114
    0.02254
   -0.05348
    0.02137
    0.01469
    0.01318
   -0.01395
    0.01635
    0.02310
    0.00046
   -0.03263
    0.00472
   -0.03172
    0.03899
   -0.02496
    0.03812
   -0.00964
    0.01541
   -0.03999
    0.02532
    0.03780
    0.00496
   -0.02976
   -0.01280
    0.01884
    0.03525
   -0.02409
    0.01520
   -0.03336
    0.02686
   -0.02562
   -0.00573
    0.01460
    0.02184
   -0.06471
   -0.00775
    0.07220
    0.01859
   -0.01935
    0.00753
   -0.00725
    0.02680
   -0.04875
    0.02066
   -0.04229
    0.04291
    0.00640
   -0.02024
    0.01743
   -0.00931
   -0.04154
   -0.01254
    0.00327
    0.02638
   -0.01003
    0.03913
    0.04480
   -0.01672
   -0.04614
    0.01339
   -0.04784
    0.05509
   -0.03200
    0.02818
    0.01895
    0.00781
   -0.04333
    0.02897
    0.03508
    0.00235
   -0.03106
   -0.01230
    0.02993
    0.03017
   -0.03917
   -0.01848
   -0.00597
    0.05087
   -0.03065
   -0.01197
   -0.03953
    0.05762
   -0.05349
   -0.02609
    0.03620
    0.03025
   -0.02359
   -0.02995
    0.01132
    0.03754
   -0.02793
    0.00850
   -0.07599
    0.03598
   -0.00461
   -0.10575
   -0.05822
    0.08473
   -0.04528
   -0.05528
    0.05549
    0.03784
   -0.01140
   -0.06940
    0.00018
    0.04619
   -0.05062
   -0.04460
   -0.08086
    0.09525
   -0.01828
   -0.04044
   -0.02632
    0.04971
   -0.01269
   -0.08293
   -0.01388
    0.05474
   -0.03817
   -0.01047
    0.04842
    0.02254
   -0.03344
   -0.02595
   -0.06475
    0.04704
   -0.03015
   -0.03452
   -0.01695
    0.05565
   -0.01954
   -0.04273
    0.03340
    0.01922
   -0.01360
    0.00721
   -0.01531
    0.02684
   -0.04161
    0.00512
   -0.04989
    0.06226
   -0.03607
    0.01626
    0.00754
    0.03157
   -0.04144
   -0.02392
   -0.00079
    0.04089
   -0.03192
    0.02602
   -0.05242
    0.04377
   -0.03642
   -0.02214
   -0.07878
    0.06690
   -0.05019
   -0.00246
    0.00386
    0.04740
   -0.04199
   -0.03747
    0.02624
    0.02899
   -0.01250
   -0.02901
   -0.02316
    0.04411
   -0.02300
   -0.01490
   -0.11909
    0.06146
   -0.01141
   -0.02762
   -0.00441
    0.02589
   -0.03849
   -0.02725
   -0.02997
    0.04709
   -0.02498
    0.01135
    0.02374
    0.00685
   -0.04950
    0.00458
   -0.05539
    0.06454
   -0.02841
    0.03003
    0.00850
    0.00771
   -0.04910
    0.01527
   -0.00946
    0.02401
   -0.03524
    0.04468
    0.03224
    0.01065
   -0.04143
   -0.01192
   -0.03608
    0.05671
   -0.02508
    0.01145
    0.00142
    0.02079
   -0.05250
    0.02652
    0.04013
    0.00807
   -0.04236
   -0.01065
    0.04473
    0.03731
   -0.03785
    0.00506
   -0.04088
    0.04000
   -0.02386
   -0.06756
    0.01029
    0.04096
   -0.03896
   -0.03856
    0.11420
    0.00264
   -0.01972
   -0.01190
    0.01018
    0.02273
   -0.04530
    0.00180
   -0.05510
    0.05204
   -0.03021
   -0.00899
    0.01222
    0.02722
   -0.04670
   -0.03639
    0.00967
    0.03372
   -0.04251
    0.02513
    0.02619
    0.02033
   -0.04175
    0.00772
   -0.02605
    0.03284
   -0.03025
    0.00346
    0.01164
    0.02064
   -0.04147
    0.01554
    0.04314
   -0.00225
