6 20 5 1 45 -2.3675 1.8586 3.1663 5248
 -0.09087  -0.02964  -0.01772   0.09338  -0.06616  -0.00763  -0.03727   0.09014  -0.06212  -0.07215  -0.01142   0.09485  -0.05482  -0.04324   0.00885   0.07078  -0.08764  -0.04192   0.00591   0.06311 
 -0.08371  -0.03405  -0.00098   0.08380  -0.08425  -0.01052  -0.06745   0.11743  -0.09092  -0.01102  -0.05078   0.09926  -0.04071  -0.05216  -0.03591   0.08480  -0.08367  -0.02854   0.02195   0.04972 
 -0.08907  -0.02041  -0.01242   0.08682  -0.09294  -0.00303  -0.03300   0.10933  -0.07643  -0.01590  -0.01474   0.08298  -0.04361  -0.03686  -0.05754   0.09198  -0.07099  -0.02038  -0.00980   0.05359 
 -0.08638  -0.01295  -0.02039   0.08521  -0.05390  -0.01428  -0.05838   0.08961  -0.08050  -0.12024  -0.15104   0.14938  -0.02286   0.00082  -0.11338   0.08247  -0.07947  -0.03248   0.00197   0.05747 
 -0.07318  -0.03295  -0.04241   0.09160  -0.07760  -0.02104  -0.07158   0.11708  -0.04555  -0.08252  -0.18120   0.11614  -0.05973   0.01924  -0.06334   0.08627  -0.09809  -0.01426   0.01629   0.05378 
 -0.08817  -0.01826  -0.03071   0.09220  -0.08910   0.05722  -0.02005   0.07695  -0.08717  -0.02387  -0.16181   0.12114  -0.03185  -0.05044  -0.13691   0.11876  -0.07366  -0.06153   0.02203   0.05633 
 -0.08668  -0.01666  -0.02471   0.08842  -0.08036  -0.01398   0.00490   0.08754  -0.06347  -0.06218  -0.04887   0.09986  -0.05462  -0.05233  -0.13134   0.13594  -0.10456  -0.01831   0.02053   0.05652 
 -0.09298  -0.02473  -0.00979   0.09001  -0.04730  -0.02083  -0.00561   0.06428  -0.05870  -0.03233  -0.17205   0.10540  -0.06107   0.00434  -0.13128   0.12102  -0.13646   0.00029   0.05263   0.04948 
 -0.09208  -0.00510  -0.00458   0.07995  -0.08145   0.02866  -0.01809   0.08168  -0.05581  -0.02546  -0.09993   0.08829  -0.07990   0.03575  -0.06851   0.09820  -0.10397  -0.05196   0.08003   0.04091 
 -0.09480  -0.00822   0.01761   0.07401  -0.08436  -0.01902  -0.03538   0.10895  -0.04032  -0.04280  -0.15577   0.09267  -0.07202   0.02303  -0.04875   0.08828  -0.09113  -0.04602   0.05058   0.04685 
 -0.08668  -0.02310  -0.00252   0.08239  -0.09438   0.00089   0.00855   0.09227  -0.04892  -0.00177  -0.11783   0.07499  -0.04708  -0.07864  -0.01181   0.08776  -0.10245   0.02163   0.03497   0.03320 
 -0.09178   0.00312   0.01217   0.06965  -0.06257  -0.04023  -0.02430   0.09343  -0.08986  -0.06630  -0.08143   0.12657  -0.05543   0.00274  -0.04331   0.08006  -0.10987  -0.03899   0.02527   0.06434 
 -0.09057  -0.03295  -0.00718   0.09041  -0.06736   0.02913  -0.06059   0.08583  -0.05546  -0.10025  -0.15540   0.12610  -0.07904  -0.01239  -0.12660   0.13916  -0.10851  -0.00713   0.03622   0.04726 
 -0.09329  -0.00927  -0.02525   0.09021  -0.06827  -0.04339  -0.08676   0.12182  -0.10494  -0.13122  -0.07556   0.15669  -0.08233   0.03683  -0.10853   0.11609  -0.08078  -0.02011   0.04149   0.03632 
 -0.09389  -0.03019  -0.02201   0.09712  -0.06857   0.02649  -0.07258   0.09236  -0.08579  -0.02991  -0.20205   0.12823  -0.05561  -0.04292  -0.04175   0.09726  -0.10075  -0.06512   0.05332   0.05674 
 -0.09359  -0.02745  -0.00770   0.09061  -0.07070   0.00988  -0.07962   0.10309  -0.02109  -0.08113  -0.18669   0.09658  -0.06484  -0.01187  -0.08800   0.11359  -0.08580  -0.01567   0.03806   0.03874 
 -0.07841  -0.01507  -0.02525   0.08239  -0.09605   0.05112  -0.06635   0.10321  -0.06836  -0.07674  -0.16501   0.12864  -0.03567   0.00568  -0.04471   0.06128  -0.09175  -0.05040   0.07093   0.03895 
 -0.09057  -0.01507   0.00107   0.08056  -0.06917   0.04464  -0.09409   0.09301  -0.07167  -0.14040  -0.09691   0.14136  -0.04908  -0.06599  -0.09677   0.12324  -0.08420  -0.06480   0.07180   0.03982 
 -0.08223  -0.04359  -0.00822   0.08902  -0.05460   0.02079  -0.06679   0.07990  -0.04817  -0.08961  -0.17056   0.11916  -0.06940  -0.01859  -0.06487   0.11006  -0.07958  -0.01168   0.04469   0.03089 
 -0.07666  -0.01295  -0.01294   0.07566  -0.05336  -0.02834  -0.11739   0.11404  -0.10661  -0.07886  -0.20120   0.15929  -0.01334   0.00749  -0.10660   0.06752  -0.07835  -0.04767   0.06105   0.03606 
 -0.07347  -0.03572  -0.02962   0.08822  -0.07998  -0.00610  -0.07984   0.11665  -0.10216  -0.14726  -0.15262   0.17104  -0.04461  -0.01966  -0.07955   0.09613  -0.04093  -0.08363   0.02810   0.04392 
 -0.07666  -0.05975  -0.02743   0.09790  -0.03923   0.08103  -0.19230   0.07989  -0.06522  -0.17487  -0.13702   0.15291  -0.01583  -0.05788  -0.16021   0.11548  -0.04725  -0.02537   0.00356   0.03748 
 -0.05563  -0.01720  -0.07524   0.08461  -0.05297   0.04093  -0.16534   0.10239  -0.05805  -0.13072  -0.21504   0.14576  -0.00752  -0.05397  -0.15092   0.10331  -0.04842  -0.06337   0.03379   0.03862 
 -0.05646  -0.03907  -0.06264   0.08902  -0.06685   0.05742  -0.17214   0.10961  -0.11990  -0.12407  -0.10941   0.16878  -0.03235   0.05370  -0.12912   0.07431  -0.08514  -0.08585   0.03557   0.06395 
 -0.08757  -0.02691  -0.05039   0.10179  -0.04669   0.06028  -0.16479   0.08843  -0.13403  -0.14407  -0.18724   0.19241   0.05335  -0.05195  -0.12914   0.02731  -0.04367  -0.06847   0.02891   0.03999 
 -0.05591  -0.03795  -0.05502   0.08562  -0.03381   0.07691  -0.22448   0.08518  -0.10939  -0.13302  -0.15039   0.17104  -0.00264  -0.05169  -0.18020   0.10808  -0.06888  -0.04183   0.03279   0.04233 
 -0.06319  -0.01880  -0.07403   0.09021  -0.05108   0.10956  -0.18111   0.07424  -0.11166  -0.14435  -0.14519   0.17482  -0.02811  -0.13067  -0.07447   0.11633  -0.08633  -0.07171   0.04450   0.05607 
 -0.08105  -0.03019  -0.04298   0.09614  -0.07419   0.07164  -0.25814   0.13067  -0.12099  -0.11400  -0.15816   0.17325  -0.06097  -0.19010  -0.17873   0.19111  -0.09506  -0.03962   0.07502   0.03461 
 -0.09999  -0.03295  -0.05154   0.11212  -0.08012   0.08706  -0.19812   0.11491  -0.13395  -0.08952  -0.18120   0.17601  -0.01432  -0.07767  -0.10072   0.09849  -0.14314  -0.04814   0.05255   0.06993 
 -0.11436  -0.01666  -0.04016   0.11136  -0.11594   0.08525  -0.20857   0.14513  -0.14035  -0.05271  -0.15530   0.16409  -0.14078  -0.03281  -0.06560   0.16447  -0.14239  -0.05736   0.06072   0.06903 
 -0.14941  -0.01032  -0.03016   0.12552  -0.04516   0.04003  -0.27361   0.12240  -0.11104  -0.06853  -0.11590   0.14675  -0.04406  -0.03876  -0.09644   0.10973  -0.14558  -0.05663   0.05113   0.07435 
 -0.10963  -0.02636  -0.04298   0.11287  -0.08691   0.07125  -0.21012   0.12989  -0.10410  -0.11783  -0.19674   0.16942  -0.14231  -0.06814  -0.05605   0.17242  -0.18852  -0.06395   0.04426   0.09564 
 -0.14838  -0.03184  -0.04072   0.13567  -0.08620   0.05839  -0.31682   0.15633  -0.14723  -0.05669   0.00827   0.14188  -0.14895  -0.00855  -0.01389   0.13984  -0.22959  -0.05593   0.04997   0.10436 
 -0.17676  -0.01560  -0.02201   0.13852  -0.09599   0.05848  -0.39880   0.17604  -0.13366  -0.09641  -0.06923   0.16194  -0.17882  -0.14582   0.01314   0.18453  -0.23714  -0.05760   0.09905   0.08566 
 -0.18715  -0.04076   0.00209   0.14347  -0.10972   0.04577  -0.33475   0.18001  -0.16812  -0.06782  -0.05070   0.16820  -0.17447  -0.09160  -0.03610   0.18897  -0.28030  -0.08947   0.09013   0.11184 
 -0.21308  -0.04872  -0.00046   0.15834  -0.10672   0.03970  -0.37998   0.18693  -0.17588  -0.07375  -0.22214   0.19723  -0.22121  -0.04119  -0.02500   0.19373  -0.24762  -0.02078   0.05654   0.09592 
 -0.21628  -0.01137  -0.02962   0.15749  -0.13751   0.04798  -0.63788   0.22890  -0.18879  -0.09721  -0.13712   0.20018  -0.12819  -0.07273  -0.02802   0.15393  -0.29303  -0.09847   0.06071   0.12980 
 -0.22562  -0.05449  -0.04411   0.17860  -0.09288  -0.00502  -0.55856   0.21196  -0.17239  -0.14083  -0.14229   0.20517  -0.14117  -0.04963  -0.07195   0.17227  -0.28195  -0.05586   0.05581   0.11706 
 -0.21467  -0.04814  -0.04241   0.17189  -0.11840   0.03616  -0.51735   0.21156  -0.16074  -0.12283  -0.16600   0.19774  -0.17454  -0.11543   0.01412   0.17439  -0.26349  -0.01898   0.03628   0.10820 
 -0.21748  -0.02582  -0.04241   0.16642  -0.09070   0.00679  -0.76149   0.22152  -0.09554  -0.11467  -0.21576   0.16558  -0.16987  -0.11543  -0.00325   0.17942  -0.24543  -0.04261   0.08513   0.08994 
 -0.18791  -0.04359  -0.03016   0.15527  -0.07326   0.04414  -0.73675   0.19742  -0.13139   0.03531  -0.14476   0.12172  -0.17981  -0.07654  -0.06223   0.19739  -0.28570  -0.00946   0.10835   0.07966 
 -0.19973   0.00969  -0.02417   0.14136  -0.12799   0.04387  -0.68824   0.22828  -0.15322  -0.12516  -0.17368   0.19558  -0.15247  -0.06534  -0.03652   0.16985  -0.20924  -0.05807   0.11172   0.07026 
 -0.18828  -0.03964  -0.02309   0.15201  -0.07289  -0.04528  -0.83637   0.22786  -0.07813  -0.10828  -0.09388   0.13524  -0.10313  -0.03787  -0.04376   0.13299  -0.27614  -0.05024   0.08319   0.10226 
 -0.17166  -0.04814  -0.04016   0.15218  -0.14684   0.00587  -0.61249   0.24409  -0.14558  -0.17743  -0.17496   0.20524  -0.17915  -0.08905  -0.06222   0.20032  -0.29029  -0.01880   0.04747   0.11110 
 -0.22603  -0.03739  -0.06620   0.18005  -0.20326  -0.20462  -0.90766   0.32396  -0.25109  -0.17932  -0.33541   0.26400  -0.19520  -0.17278  -0.18769   0.26167  -0.47707  -0.27339  -0.07967   0.23773 
 -0.33519  -0.21935  -0.19031   0.27831   0.08975  -0.09544  -0.14810  -0.02163  -0.02154  -0.23706   0.23926   0.03663  -0.04583  -0.17957   0.25609  -0.11254  -0.16539  -0.30445   0.41833  -0.16318 
 -0.11883  -0.23668   0.36186  -0.08674  -0.67652   0.65593  -0.99453  -0.07793  -0.52610   0.49558  -1.06471  -0.08431  -0.78876   0.67899  -1.36892  -0.13171  -0.94364   0.58822  -1.11397  -0.12292 
 -0.74058   0.61915  -1.13491  -0.12222   0.40909  -3.72008  -3.72008  -3.72008   0.42437  -3.72008  -3.72008  -3.72008   0.44412  -3.72008  -3.72008  -3.72008   0.58446  -3.72008  -3.72008  -3.72008 
  0.46978  -3.72008  -3.72008  -3.72008  -3.72008  -0.88194   0.78536  -3.72008  -3.72008  -3.72008  -3.72008  -3.72008  -3.72008  -3.72008  -3.72008  -3.72008  -3.72008  -3.72008  -3.72008  -3.72008 
 -3.72008  -0.93597   0.78339  -3.72008  -3.72008  -3.72008  -3.72008  -3.72008   0.15745  -0.16182   0.17831  -0.26267  -0.17663  -0.16069   0.44141  -0.37708  -3.72008  -3.72008  -3.72008  -3.72008 
 -0.14088  -0.19218   0.51172  -0.42737  -0.19626  -0.05612   0.05543   0.16039  -0.14679   0.04800  -0.08890   0.11599  -0.14896   0.03422  -0.04989   0.13952  -0.25016  -0.09598   0.19424   0.04929 
 -0.14803  -0.01720   0.04292   0.09985   0.00862   0.00426  -0.02972   0.00200   0.00656  -0.07792   0.08592   0.00663  -0.04709   0.04782   0.06629  -0.01809  -0.07951  -0.05736   0.18482  -0.03534 
 -0.04603  -0.02256   0.11578  -0.00922  -0.04292   0.09240   0.06660  -0.03499  -0.03367   0.03288   0.12675  -0.02550  -0.03887   0.08068   0.16949  -0.15923  -0.17668   0.05300   0.29247  -0.14055 
 -0.07117   0.06516   0.19482  -0.09488  -0.04719   0.02333   0.06023   0.01165  -0.09143   0.09163   0.20359  -0.04121  -0.04053   0.12928   0.08351  -0.09844  -0.17162   0.03723   0.18207  -0.02737 
 -0.07030   0.06955   0.12356  -0.04111  -0.05803   0.03935   0.12430  -0.02633  -0.00593  -0.05664   0.10521   0.00346  -0.04072   0.03650   0.16447  -0.11523  -0.13340   0.00573   0.22675  -0.06801 
 -0.05619   0.01019   0.16819  -0.05339  -0.06053  -0.02339   0.26143  -0.12100   0.02798  -0.02669   0.17529  -0.08639  -0.00015   0.07966   0.14252  -0.18765  -0.20112   0.07326   0.33020  -0.19238 
 -0.05039   0.03121   0.25289  -0.15697  -0.01101   0.01014   0.16902  -0.11268  -0.08899   0.08880   0.12507  -0.00726   0.00641   0.12613   0.07814  -0.16342  -0.15528   0.08941   0.17667  -0.06092 
 -0.03004   0.07605   0.14130  -0.10133  -0.07535   0.05592   0.15097  -0.03591  -0.00543  -0.03804   0.02386   0.01955  -0.01590   0.07227   0.10355  -0.10843  -0.20900   0.01499   0.25177  -0.05651 
 -0.05925   0.02786   0.15656  -0.05118  -0.07844   0.06362   0.25104  -0.13876  -0.01012  -0.10670   0.21073  -0.01118  -0.00528   0.08934   0.14362  -0.18877  -0.17552   0.09754   0.30122  -0.18690 
 -0.06178   0.05126   0.24070  -0.14314  -0.07334   0.04172   0.14929  -0.02893  -0.08336   0.05854   0.11987   0.00999   0.02790   0.11627   0.05277  -0.16543  -0.18283   0.06373   0.20268  -0.05248 
 -0.04930   0.06911   0.13421  -0.06946  -0.08668   0.06206   0.17593  -0.04734   0.01631  -0.09399   0.09465   0.00001  -0.01635   0.03755   0.15106  -0.13610  -0.19705  -0.02391   0.27595  -0.06634 
 -0.06122   0.00057   0.19449  -0.06489  -0.07907   0.06046   0.21849  -0.09725  -0.00842  -0.02264   0.22534  -0.06600  -0.02839   0.07046   0.15949  -0.15374  -0.17632   0.02795   0.32478  -0.16672 
 -0.06630   0.03596   0.24597  -0.13272  -0.06119   0.06727   0.18953  -0.09561  -0.08298   0.01645   0.13880   0.02793  -0.01251   0.13305   0.12191  -0.18986  -0.20333   0.09889   0.18142  -0.04644 
 -0.06319   0.08161   0.16400  -0.08734  -0.08057   0.02105   0.22987  -0.08285   0.00826  -0.02218   0.12117  -0.03792  -0.00475   0.07405   0.09719  -0.12014  -0.14415   0.06719   0.20052  -0.07322 
 -0.04576   0.03878   0.17165  -0.08406  -0.07342   0.06513   0.26313  -0.16370  -0.01070  -0.02074   0.22114  -0.06202  -0.01339   0.11511   0.15187  -0.21131  -0.15388   0.06091   0.28026  -0.14541 
 -0.05342   0.05804   0.23657  -0.15382  -0.07661   0.05608   0.19014  -0.06879  -0.07288   0.09314   0.15480  -0.03844  -0.00145   0.12936   0.09322  -0.17004  -0.17017   0.11376   0.19514  -0.08427 
 -0.05563   0.09624   0.15870  -0.10164  -0.07187   0.06840   0.20437  -0.09714  -0.01082  -0.04147   0.12319  -0.00555  -0.01247   0.05905   0.10684  -0.10715  -0.16314   0.00649   0.22315  -0.04903 
 -0.05067   0.02593   0.17131  -0.07061  -0.12007   0.02519   0.27624  -0.08984  -0.00559  -0.01045   0.20952  -0.06891  -0.03850   0.08802   0.17913  -0.18014  -0.16733   0.03985   0.32446  -0.18074 
 -0.07900   0.03643   0.26362  -0.13908  -0.04766   0.01953   0.16277  -0.05932  -0.02661   0.07130   0.06776  -0.03772   0.01107   0.11396   0.06741  -0.14841  -0.16553   0.08305   0.15616  -0.03630 
 -0.03346   0.07173   0.12471  -0.08110  -0.09488   0.02404   0.21637  -0.05335   0.00235  -0.01697   0.03670  -0.00391  -0.03256   0.04474   0.13061  -0.09344  -0.17173   0.05492   0.21582  -0.06426 
 -0.06574   0.02930   0.17440  -0.05980  -0.09040   0.07180   0.25361  -0.13103  -0.03854   0.07843   0.16665  -0.07060  -0.01220   0.09055   0.16278  -0.20477  -0.17652   0.08240   0.31213  -0.18930 
 -0.07203   0.08034   0.24509  -0.15873  -0.05547   0.04474   0.16814  -0.06848  -0.03720   0.01260   0.14877  -0.01776   0.03186   0.11489   0.05242  -0.17127  -0.22013   0.08950   0.19254  -0.04185 
 -0.03557   0.06736   0.13646  -0.08495  -0.08941   0.05330   0.18323  -0.04545   0.00901   0.00353   0.08513  -0.04053  -0.02406   0.09357   0.10687  -0.11651  -0.14814   0.02729   0.24588  -0.08948 
 -0.05563   0.04391   0.17303  -0.07787  -0.09427   0.09423   0.25131  -0.13988   0.00291   0.02923   0.19779  -0.10231  -0.01874   0.09005   0.13768  -0.15802  -0.14255   0.07533   0.29937  -0.18948 
 -0.05730   0.07390   0.23388  -0.15838  -0.05210   0.01704   0.19291  -0.07992  -0.00328  -0.00756   0.14225  -0.04137   0.01510   0.09827   0.08837  -0.16442  -0.11868   0.04692   0.14136  -0.03039 
 -0.01996   0.03972   0.14056  -0.08794  -0.10336   0.08590   0.16870  -0.03683   0.02625  -0.02424   0.07290  -0.04101  -0.03704   0.07301   0.14747  -0.12721  -0.13561   0.05564   0.20945  -0.07904 
 -0.05814   0.05126   0.16680  -0.07466  -0.08824   0.05910   0.25958  -0.13241  -0.03091   0.00817   0.20866  -0.04950  -0.00459   0.09253   0.15546  -0.21023  -0.15047   0.09317   0.30347  -0.20448 
 -0.06065   0.06692   0.24276  -0.15908  -0.05770   0.07175   0.17112  -0.08538  -0.07201   0.05511   0.16537  -0.01639  -0.00351   0.12464   0.10171  -0.17184  -0.16096   0.12059   0.15050  -0.05777 
 -0.04793   0.09294   0.14314  -0.09458  -0.08890   0.01513   0.21770  -0.05672   0.01217  -0.08262   0.11658  -0.00848  -0.01244   0.12736   0.06047  -0.11508  -0.15157  -0.01873   0.25833  -0.07518 
 -0.04984   0.01269   0.17816  -0.06946  -0.11996   0.06261   0.28347  -0.12377  -0.00958   0.00790   0.19010  -0.06589  -0.04851   0.05989   0.16990  -0.12813  -0.13111   0.11065   0.28268  -0.20493 
 -0.07637   0.06560   0.24829  -0.14553  -0.04778   0.06344   0.17491  -0.09724  -0.03752   0.02948   0.14056  -0.02467   0.00628   0.13784   0.06502  -0.16022  -0.18849   0.10074   0.16783  -0.04421 
 -0.03983   0.08542   0.13571  -0.09215  -0.09189   0.03563   0.20026  -0.04795  -0.01134  -0.03538   0.07086   0.01018   0.01051   0.04519   0.10304  -0.12907  -0.16068   0.07796   0.21367  -0.08228 
 -0.05287   0.03596   0.16259  -0.06717  -0.07970   0.03460   0.22469  -0.08654   0.00222   0.05265   0.17021  -0.10495  -0.05795   0.14324   0.17582  -0.19851  -0.17078   0.10575   0.29436  -0.18756 
 -0.07002   0.08542   0.23209  -0.15000  -0.07724   0.04455   0.18980  -0.06071  -0.03494   0.02438   0.18333  -0.04311  -0.01732   0.14979   0.08890  -0.15826  -0.20056   0.12686   0.19132  -0.07417 
 -0.05758   0.09003   0.15727  -0.09367  -0.10126   0.04991   0.19651  -0.04205  -0.03114  -0.02369   0.12612   0.00557  -0.01206   0.08077   0.11257  -0.13082  -0.13622   0.07052   0.20369  -0.08265 
 -0.06150   0.04806   0.16505  -0.06774  -0.08929   0.06586   0.25329  -0.12782  -0.02254  -0.01992   0.16146  -0.01980  -0.00976   0.12171   0.14566  -0.21614  -0.14494   0.07655   0.27083  -0.15119 
 -0.06065   0.06560   0.22299  -0.13538  -0.07022   0.09453   0.14066  -0.05736  -0.03119   0.05441   0.16985  -0.06233  -0.01084   0.13247   0.08249  -0.14484  -0.15799   0.07115   0.19134  -0.06023 
 -0.04875   0.08836   0.14130  -0.08884  -0.09326   0.07462   0.14364  -0.02092  -0.00744  -0.04070   0.09000   0.00232  -0.06082   0.11232   0.05561  -0.03541  -0.12692   0.06114   0.20307  -0.08186 
 -0.06489   0.05579   0.13157  -0.04354  -0.06853   0.01895   0.22322  -0.09015  -0.01389  -0.00575   0.23010  -0.07265  -0.03030   0.07138   0.14815  -0.13692  -0.19931   0.13269   0.29357  -0.19129 
 -0.07117   0.06604   0.23119  -0.13239  -0.05382   0.03091   0.17571  -0.06934  -0.10405   0.08137   0.15338   0.00047  -0.01124   0.12124   0.06632  -0.11730  -0.15731   0.11967   0.16493  -0.07020 
 -0.05841   0.08919   0.13758  -0.07611  -0.09149   0.03836   0.21251  -0.06169  -0.03872  -0.04153   0.15559   0.01127  -0.06426   0.06965   0.14214  -0.08149  -0.13810   0.04841   0.21482  -0.07812 
 -0.07637   0.03264   0.18490  -0.06008  -0.08066   0.04725   0.22404  -0.09252  -0.00584   0.01022   0.20906  -0.08241  -0.01205   0.08005   0.17026  -0.20616  -0.16347   0.04143   0.28566  -0.13259 
 -0.05925   0.04576   0.23209  -0.13239  -0.06741   0.04983   0.18248  -0.06933  -0.02024   0.03408   0.16376  -0.05789  -0.02966   0.15121   0.07207  -0.12217  -0.13761   0.07960   0.17494  -0.06323 
 -0.04875   0.08034   0.14718  -0.08794  -0.05664   0.00661   0.20813  -0.08305  -0.00396   0.02531   0.11215  -0.04923  -0.04478   0.08488   0.13255  -0.10799  -0.14677   0.04631   0.24031  -0.09600 
 -0.05176   0.04065   0.18590  -0.09125  -0.07489   0.03171   0.23568  -0.10327  -0.01514   0.00701   0.19793  -0.06229  -0.03462   0.04211   0.15976  -0.12233  -0.15325   0.06658   0.27422  -0.14251 
 -0.05953   0.03831   0.22482  -0.11899  -0.05148   0.08541   0.13318  -0.06905  -0.05315   0.05890   0.14363  -0.02903  -0.01443   0.18061   0.04071  -0.14382  -0.12551   0.10183   0.16768  -0.07861 
 -0.04521   0.10839   0.12007  -0.09064  -0.08481   0.05296   0.19717  -0.06351  -0.04713   0.00960   0.05538   0.02693  -0.01768   0.06309   0.09015  -0.08562  -0.13134   0.04107   0.19533  -0.06091 
 -0.06150   0.04344   0.14827  -0.05173  -0.11016   0.06756   0.24640  -0.09354   0.02949   0.01598   0.15934  -0.11065  -0.02181   0.12039   0.11582  -0.15362  -0.17815   0.10065   0.27486  -0.15286 
 -0.06716   0.08034   0.21713  -0.13272  -0.04874   0.01160   0.14716  -0.04054  -0.03229   0.01687   0.17359  -0.03664  -0.01203   0.14135   0.05272  -0.12074  -0.17188   0.14293   0.15111  -0.06786 
