9 20 3 1 47 -2.4633 2.0621 3.8964 5255
 -0.08845   0.11690   0.11599  -0.05011  -0.09319   0.06240   0.17165  -0.03645  -0.07930   0.01840   0.05728   0.05009  -0.05421   0.15394   0.05243  -0.07271  -0.21008   0.11842   0.16061  -0.03983 
 -0.10119   0.09442   0.11988  -0.02662  -0.11711   0.06781   0.23512  -0.07301  -0.03612   0.01272   0.10778  -0.00308  -0.03999   0.15915   0.09788  -0.14173  -0.21027   0.11168   0.25646  -0.12108 
 -0.09843   0.09483   0.19457  -0.08792  -0.08132   0.10222   0.12275  -0.03503  -0.08961   0.04819   0.09007   0.03202  -0.02710   0.19519   0.06017  -0.15911  -0.19329   0.19361   0.08290  -0.04760 
 -0.08252   0.14419   0.08600  -0.05508  -0.12759   0.06723   0.18289  -0.01271  -0.07415   0.03196   0.10309   0.02384  -0.06697   0.16704   0.08601  -0.09893  -0.18671   0.12461   0.18012  -0.07026 
 -0.10864   0.10258   0.13961  -0.03928  -0.09743   0.09864   0.20539  -0.08621  -0.04906   0.00870   0.15972  -0.00756  -0.03779   0.14834   0.10918  -0.14727  -0.18801   0.12668   0.26750  -0.15890 
 -0.08845   0.10380   0.19620  -0.10625  -0.06026   0.10560   0.11133  -0.05374  -0.05755   0.03345   0.10514   0.00684  -0.02202   0.18794   0.06148  -0.16074  -0.21633   0.20175   0.12144  -0.06876 
 -0.06774   0.14124   0.09554  -0.07379  -0.10357   0.02690   0.23073  -0.05929  -0.10115   0.04715   0.07432   0.04699  -0.05526   0.08704   0.10416  -0.06645  -0.18470   0.11699   0.16039  -0.05071 
 -0.10211   0.07676   0.14914  -0.03528  -0.08527   0.07058   0.24267  -0.12367  -0.03297   0.02621   0.13550  -0.02546  -0.04733   0.17437   0.12154  -0.17461  -0.19678   0.13760   0.26991  -0.16588 
 -0.08607   0.11099   0.21061  -0.12900  -0.06975   0.08474   0.08531  -0.01114  -0.05867   0.01843   0.12701   0.00898  -0.02794   0.17494   0.04413  -0.12033  -0.24596   0.14967   0.13218  -0.02492 
 -0.07318   0.11297   0.08809  -0.04277  -0.13389   0.09524   0.20038  -0.03817  -0.10107   0.11805   0.06839   0.00236  -0.07042   0.19094   0.06380  -0.09576  -0.23308   0.13597   0.13931  -0.02606 
 -0.12948   0.13715   0.12643  -0.03634  -0.11437   0.10524   0.22985  -0.09630  -0.04897   0.01719   0.19837  -0.03007  -0.04535   0.15260   0.13852  -0.17618  -0.24128   0.12954   0.27017  -0.13400 
 -0.10490   0.10940   0.21155  -0.10876  -0.04294   0.07885   0.12490  -0.06930  -0.10149   0.09588   0.16167  -0.01561  -0.00703   0.16112   0.06620  -0.16210  -0.21581   0.19382   0.13691  -0.07384 
 -0.06688   0.13976   0.11245  -0.08583  -0.10258   0.06383   0.15752  -0.01567  -0.06168   0.01645   0.05215   0.03748  -0.03255   0.18424   0.04687  -0.12538  -0.17096   0.10101   0.18779  -0.06899 
 -0.08193   0.09360   0.11911  -0.04250  -0.09218   0.08231   0.22685  -0.10430  -0.04128   0.02178   0.19729  -0.04094  -0.04517   0.15265   0.13415  -0.17078  -0.20589   0.13454   0.27792  -0.16774 
 -0.08995   0.10500   0.21655  -0.12605  -0.07309   0.09204   0.13933  -0.05114  -0.08654   0.04934   0.13611   0.01266  -0.02281   0.18151   0.07090  -0.16254  -0.20450   0.18946   0.12104  -0.06427 
 -0.07376   0.13491   0.10968  -0.07292  -0.11748   0.07243   0.20208  -0.04275  -0.04120   0.00811   0.05700   0.02160  -0.05286   0.18701   0.08326  -0.13514  -0.20117   0.14729   0.16507  -0.06691 
 -0.09326   0.10980   0.13514  -0.05452  -0.10980   0.05617   0.24250  -0.08212  -0.06356   0.03513   0.18384  -0.01970  -0.05288   0.17685   0.13126  -0.18106  -0.19221   0.12527   0.26213  -0.14864 
 -0.09812   0.10460   0.21029  -0.11065  -0.07505   0.09507   0.11956  -0.03534  -0.08744   0.01484   0.08382   0.05084  -0.01203   0.17807   0.05897  -0.16391  -0.22395   0.14865   0.09446  -0.00969 
 -0.07637   0.11651   0.08642  -0.04115  -0.09680   0.05931   0.17914  -0.03704  -0.10066   0.07015   0.08229   0.03034  -0.05530   0.13075   0.09618  -0.09235  -0.22420   0.15350   0.15376  -0.05189 
 -0.11209   0.11218   0.13250  -0.03767  -0.09700   0.16248   0.18772  -0.11906  -0.04679   0.04030   0.20291  -0.05018  -0.05025   0.20225   0.08526  -0.15797  -0.15025   0.12740   0.25199  -0.16549 
 -0.08370   0.13790   0.18465  -0.12834  -0.05890   0.06486   0.13307  -0.04653  -0.08438   0.07069   0.17719  -0.02024   0.00999   0.16414  -0.00031  -0.12914  -0.18065   0.20272   0.14353  -0.10492 
 -0.05593   0.13265   0.09922  -0.08197  -0.13144   0.12714   0.16817  -0.03340  -0.05685  -0.00323   0.08292   0.03435  -0.06024   0.15763   0.09201  -0.10515  -0.21383   0.12128   0.15842  -0.03836 
 -0.10490   0.10541   0.12681  -0.03528  -0.08248   0.06407   0.19059  -0.06693  -0.01945   0.02204   0.19909  -0.06784  -0.04221   0.15041   0.14671  -0.19022  -0.19042   0.13872   0.26431  -0.16388 
 -0.07870   0.10339   0.20394  -0.12409  -0.06563   0.07219   0.13612  -0.04514  -0.07845   0.06741   0.16186  -0.01702  -0.01387   0.15396   0.07937  -0.15756  -0.23555   0.20206   0.08317  -0.03523 
 -0.07146   0.13038   0.10408  -0.06775  -0.09616   0.04541   0.14324  -0.00160  -0.06616   0.01645   0.11074   0.02293  -0.05992   0.18739   0.08200  -0.12413  -0.28975   0.16893   0.15435  -0.03633 
 -0.10989   0.11297   0.11950  -0.03106  -0.09019   0.09989   0.19184  -0.08247  -0.04876   0.05423   0.21500  -0.06438  -0.06896   0.17719   0.12929  -0.15414  -0.21732   0.14889   0.26885  -0.16218 
 -0.10088   0.12772   0.20394  -0.12021  -0.07981   0.10297   0.10914  -0.02721  -0.04964   0.06581   0.10081  -0.02063  -0.01387   0.20226   0.04485  -0.17324  -0.16460   0.19338   0.10403  -0.07599 
 -0.05955   0.14821   0.08178  -0.07815  -0.08044   0.12491   0.10485  -0.03766  -0.08400   0.03323   0.04715   0.04881  -0.04541   0.14767   0.10945  -0.13540  -0.23468   0.13535   0.15116  -0.03316 
 -0.09538   0.11494   0.10246  -0.03343  -0.13550   0.13653   0.20291  -0.06711  -0.07238   0.05765   0.22059  -0.04380  -0.05447   0.19422   0.11529  -0.17794  -0.18136   0.18172   0.24607  -0.18816 
 -0.10989   0.15112   0.19522  -0.12247  -0.04325   0.14160   0.08574  -0.08247  -0.13264   0.07362   0.14798   0.03115  -0.02486   0.15663   0.04142  -0.10495  -0.20608   0.20163   0.12835  -0.07869 
 -0.07753   0.14967   0.08642  -0.06433  -0.13665   0.12332   0.15948  -0.01869  -0.09017   0.05562   0.08204   0.03060  -0.06738   0.14505   0.01175  -0.01901  -0.20976   0.15173   0.10007  -0.02100 
 -0.11877   0.12542   0.08558  -0.01055  -0.12071   0.12426   0.17085  -0.04488  -0.04058   0.05776   0.15989  -0.04914  -0.04271   0.18250   0.09352  -0.15700  -0.17448   0.14649   0.22403  -0.13450 
 -0.09629   0.13491   0.16657  -0.09577  -0.03856   0.05168   0.10604  -0.04370  -0.06602   0.06705   0.12145  -0.01263  -0.03856   0.21616   0.01254  -0.11866  -0.20752   0.16652   0.11748  -0.04319 
 -0.06802   0.13341   0.07966  -0.05675  -0.07981   0.04918   0.12809  -0.00976  -0.09705   0.04803   0.07553   0.04282  -0.05656   0.15382   0.01425  -0.03950  -0.24654   0.15567   0.12628  -0.02478 
 -0.10676   0.10901   0.08642  -0.01005  -0.12306   0.09148   0.20351  -0.04999  -0.06892   0.06892   0.16496  -0.02891  -0.04226   0.18899   0.08380  -0.15382  -0.22361   0.15015   0.24547  -0.13238 
 -0.11494   0.13227   0.18465  -0.09152  -0.04538   0.07599   0.08108  -0.03167  -0.09718   0.10955   0.14169  -0.02163   0.00999   0.17773   0.03471  -0.17690  -0.14700   0.18931   0.08926  -0.07236 
 -0.05455   0.14712   0.07279  -0.07640  -0.13283   0.13722   0.13774  -0.01476  -0.08290   0.05982   0.04130   0.03415  -0.05649   0.16862   0.02537  -0.06003  -0.22500   0.18543   0.13057  -0.05826 
 -0.11431   0.14419   0.08684  -0.02766  -0.07694   0.08093   0.17832  -0.07314  -0.06159   0.07736   0.14669  -0.03473  -0.04268   0.17191   0.06692  -0.11779  -0.19333   0.15730   0.22414  -0.13257 
 -0.08965   0.13114   0.15847  -0.09243  -0.11043   0.14156   0.08124  -0.00066  -0.09105   0.04678   0.21426  -0.01464   0.00705   0.22425  -0.04778  -0.14904  -0.26507   0.20368   0.08741  -0.02708 
 -0.09296   0.16183   0.06450  -0.04520  -0.13159   0.10013   0.16346  -0.01228  -0.09063   0.02310   0.11213   0.04000  -0.04957   0.14639   0.06630  -0.08455  -0.19822   0.16194   0.14283  -0.06208 
 -0.11399   0.11768   0.11559  -0.02818  -0.11371   0.12950   0.16741  -0.05314  -0.05582   0.06550   0.14166  -0.03006  -0.03926   0.16344   0.09568  -0.14471  -0.16704   0.15249   0.21146  -0.13114 
 -0.09296   0.13528   0.15812  -0.09213  -0.03428   0.09334   0.01606  -0.01532  -0.09396   0.08945   0.04250   0.02440  -0.01044   0.22175  -0.08389  -0.09218  -0.19268   0.19332   0.02018  -0.01274 
 -0.06377   0.15651  -0.01247  -0.02532  -0.08937   0.08419   0.10770  -0.00462  -0.10418   0.04210  -0.00080   0.07221  -0.09569   0.18825   0.02421  -0.03156  -0.16115   0.12764   0.08665  -0.01987 
 -0.10864   0.11258   0.05649   0.00615  -0.09844   0.11749   0.15257  -0.04926  -0.04954   0.04916   0.18923  -0.04664  -0.04156   0.18883   0.05420  -0.12389  -0.13088   0.10177   0.23242  -0.13570 
 -0.08547   0.11651   0.16482  -0.09062  -0.01811   0.07896   0.00312  -0.01976  -0.08267   0.08377  -0.02150   0.03573   0.03703   0.16194  -0.02047  -0.15707  -0.18171   0.14278  -0.01302   0.02981 
 -0.03987   0.12118  -0.01723  -0.02094  -0.03455   0.10079   0.06562  -0.05044  -0.03522   0.06548  -0.03494   0.00680   0.03762   0.21312  -0.00600  -0.23429  -0.13089   0.14739   0.07870  -0.04349 
 -0.04121   0.13190   0.03533  -0.05508   0.00308   0.29474   0.06265  -0.33846   0.08093   0.14784   0.04229  -0.29256   0.09374   0.31347  -0.03671  -0.63276  -0.10891   0.34129   0.16133  -0.38137 
  0.02457   0.28561   0.06714  -0.37908   0.22687  -0.20109  -0.28850  -0.25572   0.26914  -0.34017  -0.35166  -0.29515   0.27736  -0.14067  -0.34612  -0.38100   0.00637   0.05442  -0.00356  -0.02912 
  0.26178  -0.17708  -0.28245  -0.25259  -0.62170  -0.78503   0.70702  -0.67907  -0.25860  -0.42294   0.67176  -0.08772  -0.22445  -0.49802   0.51606  -0.44911  -0.57336  -0.35531   0.60113  -0.44701 
 -0.48415  -0.59978   0.66307  -0.50985  -0.42771  -3.72066   0.72523  -3.72066  -0.28063  -3.72066   0.92543  -1.84937  -1.56515  -3.72066   0.71105  -3.72066  -0.45593  -3.72066   0.70473  -3.72066 
 -0.91770  -3.72066   0.77335  -3.12320  -3.72066  -3.72066  -3.72066   0.51297  -3.72066  -3.72066  -3.72066  -3.72066  -3.72066  -1.01825  -3.72066   0.51874  -3.72066  -3.72066  -3.72066  -3.72066 
 -3.72066  -1.07010  -3.72066   0.46492  -3.72066  -3.72066  -3.72066  -3.72066   0.32900  -0.83433  -0.22571  -0.47479  -3.72066  -3.72066  -3.72066  -3.72066   0.39411  -0.55864  -0.11572  -0.35901 
  0.28087  -0.53534  -0.07383  -0.29997   0.10347   0.01028  -0.44768  -0.00688   0.04456  -0.26223  -0.11397   0.08050   0.29593  -0.19637  -0.34706  -0.44323   0.07602  -0.03989  -0.10618   0.00459 
  0.15934  -0.06550  -0.32661  -0.05797  -0.35526  -0.31559   0.54379  -0.19357  -0.17581  -0.17414   0.50504  -0.02590  -0.28275  -0.09481   0.36123  -0.07699  -0.25662  -0.19448   0.45948  -0.22882 
 -0.28482  -0.23887   0.49394  -0.17276  -0.10935   0.10848  -0.15919   0.11787  -0.18566   0.00838  -0.12178   0.16046  -0.29998  -0.00238  -0.39341   0.29843  -0.19105   0.01821  -0.03370   0.09818 
 -0.21830   0.01178  -0.19471   0.19191  -0.05604   0.07173  -0.23422   0.11020  -0.08261  -0.05140  -0.27306   0.14277  -0.06193   0.08320  -0.22619   0.11941  -0.00499  -0.05062  -0.11302   0.06508 
 -0.06871   0.00067  -0.15861   0.11133  -0.10058   0.10847  -0.17335   0.11506  -0.10134  -0.05511  -0.30333   0.15918  -0.03147   0.11655  -0.20961   0.07089  -0.16028   0.14524  -0.15963   0.06948 
 -0.12571   0.10757  -0.18131   0.10753  -0.12907   0.10704  -0.29371   0.16268  -0.14008   0.02398  -0.30474   0.15169  -0.10182   0.14301  -0.18075   0.10600  -0.21974   0.20673  -0.20412   0.06828 
 -0.17207   0.15345  -0.24206   0.12382  -0.10463   0.10427  -0.14493   0.11215  -0.15756  -0.01798  -0.21937   0.16891  -0.04656   0.19622  -0.19308   0.02874  -0.19102   0.20272  -0.14410   0.04394 
 -0.15852   0.15056  -0.17208   0.10215  -0.08626   0.08059  -0.13402   0.10493  -0.17005  -0.03298  -0.15772   0.17324   0.00350   0.08217  -0.16618   0.03792  -0.15533   0.10770  -0.11115   0.07239 
 -0.13129   0.08120  -0.14198   0.11284  -0.08685   0.12321  -0.17331   0.09704  -0.13015  -0.09261  -0.15991   0.17216  -0.07539   0.09612  -0.14194   0.09622  -0.15761   0.09436  -0.10013   0.07617 
 -0.13427   0.07693  -0.13494   0.11453  -0.08698   0.06445  -0.13230   0.11190  -0.12285   0.01343  -0.16880   0.12982  -0.08009   0.14944  -0.26545   0.11145  -0.12816   0.13886  -0.14056   0.05409 
 -0.12409   0.11036  -0.16157   0.10021  -0.11523   0.17312  -0.16254   0.09070  -0.14434   0.02315  -0.25925   0.14974  -0.03294   0.05445  -0.11727   0.06964  -0.16414   0.15951  -0.18339   0.06968 
 -0.14029   0.13545  -0.18521   0.10311  -0.09043   0.15265  -0.23380   0.10085  -0.15924   0.05482  -0.26935   0.14508  -0.10898   0.16881  -0.12503   0.07599  -0.20929   0.18325  -0.13497   0.05993 
 -0.16169   0.15952  -0.18364   0.10195  -0.12097   0.14658  -0.18125   0.11436  -0.14877   0.06060  -0.31607   0.14128  -0.09676   0.14158  -0.14887   0.09171  -0.18365   0.16939  -0.12799   0.05631 
 -0.15992   0.15056  -0.17898   0.10465  -0.12635   0.10590  -0.12965   0.12310  -0.16722   0.06956  -0.28446   0.14411  -0.04311   0.15540  -0.16511   0.04248  -0.15677   0.12667  -0.10131   0.06054 
 -0.15051   0.12597  -0.14985   0.10465  -0.13335   0.06011  -0.15409   0.15334  -0.11656   0.00361  -0.23140   0.13829  -0.05823   0.05570  -0.18266   0.11537  -0.18409   0.11564  -0.10266   0.07698 
 -0.14982   0.08585  -0.14985   0.12309  -0.10609   0.10538  -0.17673   0.12156  -0.18309   0.01729  -0.25821   0.17258  -0.04689   0.03388  -0.17698   0.11351  -0.15960   0.06970  -0.09991   0.08773 
 -0.15051   0.07478  -0.14913   0.12803  -0.13214   0.04291  -0.09688   0.14295  -0.14400   0.02414  -0.20869   0.14318  -0.10241   0.08777  -0.18913   0.13637  -0.14653   0.09312  -0.10228   0.07301 
 -0.15432   0.07992  -0.12664   0.12198  -0.16459   0.05969  -0.13822   0.16883  -0.16874   0.01474  -0.30342   0.17088  -0.09545   0.13446  -0.22934   0.12088  -0.15646   0.10174  -0.09751   0.07148 
 -0.17027   0.09086  -0.14841   0.13111  -0.13327   0.06920  -0.10194   0.13517  -0.12484   0.01437  -0.25526   0.14160  -0.09309   0.10635  -0.17282   0.11578  -0.15060   0.07163  -0.09021   0.08048 
 -0.15120   0.07564  -0.12528   0.12179  -0.10924   0.06080  -0.10980   0.12378  -0.12005   0.03374  -0.20226   0.12348  -0.08281   0.11241  -0.10580   0.07951  -0.11093   0.04455  -0.05912   0.06518 
 -0.12604   0.06519  -0.09559   0.10369  -0.11003   0.03983  -0.14334   0.14208  -0.09623  -0.05529  -0.21408   0.14627  -0.09229   0.10341  -0.22011   0.13121  -0.15900   0.05280  -0.03749   0.07420 
 -0.13493   0.04488  -0.10854   0.12106  -0.08631   0.05494  -0.12885   0.11423  -0.10308  -0.02981  -0.26838   0.14744  -0.08155   0.04320  -0.09199   0.10623  -0.13372   0.07537  -0.07156   0.06592 
 -0.12279   0.05718  -0.10657   0.10848  -0.11870   0.05896  -0.08861   0.12482  -0.10310  -0.02945  -0.19852   0.13904  -0.07263   0.06071  -0.09395   0.09203  -0.15221   0.08704  -0.09445   0.07563 
 -0.13493   0.06475  -0.10526   0.11189  -0.10656   0.02952  -0.12331   0.13775  -0.13397  -0.02715  -0.14999   0.15044  -0.05707   0.01534  -0.19958   0.13612  -0.16507   0.05445  -0.07348   0.08796 
 -0.14029   0.03837  -0.11382   0.12803  -0.15085   0.04777  -0.05181   0.13914  -0.11080  -0.02588  -0.20277   0.14307  -0.08742   0.04045  -0.14528   0.13172  -0.14263   0.04794  -0.09844   0.08969 
 -0.14879   0.04303  -0.10266   0.12767  -0.07980   0.00461  -0.07007   0.10936  -0.08895  -0.00300  -0.09657   0.10289  -0.06383   0.04129  -0.14220   0.11226  -0.12233   0.02180  -0.06617   0.08160 
 -0.11288   0.02600  -0.08117   0.10772  -0.05366   0.02667  -0.05849   0.07344  -0.10328  -0.05412  -0.15262   0.14220  -0.07705  -0.00455  -0.10281   0.12616  -0.11177   0.05765  -0.10168   0.07391 
 -0.10133   0.03080  -0.09432   0.10273  -0.09365  -0.00408  -0.07004   0.12345  -0.12805   0.02119  -0.16472   0.12905  -0.06802   0.03295  -0.06214   0.08681  -0.11443   0.01198  -0.04242   0.07391 
 -0.11765   0.02066  -0.06424   0.10733  -0.10884   0.04581  -0.09872   0.12596  -0.07730  -0.03757  -0.20115   0.12526  -0.08386   0.08531  -0.17598   0.11991  -0.15840   0.00186  -0.01723   0.08653 
 -0.12997   0.02407  -0.07566   0.11678  -0.07795   0.02237  -0.09649   0.11010  -0.09329   0.00862  -0.08376   0.09838  -0.11886   0.11275  -0.13338   0.11754  -0.10684   0.03168  -0.07341   0.07345 
 -0.11383   0.04488  -0.08801   0.10273  -0.06765  -0.02092  -0.01882   0.08894  -0.09232  -0.03498  -0.11082   0.12124  -0.10874   0.00644  -0.08793   0.13914  -0.15804   0.04369  -0.02841   0.07433 
 -0.12214   0.01821  -0.04396   0.10427  -0.11178   0.01235  -0.06526   0.12968  -0.10040  -0.00058  -0.19870   0.12553  -0.11632   0.00565  -0.04885   0.12878  -0.10454   0.01263  -0.02995   0.06477 
 -0.12279   0.01674  -0.05427   0.10867  -0.14224   0.01519  -0.03967   0.14112  -0.06875  -0.02272  -0.15066   0.10571  -0.09785   0.06208  -0.06569   0.09926  -0.13609   0.02639  -0.05194   0.08075 
 -0.13360   0.02745  -0.05776   0.11189  -0.05554   0.01714  -0.10582   0.09590  -0.05269  -0.03614  -0.21620   0.10857  -0.13453   0.04489  -0.14700   0.16189  -0.12456   0.01790  -0.03988   0.07508 
 -0.10597   0.01968  -0.08676   0.10772  -0.08317   0.00056  -0.09087   0.12048  -0.07632  -0.02567  -0.13913   0.11073  -0.06536  -0.01600  -0.06971   0.10793  -0.13214   0.01352  -0.00775   0.06809 
 -0.11035   0.00727  -0.04908   0.10311  -0.09756   0.04850  -0.10105   0.11710  -0.05928  -0.03539  -0.07955   0.09157  -0.09902  -0.00447  -0.08511   0.13532  -0.12854   0.00830  -0.05606   0.08590 
 -0.11510   0.01525  -0.07202   0.11038  -0.10407   0.00087  -0.07465   0.13113  -0.07501  -0.02395  -0.12764   0.10719  -0.10934  -0.09121  -0.12015   0.18151  -0.12987   0.01516  -0.03036   0.07496 
 -0.12344   0.00016  -0.06246   0.11790  -0.09676   0.02880  -0.09543   0.12229  -0.08565  -0.05460  -0.05369   0.11417  -0.08966   0.06006  -0.12560   0.11814  -0.12290   0.00764  -0.00619   0.06579 
 -0.11957   0.01624  -0.04680   0.10446  -0.08633  -0.02701  -0.05405   0.12001  -0.10673  -0.04436  -0.11485   0.13509  -0.07416  -0.02658  -0.18428   0.15894  -0.14715   0.02639   0.01040   0.06202 
 -0.12311   0.00220  -0.04396   0.11095  -0.11512  -0.04309  -0.03496   0.13992  -0.07625  -0.03603  -0.17457   0.12024  -0.05860   0.03460  -0.16080   0.11736  -0.13837  -0.00960  -0.00990   0.08009 
 -0.12182  -0.00811  -0.04965   0.11584  -0.11103   0.03142  -0.04954   0.11668  -0.07573  -0.02285  -0.07060   0.09714  -0.10857   0.02606  -0.05992   0.12015  -0.10590   0.00970  -0.03924   0.06990 
 -0.11893   0.01821  -0.04396   0.10234  -0.06065  -0.02765  -0.13932   0.12646  -0.08426  -0.02963  -0.15213   0.12003  -0.05145  -0.02138  -0.07951   0.10263  -0.14194  -0.01478   0.02591   0.06925 
 -0.10442  -0.01389  -0.04339   0.10542  -0.09154  -0.00099  -0.04715   0.11273  -0.05374  -0.03160  -0.18330   0.10292  -0.06643   0.03753  -0.07308   0.08838  -0.15332  -0.00407   0.04749   0.06063 
 -0.11510   0.00373  -0.00916   0.09317  -0.07598  -0.06127  -0.03648   0.11633  -0.05421  -0.06424  -0.17610   0.11526  -0.08096   0.04310  -0.12867   0.11998  -0.12663  -0.02469   0.06070   0.05091 
 -0.10225  -0.02298  -0.01020   0.09553  -0.07355  -0.00975  -0.08282   0.11367  -0.10423  -0.02548  -0.02449   0.10952  -0.09597  -0.04334  -0.06646   0.13923  -0.07025   0.00920  -0.02816   0.04900 
 -0.09521  -0.00344  -0.04339   0.09572  -0.07872  -0.03029  -0.01537   0.10040  -0.05165  -0.04501  -0.13048   0.09863  -0.03806  -0.01405  -0.06619   0.08215  -0.09694  -0.02603   0.03355   0.05015 
 -0.08620  -0.02298  -0.00603   0.08339  -0.07125   0.02435  -0.03829   0.08266  -0.09164  -0.01374  -0.18281   0.12303  -0.05203   0.01720  -0.07381   0.08518  -0.10485  -0.00289   0.03976   0.04226 
