IntronPotTab 1 1024 -22.69717 4.88000 31.32991 31575 6 16  574.65
   -0.01316
   -0.05113
    0.04251
    0.01447
   -0.01815
   -0.04845
   -0.04209
    0.05152
   -0.01898
   -0.01430
   -0.01302
    0.04414
   -0.06576
   -0.04673
    0.10239
    0.02343
    0.00678
   -0.04743
    0.01804
    0.00467
    0.04274
   -0.06670
   -0.09608
    0.01976
   -0.05919
   -0.02614
    0.00589
    0.07623
   -0.00185
   -0.17193
    0.06304
    0.06143
    0.01392
   -0.08107
   -0.04859
    0.05078
   -0.00220
   -0.09616
   -0.05775
    0.06035
    0.01937
   -0.06112
    0.00613
    0.00688
   -0.00653
   -0.12950
   -0.01017
    0.06266
   -0.06496
    0.02487
    0.07404
    0.03244
   -0.01465
   -0.05290
   -0.11781
    0.07126
   -0.02618
   -0.01491
   -0.01435
    0.05131
   -0.09787
    0.01256
    0.11848
    0.01343
   -0.00698
   -0.08201
   -0.00847
    0.06191
    0.00621
   -0.07033
   -0.02307
    0.03936
   -0.01879
   -0.02260
   -0.11024
    0.11350
   -0.07012
   -0.09659
    0.02448
    0.09210
   -0.00781
   -0.08100
   -0.05860
    0.08066
    0.02150
   -0.07968
   -0.25937
    0.09544
   -0.00234
   -0.07459
   -0.12654
    0.15255
    0.01402
   -0.10968
   -0.04962
    0.08371
   -0.03187
   -0.07588
    0.02403
    0.06004
    0.01817
   -0.09834
   -0.04130
    0.06889
   -0.01053
   -0.04063
   -0.05117
    0.07674
   -0.01532
   -0.12238
    0.01866
    0.06162
   -0.02196
   -0.04897
    0.03091
    0.02850
   -0.02870
   -0.04840
   -0.05297
    0.06606
   -0.02098
   -0.05033
   -0.02837
    0.07980
   -0.04327
   -0.02117
    0.04925
    0.00300
   -0.00467
   -0.02464
   -0.06417
    0.07117
    0.02776
   -0.12358
   -0.08024
    0.06481
    0.02327
   -0.05402
   -0.05265
    0.04227
   -0.00617
   -0.12839
    0.00825
    0.06096
   -0.00343
   -0.06269
   -0.08752
    0.08892
    0.02819
   -0.06465
   -0.26625
    0.08268
   -0.00460
   -0.06075
   -0.10147
    0.12507
   -0.00142
   -0.14801
    0.02341
    0.06833
    0.04396
   -0.07684
   -0.08503
    0.04836
    0.00494
   -0.09334
   -0.07769
    0.06821
    0.01070
   -0.09451
   -0.00264
    0.04384
   -0.04432
   -0.04029
   -0.02611
    0.05951
   -0.01401
   -0.04270
    0.00974
    0.02722
    0.02091
   -0.10948
   -0.08188
    0.06829
   -0.00797
   -0.01463
   -0.04591
    0.05743
   -0.00312
   -0.03928
    0.03221
    0.00012
   -0.07018
    0.05435
    0.05864
    0.03896
   -0.02618
   -0.08467
   -0.03955
    0.08074
   -0.03512
   -0.01880
   -0.00731
    0.05648
   -0.04279
   -0.01981
    0.07274
    0.00824
   -0.03399
   -0.04044
    0.01148
    0.04838
   -0.01251
   -0.04742
   -0.19118
    0.08117
   -0.05323
    0.00408
   -0.07160
    0.12941
   -0.01617
   -0.10583
    0.02943
    0.05617
   -0.00109
   -0.01690
   -0.05678
    0.04080
   -0.05709
   -0.07336
   -0.04313
    0.11059
   -0.00716
   -0.06022
   -0.05404
    0.08377
   -0.04731
   -0.03459
    0.02464
    0.02968
   -0.09363
    0.02872
    0.09962
    0.04077
   -0.03153
   -0.03738
   -0.19150
    0.08298
   -0.04461
   -0.01349
   -0.00797
    0.06461
   -0.08241
    0.03586
    0.11406
   -0.01190
   -0.02655
   -0.05956
   -0.04485
    0.08358
   -0.03749
   -0.06658
   -0.09239
    0.08955
   -0.04137
   -0.06028
   -0.04818
    0.10985
   -0.05590
   -0.08929
    0.00823
    0.07259
   -0.00810
    0.02932
   -0.08514
    0.03283
   -0.00252
    0.01936
   -0.14053
    0.02399
   -0.06292
    0.04971
   -0.04659
    0.05503
   -0.05091
   -0.08044
    0.01839
    0.06122
    0.04306
   -0.09420
   -0.10885
    0.06758
    0.00900
   -0.13509
   -0.09839
    0.08831
    0.06802
   -0.00897
    0.00012
   -0.06561
   -0.01145
   -0.12182
   -0.03661
    0.07618
   -0.04688
   -0.09140
    0.00097
    0.07912
   -0.03973
   -0.07238
   -0.09952
    0.10210
   -0.03340
   -0.05255
   -0.00582
    0.07162
   -0.06031
   -0.09710
    0.01854
    0.06583
   -0.00520
   -0.03872
   -0.08405
    0.09282
    0.00217
   -0.09194
   -0.06389
    0.08319
   -0.03140
   -0.05847
   -0.12535
    0.16216
   -0.05443
   -0.09754
   -0.00076
    0.09355
    0.02319
   -0.03860
   -0.10045
    0.04297
   -0.11388
    0.16080
   -0.34090
    0.03650
   -0.10765
    0.10014
   -0.15316
    0.17507
   -0.06947
   -0.06118
   -0.05076
    0.09420
   -0.15445
    0.04853
    0.09594
    0.18029
    0.14209
   -0.24631
    0.04372
    0.15982
    0.03762
   -0.08091
   -0.07854
    0.07908
   -0.06915
   -0.14341
    0.03499
    0.10453
    0.00034
   -0.07242
   -0.05446
    0.07020
   -0.02109
   -0.04586
   -0.10820
    0.06928
   -0.01155
   -0.05613
   -0.09005
    0.11176
   -0.04849
   -0.12086
    0.00243
    0.09136
   -0.01340
   -0.14711
   -0.00356
    0.13540
    0.02590
   -0.15751
   -0.15172
    0.15085
   -0.01726
   -0.07937
   -0.05659
    0.10923
    0.00198
   -0.14895
    0.00908
    0.07154
    0.01707
   -0.01762
   -0.13657
    0.07217
    0.06970
    0.06181
   -0.43376
    0.20787
   -0.02477
    0.02259
   -0.12448
    0.08622
   -0.08983
   -0.07065
    0.00437
    0.09796
    0.06783
   -0.15615
   -0.03336
    0.03643
    0.16446
   -0.14857
   -0.23718
    0.15616
    0.03998
   -0.02833
   -0.03171
    0.00007
   -0.04353
   -0.11729
   -0.02557
    0.09130
    0.03282
   -0.06996
   -0.09837
    0.08168
    0.00913
   -0.08912
   -0.16119
    0.10761
   -0.01782
   -0.04148
   -0.07881
    0.10773
   -0.05261
   -0.09545
    0.01142
    0.06731
   -0.04068
   -0.04829
   -0.03079
    0.08194
    0.00243
   -0.11686
   -0.20204
    0.10474
   -0.03538
   -0.09334
   -0.05520
    0.13801
   -0.03078
   -0.08912
   -0.00058
    0.05957
   -0.00200
   -0.07970
   -0.05508
    0.06696
   -0.03586
    0.00376
   -0.19238
    0.06528
   -0.02860
   -0.00956
   -0.13517
    0.12996
   -0.10261
    0.05695
   -0.06343
    0.04922
   -0.00334
   -0.13820
   -0.07727
    0.11071
    0.02977
   -0.16236
   -0.12454
    0.08020
   -0.02397
   -0.09388
   -0.02943
    0.10124
   -0.04882
   -0.13054
   -0.03540
    0.10827
   -0.03514
   -0.06027
    0.00375
    0.05622
   -0.02510
   -0.03503
   -0.22820
    0.07575
   -0.03324
   -0.03445
   -0.08404
    0.11115
   -0.03375
   -0.09383
    0.00454
    0.06247
   -0.01088
   -0.02849
   -0.09343
    0.08805
    0.00907
   -0.15793
   -0.12862
    0.11476
   -0.05536
   -0.03060
   -0.07109
    0.16078
   -0.03040
   -0.08077
   -0.01220
    0.06215
    0.00318
   -0.06611
   -0.10036
    0.08371
    0.01369
   -0.13585
   -0.12056
    0.10423
   -0.02433
   -0.02425
   -0.06252
    0.09371
    0.01283
   -0.13526
    0.02644
    0.04427
    0.03008
   -0.07538
   -0.02501
    0.01604
    0.00333
   -0.09596
   -0.04771
    0.04994
    0.01387
   -0.06023
    0.00578
    0.01543
    0.00623
   -0.11039
    0.02642
    0.02441
   -0.01743
   -0.03748
   -0.03116
    0.04724
    0.01484
   -0.09309
   -0.15042
    0.07584
   -0.04296
    0.02147
   -0.03218
    0.06123
   -0.02831
   -0.05650
    0.02770
    0.02601
   -0.02159
   -0.03183
   -0.07017
    0.09328
    0.00779
   -0.09824
   -0.08514
    0.07426
   -0.03469
   -0.03834
   -0.11496
    0.15354
   -0.00804
   -0.08203
   -0.05130
    0.08961
    0.01735
   -0.11575
   -0.09612
    0.09489
   -0.00353
   -0.04686
   -0.19447
    0.07753
   -0.14964
   -0.12158
    0.04742
    0.37661
    0.01909
   -0.13916
   -0.00279
    0.07060
    0.01422
   -0.04901
   -0.05741
    0.06618
    0.06657
   -0.11280
   -0.04516
    0.04031
    0.08707
   -0.26587
    0.12042
    0.15138
   -0.03333
   -0.13209
    0.04586
    0.06771
    0.03219
   -0.06619
   -0.09052
    0.06641
    0.02190
   -0.10395
   -0.12777
    0.07688
   -0.00970
   -0.06867
   -0.09642
    0.14774
    0.00859
   -0.09836
   -0.01485
    0.06165
    0.02366
   -0.04204
   -0.08808
    0.06537
    0.04426
   -0.12535
   -0.12122
    0.06229
    0.00048
   -0.06148
   -0.05480
    0.10081
    0.01058
   -0.14805
   -0.02640
    0.08404
    0.01967
   -0.08045
   -0.14645
    0.12232
    0.05184
    0.01219
   -0.40753
    0.14383
    0.05137
    0.09121
   -0.27986
    0.22638
   -0.00230
   -0.13319
   -0.04404
    0.09779
    0.08897
   -0.14506
   -0.09108
    0.04494
   -0.01353
   -0.05226
   -0.12522
    0.07676
    0.03491
   -0.13492
    0.10804
   -0.05633
   -0.03602
   -0.19893
    0.03123
    0.09128
    0.00573
   -0.08401
   -0.02538
    0.05200
    0.05510
   -0.09857
   -0.18486
    0.06720
   -0.04673
    0.00662
   -0.06998
    0.12658
    0.01524
   -0.16026
    0.02343
    0.05934
   -0.03663
    0.03978
   -0.08480
    0.06088
   -0.01384
   -0.11632
   -0.12929
    0.10856
   -0.04602
   -0.02062
   -0.05750
    0.10556
   -0.02408
   -0.03367
   -0.05031
    0.06236
    0.00258
   -0.03886
   -0.13701
    0.08907
   -0.02411
   -0.07080
   -0.24969
    0.12545
   -0.03897
    0.04403
   -0.11985
    0.11575
    0.00472
   -0.07258
   -0.02059
    0.05003
    0.03251
   -0.03812
   -0.13740
    0.06615
    0.01969
   -0.14742
   -0.08282
    0.07890
   -0.02462
   -0.08262
   -0.00464
    0.08790
   -0.04055
   -0.10315
    0.02832
    0.04908
   -0.01385
   -0.00198
   -0.06122
    0.04634
    0.00074
   -0.01355
   -0.39543
    0.12901
   -0.02620
    0.01664
   -0.03612
    0.04239
   -0.02729
    0.00033
    0.02232
    0.00236
   -0.06918
    0.03687
    0.06759
    0.04459
   -0.02578
   -0.06778
   -0.10452
    0.08047
   -0.01599
    0.00958
   -0.06759
    0.06066
   -0.09075
    0.02538
    0.09970
    0.01535
    0.00269
   -0.04310
   -0.03887
    0.03274
    0.03470
   -0.08153
   -0.14888
    0.04672
   -0.01593
   -0.04876
   -0.10433
    0.11054
   -0.06441
   -0.11897
    0.06037
    0.06631
    0.00591
   -0.04552
   -0.09260
    0.07816
    0.00692
   -0.11225
   -0.15587
    0.07645
    0.03572
   -0.02438
   -0.06797
    0.02346
   -0.04873
   -0.07873
   -0.03674
    0.07710
   -0.07760
    0.01259
    0.05687
    0.03808
   -0.04252
   -0.03817
   -0.12075
    0.08272
   -0.04638
    0.04169
   -0.01740
    0.03049
   -0.10004
    0.03872
    0.10491
    0.00992
   -0.04248
   -0.03649
   -0.02708
    0.08420
   -0.01240
   -0.11042
   -0.06930
    0.09648
   -0.03828
   -0.05424
   -0.11240
    0.14001
   -0.05281
   -0.10249
   -0.01174
    0.09906
    0.00198
   -0.10201
   -0.09096
    0.09302
   -0.04459
    0.05124
   -0.22795
    0.04814
   -0.08119
   -0.01710
   -0.11023
    0.18153
   -0.01840
   -0.12357
    0.01217
    0.07398
   -0.00882
   -0.08208
   -0.00119
    0.04780
    0.01941
   -0.14025
   -0.06718
    0.10482
    0.06193
   -0.29375
   -0.01089
    0.22718
    0.00586
   -0.13499
   -0.00080
    0.07368
   -0.00192
   -0.08405
   -0.03104
    0.05819
   -0.03472
   -0.11176
   -0.13343
    0.09304
   -0.02872
   -0.08073
   -0.06734
    0.12701
   -0.01401
   -0.09611
    0.01292
    0.05561
   -0.02430
   -0.02065
   -0.05447
    0.07658
    0.01791
   -0.08501
   -0.13679
    0.06309
    0.02073
   -0.01123
   -0.06188
    0.02832
   -0.02067
   -0.09186
   -0.03392
    0.07567
   -0.00494
   -0.01938
   -0.09127
    0.05498
    0.00957
   -0.10412
   -0.23845
    0.10061
   -0.03251
   -0.03660
   -0.10112
    0.11571
   -0.01042
   -0.15147
   -0.00672
    0.07625
    0.05360
   -0.11949
   -0.08911
    0.06323
    0.01007
   -0.09929
   -0.14858
    0.07800
    0.01622
   -0.09033
   -0.04620
    0.06112
   -0.02242
   -0.12791
   -0.05100
    0.09858
   -0.04118
   -0.03855
    0.02140
    0.04224
    0.01216
   -0.07865
   -0.15137
    0.06775
   -0.03197
    0.01423
   -0.06312
    0.06666
   -0.01958
   -0.04380
   -0.00514
    0.03088
   -0.08165
    0.11042
    0.06499
    0.02514
   -0.06162
   -0.05077
   -0.04144
    0.09111
   -0.04218
   -0.00387
   -0.02023
    0.05558
   -0.07616
    0.02694
    0.05722
    0.01300
   -0.04114
   -0.01898
   -0.04527
    0.07183
   -0.04761
    0.01509
   -0.20294
    0.06455
    0.03992
    0.12780
   -0.29358
    0.23048
   -0.05648
   -0.06738
    0.04484
    0.04055
   -0.01408
   -0.02630
   -0.04075
    0.04714
   -0.02699
   -0.09959
   -0.04858
    0.07644
   -0.02020
   -0.05713
   -0.03064
    0.07353
   -0.04821
   -0.07004
   -0.00034
    0.05380
   -0.09148
    0.05784
    0.09285
    0.02657
   -0.05691
    0.02180
   -0.24673
    0.07198
   -0.07811
   -0.00826
   -0.01296
    0.09459
   -0.13207
    0.04515
    0.09025
    0.02427
