IntronPotTab 1 1024 -30.88280 1.71629 22.45245 115865 6 16 1970.09
   -0.00347
   -0.00948
   -0.00425
    0.01163
   -0.00455
    0.01659
   -0.07117
    0.02848
   -0.01568
    0.00518
   -0.00908
    0.02617
   -0.01542
   -0.01259
    0.00846
    0.01613
   -0.01054
   -0.01159
    0.00205
    0.01702
   -0.00204
   -0.00750
   -0.04259
    0.02417
   -0.01608
    0.00407
   -0.01160
    0.02218
   -0.01770
   -0.02142
   -0.00640
    0.02534
   -0.00379
   -0.00795
   -0.02105
    0.02791
    0.00446
    0.01773
   -0.06136
    0.00773
   -0.00913
   -0.00211
   -0.00640
    0.01814
   -0.00384
   -0.01682
    0.00071
    0.01158
   -0.02112
   -0.00857
    0.02525
    0.01501
    0.00343
   -0.00023
   -0.05662
    0.02011
   -0.00637
   -0.00883
   -0.01912
    0.02213
   -0.01521
   -0.02096
    0.01559
    0.01180
    0.00094
   -0.03216
   -0.00061
    0.01629
   -0.00354
    0.00419
   -0.06702
    0.03227
   -0.01385
   -0.03311
   -0.00090
    0.03470
   -0.02523
   -0.04635
    0.03522
    0.01061
   -0.00412
   -0.01848
   -0.00511
    0.01841
    0.02337
   -0.02252
   -0.05056
    0.01674
   -0.01437
   -0.01752
    0.03068
    0.00070
   -0.01065
   -0.03214
    0.02641
    0.00651
   -0.01308
   -0.02026
   -0.00684
    0.02849
    0.01309
   -0.00975
   -0.06799
    0.03219
   -0.03258
    0.00073
    0.00364
    0.02767
    0.00196
   -0.03009
    0.01110
    0.01153
    0.00134
   -0.02228
    0.01386
    0.00893
   -0.00185
   -0.01125
   -0.05399
    0.02751
   -0.00544
   -0.01513
   -0.02997
    0.03063
   -0.00747
   -0.03296
    0.01921
    0.00892
   -0.00161
   -0.01032
   -0.02392
    0.02942
   -0.00109
    0.01526
   -0.08012
    0.03032
   -0.01649
    0.02114
   -0.00487
    0.03797
   -0.00895
   -0.03059
   -0.01099
    0.03345
   -0.00696
   -0.02148
   -0.00436
    0.02203
    0.01086
   -0.00814
   -0.05963
    0.01723
   -0.03115
    0.02655
   -0.01570
    0.02140
    0.00977
   -0.02030
   -0.00807
    0.01145
    0.00518
   -0.02453
   -0.01923
    0.02401
   -0.00103
    0.00600
   -0.07132
    0.03043
   -0.00132
    0.01103
   -0.02416
    0.02506
   -0.03004
    0.01383
   -0.01466
    0.02916
   -0.01290
   -0.01926
    0.01632
    0.01237
    0.00937
   -0.00495
   -0.07525
    0.02163
   -0.00693
   -0.00880
   -0.01349
    0.02255
    0.00199
   -0.03229
    0.00021
    0.01316
   -0.00754
   -0.01486
    0.00507
    0.01169
    0.00371
    0.00253
   -0.07829
    0.02117
    0.00039
   -0.01644
   -0.01061
    0.01740
   -0.01812
   -0.01607
    0.00567
    0.02046
   -0.00580
   -0.01765
    0.00890
    0.00908
   -0.00321
    0.00929
   -0.07806
    0.02197
   -0.01426
    0.01625
   -0.00251
    0.00507
   -0.01602
   -0.01374
    0.00514
    0.01629
    0.00019
   -0.04113
   -0.01360
    0.02639
    0.01107
    0.00003
   -0.07970
    0.01356
    0.00133
   -0.02903
   -0.00708
    0.02224
    0.01321
   -0.04080
    0.00290
    0.00464
   -0.01022
   -0.01821
    0.02430
    0.00755
    0.00221
    0.00295
   -0.10683
    0.02793
    0.00564
   -0.01112
   -0.02409
    0.01244
   -0.00500
   -0.02385
    0.01243
    0.00802
   -0.01485
   -0.00591
    0.00437
    0.01767
   -0.00460
    0.00964
   -0.08890
    0.03394
   -0.01128
   -0.01452
   -0.01118
    0.02964
   -0.01817
   -0.01122
    0.00642
    0.01707
   -0.00248
   -0.02502
    0.00308
    0.01901
   -0.00096
    0.01099
   -0.06485
    0.01779
   -0.01021
   -0.01765
   -0.01442
    0.02841
   -0.00422
   -0.00574
   -0.00013
    0.00629
    0.00145
   -0.01553
   -0.00858
    0.01551
    0.00430
   -0.00252
   -0.05562
    0.01908
   -0.02462
    0.00269
    0.01012
    0.01502
    0.00530
   -0.02139
    0.00590
    0.00388
   -0.01765
   -0.00428
    0.01260
    0.01319
    0.00020
    0.00299
   -0.06826
    0.02366
   -0.02963
   -0.01011
   -0.02715
    0.04095
   -0.01303
   -0.02481
    0.01317
    0.01166
    0.00219
   -0.03348
   -0.00645
    0.02107
    0.01119
   -0.01412
   -0.09147
    0.03034
    0.00389
   -0.03860
   -0.01145
    0.02874
    0.00782
   -0.04839
    0.00595
    0.01902
   -0.00479
   -0.01908
   -0.00525
    0.01902
    0.03883
   -0.01275
   -0.07894
    0.01774
    0.00171
   -0.01384
   -0.01906
    0.02574
   -0.01601
    0.00497
    0.00031
    0.00427
    0.00521
   -0.02889
   -0.02258
    0.02887
    0.03095
   -0.01734
   -0.07107
    0.03456
   -0.03578
   -0.03636
   -0.01217
    0.05696
    0.01325
   -0.01206
   -0.00574
    0.00244
    0.00531
   -0.01967
    0.00911
    0.00471
   -0.00285
   -0.01318
   -0.07904
    0.03271
   -0.02381
   -0.01716
   -0.04156
    0.05474
   -0.00442
   -0.02760
    0.00472
    0.01402
    0.01045
   -0.00289
   -0.01153
   -0.00503
   -0.00318
    0.01586
   -0.05146
    0.02162
   -0.00462
   -0.02406
   -0.00559
    0.02870
   -0.00294
   -0.00456
   -0.02158
    0.02043
   -0.00340
   -0.00977
   -0.00917
    0.01593
   -0.00931
    0.00050
   -0.03326
    0.03002
    0.03889
   -0.06846
    0.00246
    0.04712
    0.00461
   -0.02138
   -0.00190
    0.01366
   -0.00085
   -0.02594
   -0.00320
    0.02349
    0.01023
   -0.00806
   -0.03026
    0.01759
   -0.02210
    0.00728
   -0.00613
    0.02652
    0.02765
   -0.02347
   -0.02503
    0.00752
   -0.00065
   -0.01761
    0.01731
    0.00262
   -0.01476
    0.03641
   -0.05821
    0.02236
   -0.00374
   -0.00836
   -0.01380
    0.01560
    0.00952
   -0.02086
   -0.01175
    0.01002
   -0.00869
   -0.00947
   -0.00321
    0.01692
    0.00669
    0.00092
   -0.10433
    0.02467
   -0.00817
   -0.02564
   -0.01426
    0.03743
   -0.00722
   -0.01942
    0.00063
    0.01599
    0.00090
   -0.02260
   -0.01294
    0.01779
   -0.01016
    0.03111
   -0.09429
    0.00923
   -0.00856
   -0.01566
    0.00185
    0.01780
   -0.01955
    0.01483
   -0.01589
   -0.00329
   -0.00850
   -0.02250
   -0.00925
    0.02736
    0.00622
    0.00737
   -0.06220
    0.00868
   -0.02357
    0.00435
    0.00839
    0.01554
    0.00782
   -0.01270
   -0.00853
    0.00682
    0.00154
   -0.03891
    0.01056
    0.01650
    0.01087
   -0.00473
   -0.10904
    0.01885
   -0.01103
   -0.00754
   -0.03595
    0.03368
    0.00687
   -0.02007
    0.00447
    0.00576
   -0.01140
   -0.00843
   -0.01077
    0.02595
   -0.00426
    0.01748
   -0.07772
    0.02815
   -0.01730
   -0.02230
   -0.00410
    0.04464
   -0.01103
   -0.02684
    0.00953
    0.01618
   -0.01400
   -0.02046
    0.01194
    0.01713
    0.02579
   -0.01205
   -0.03104
   -0.00916
   -0.02005
    0.01426
    0.01216
    0.00517
   -0.00039
   -0.03153
    0.00024
    0.01558
   -0.00740
   -0.00854
   -0.01165
    0.03874
   -0.00166
    0.00882
   -0.06263
    0.02519
   -0.00801
   -0.00094
   -0.00535
    0.01890
   -0.00401
   -0.03443
    0.01429
    0.00965
   -0.00885
   -0.02644
    0.00772
    0.01649
    0.00531
   -0.01569
   -0.02541
    0.01522
   -0.00134
   -0.01411
   -0.01280
    0.01846
   -0.00252
   -0.03911
    0.00966
    0.01187
    0.00036
   -0.03866
    0.00216
    0.01825
    0.00424
   -0.01454
   -0.06485
    0.03010
   -0.01083
   -0.03698
   -0.01330
    0.04412
   -0.01995
   -0.03857
    0.01632
    0.02059
    0.00286
   -0.01963
   -0.00489
    0.01014
    0.01275
   -0.02985
   -0.05495
    0.03810
    0.00109
   -0.01995
    0.01617
    0.00051
   -0.00957
   -0.03370
    0.01161
    0.01891
   -0.01460
   -0.02529
   -0.02243
    0.04119
    0.02689
    0.01941
   -0.13288
    0.05966
   -0.03666
    0.00119
   -0.00380
    0.03985
   -0.00091
   -0.02370
   -0.00771
    0.02117
    0.00294
   -0.02597
    0.01136
    0.00773
    0.01429
   -0.03747
   -0.08150
    0.03715
   -0.01065
   -0.02175
   -0.03876
    0.04850
    0.00277
   -0.05924
    0.01197
    0.02197
   -0.00248
   -0.03208
   -0.00950
    0.02759
    0.00107
    0.00532
   -0.09877
    0.04411
   -0.00949
   -0.02389
    0.00610
    0.02633
   -0.00062
   -0.04518
   -0.00452
    0.02703
   -0.00060
   -0.03720
   -0.00778
    0.02664
    0.00236
   -0.01399
   -0.02739
    0.02022
   -0.01684
    0.00676
   -0.02007
    0.02875
    0.00096
   -0.02039
   -0.01881
    0.02548
   -0.00606
   -0.01364
   -0.00823
    0.02649
   -0.00624
    0.01108
   -0.05816
    0.03397
   -0.00193
   -0.01813
    0.00293
    0.00705
   -0.00310
   -0.02260
   -0.01126
    0.02664
   -0.01109
   -0.01292
    0.01089
    0.01283
    0.02261
   -0.02006
   -0.08241
    0.01612
   -0.01936
   -0.01489
    0.00546
    0.02338
    0.00513
   -0.03133
   -0.00908
    0.01709
   -0.00235
   -0.01544
   -0.02408
    0.02135
    0.02336
   -0.01092
   -0.09620
    0.01012
   -0.00265
   -0.02074
   -0.00318
    0.01590
   -0.01882
   -0.02533
    0.01869
    0.01466
   -0.01012
   -0.00974
   -0.00788
    0.01787
   -0.00458
    0.00589
   -0.03893
    0.01774
   -0.01822
   -0.00154
   -0.00165
    0.02208
    0.00214
   -0.02039
    0.00254
    0.00855
    0.00414
   -0.02813
   -0.02305
    0.02513
    0.02263
   -0.02621
   -0.07306
    0.02262
   -0.00896
   -0.01863
   -0.02954
    0.03765
    0.01020
   -0.03307
   -0.00612
    0.01353
   -0.00047
   -0.02042
    0.01010
    0.00623
    0.02383
   -0.01739
   -0.07825
    0.00884
   -0.00198
   -0.01339
   -0.02130
    0.02039
   -0.00846
   -0.01900
    0.00900
    0.00963
   -0.00974
   -0.01152
    0.02137
    0.00432
   -0.00477
    0.01719
   -0.07674
    0.02637
   -0.01060
   -0.00412
   -0.00397
    0.01703
   -0.01822
   -0.01199
    0.01495
    0.01272
   -0.02727
   -0.02698
    0.00954
    0.02932
    0.00242
    0.00457
   -0.02326
    0.00455
   -0.00141
   -0.03547
   -0.00565
    0.02414
   -0.01542
   -0.02413
    0.00922
    0.01719
   -0.00635
   -0.01510
   -0.01464
    0.02522
    0.00384
   -0.00345
   -0.06774
    0.02463
    0.00644
   -0.00832
   -0.00267
    0.00179
   -0.01314
   -0.01555
    0.01870
    0.00833
   -0.01050
   -0.01310
    0.02126
    0.00547
   -0.00717
    0.00703
   -0.06643
    0.02540
   -0.00821
   -0.01317
   -0.01619
    0.02266
   -0.01018
   -0.02096
    0.01334
    0.00911
   -0.00185
   -0.02962
    0.00967
    0.01226
    0.01293
   -0.02375
   -0.08001
    0.02687
   -0.00388
   -0.03732
   -0.02243
    0.03910
   -0.00783
   -0.04994
    0.01869
    0.02209
   -0.00468
   -0.01671
   -0.02418
    0.02651
   -0.00177
   -0.00068
   -0.08265
    0.02565
   -0.00501
   -0.04646
   -0.00975
    0.03888
    0.00175
   -0.02635
    0.00431
    0.01434
   -0.00618
   -0.02878
    0.00006
    0.02286
    0.02707
   -0.02040
   -0.04357
    0.00861
   -0.01491
   -0.02769
    0.01114
    0.02220
    0.01937
   -0.05607
    0.02227
    0.00903
   -0.00606
   -0.03173
    0.00888
    0.01968
   -0.00800
   -0.02855
   -0.10210
    0.02731
   -0.01203
   -0.03137
   -0.03829
    0.04368
   -0.00655
   -0.03365
    0.01343
    0.01531
    0.00058
   -0.02796
   -0.00811
    0.01736
    0.01558
   -0.02295
   -0.09761
    0.04535
    0.00187
   -0.01866
   -0.01631
    0.02370
   -0.00946
   -0.03849
    0.00576
    0.02174
   -0.01126
   -0.01299
   -0.00539
    0.01983
    0.02071
   -0.02735
   -0.06673
    0.01953
    0.00785
   -0.02324
   -0.00007
    0.01049
    0.00009
   -0.02644
   -0.01111
    0.02303
    0.00049
   -0.03849
   -0.00348
    0.02377
    0.01847
   -0.01312
   -0.09110
    0.02725
   -0.00147
   -0.01766
   -0.01155
    0.02495
    0.00034
   -0.01672
   -0.00748
    0.01663
   -0.01587
    0.00156
    0.01753
    0.00376
    0.00772
   -0.01479
   -0.09212
    0.02900
   -0.00317
   -0.01341
   -0.01507
    0.01591
   -0.00329
   -0.02978
    0.00096
    0.01308
   -0.00729
   -0.00821
   -0.00055
    0.01313
    0.00132
   -0.00260
   -0.06422
    0.02397
    0.00028
   -0.01861
   -0.00714
    0.01590
   -0.01111
   -0.01870
    0.01150
    0.00943
   -0.00867
   -0.01783
    0.00042
    0.01566
    0.00383
    0.00859
   -0.09822
    0.01592
   -0.00603
   -0.01883
    0.01028
    0.00956
   -0.00849
   -0.01707
    0.01238
    0.00759
    0.00378
   -0.04814
   -0.00880
    0.02378
    0.00826
   -0.00748
   -0.07278
    0.01954
    0.00110
   -0.02283
   -0.00027
    0.01284
    0.00091
   -0.02875
    0.01519
    0.00427
   -0.00717
   -0.02128
    0.01018
    0.01365
    0.00219
   -0.00576
   -0.08413
    0.02148
   -0.00194
   -0.02270
   -0.01615
    0.01933
    0.00222
   -0.02129
    0.00873
    0.00471
