IntronPotTab 1 1024 -40.51335 3.72618 25.63396 82209 6 16  433.13
   -0.01090
   -0.01311
   -0.02559
    0.03584
   -0.00057
   -0.05714
   -0.14311
    0.08215
   -0.02441
   -0.01067
   -0.05373
    0.07219
   -0.03105
   -0.05772
    0.05595
    0.02225
   -0.03767
   -0.03832
   -0.03211
    0.08022
    0.02288
   -0.06628
   -0.18744
    0.10784
   -0.00754
   -0.03118
   -0.05122
    0.09029
   -0.00987
   -0.10479
    0.06512
    0.02293
    0.00989
   -0.05484
   -0.05439
    0.05235
    0.02271
   -0.08595
   -0.17883
    0.08347
    0.00248
   -0.03510
   -0.02861
    0.04975
    0.01276
   -0.10017
   -0.02071
    0.04646
   -0.04218
    0.00445
   -0.01361
    0.04083
   -0.00364
   -0.04679
   -0.13611
    0.08163
   -0.03396
    0.02033
   -0.06773
    0.06958
   -0.05430
   -0.01469
    0.04041
    0.02366
    0.00060
   -0.05690
   -0.06196
    0.08631
    0.01911
   -0.07210
   -0.18188
    0.12849
    0.00216
   -0.06165
   -0.13568
    0.12952
   -0.01581
   -0.09673
   -0.01024
    0.09091
   -0.00341
   -0.09086
   -0.05073
    0.09584
    0.02402
   -0.04584
   -0.19430
    0.09896
    0.03362
   -0.06439
   -0.10428
    0.12544
    0.01237
   -0.14959
    0.02481
    0.08614
    0.05286
   -0.12504
   -0.05867
    0.10734
    0.08583
   -0.08819
   -0.12905
    0.11819
    0.07523
   -0.13235
   -0.03723
    0.09922
    0.01419
   -0.12991
   -0.03662
    0.13412
   -0.00997
   -0.05901
    0.00593
    0.04853
    0.03897
   -0.07640
   -0.17872
    0.10657
    0.02553
   -0.04899
   -0.11484
    0.08681
    0.01145
   -0.06028
    0.00760
    0.02443
    0.00823
    0.00483
   -0.11595
    0.09447
    0.04619
   -0.04680
   -0.21895
    0.10529
   -0.02695
    0.00785
   -0.09117
    0.13691
    0.01612
   -0.09579
   -0.02768
    0.06975
   -0.02113
   -0.04553
   -0.08861
    0.11675
    0.05875
   -0.05037
   -0.22695
    0.12434
    0.02637
   -0.04453
   -0.09723
    0.12987
    0.01947
   -0.12429
   -0.00273
    0.07592
    0.03490
   -0.02805
   -0.11899
    0.10285
    0.07652
   -0.07261
   -0.22915
    0.12311
    0.02188
   -0.04884
   -0.06404
    0.07680
   -0.03083
   -0.05615
   -0.05812
    0.10542
    0.00611
   -0.04902
   -0.00751
    0.03719
    0.04844
   -0.06080
   -0.20787
    0.10112
   -0.00084
    0.00176
   -0.08687
    0.07805
    0.01592
   -0.03132
   -0.03767
    0.03281
   -0.04805
    0.03267
   -0.02228
    0.04830
   -0.00820
   -0.05419
   -0.15978
    0.08574
   -0.03875
   -0.01164
   -0.05705
    0.08179
   -0.07004
   -0.00545
    0.02956
    0.06126
   -0.04203
   -0.03704
   -0.02320
    0.07303
    0.01552
   -0.04810
   -0.18155
    0.08730
    0.01213
   -0.03115
   -0.10646
    0.09880
   -0.02686
   -0.10197
    0.06772
    0.03960
    0.00284
   -0.06265
   -0.06888
    0.06565
   -0.01384
   -0.06099
   -0.16131
    0.10436
   -0.00137
   -0.06537
   -0.05276
    0.08405
   -0.03670
   -0.08548
   -0.02611
    0.08670
   -0.06341
    0.01210
    0.00707
    0.04880
    0.00352
   -0.06760
   -0.14662
    0.09289
   -0.01461
   -0.00925
   -0.06574
    0.06358
   -0.03168
    0.01627
    0.01961
   -0.00079
   -0.01591
   -0.01159
   -0.06237
    0.05856
   -0.00058
   -0.05105
   -0.20778
    0.11395
   -0.02379
   -0.03709
   -0.09583
    0.11990
   -0.02307
   -0.06101
   -0.01428
    0.06274
   -0.01436
   -0.04284
   -0.05559
    0.06819
    0.03627
   -0.02281
   -0.20412
    0.09988
    0.00189
   -0.00717
   -0.06520
    0.06521
    0.00184
   -0.10985
    0.01859
    0.05045
    0.03213
   -0.06125
   -0.08154
    0.05250
    0.04088
   -0.07310
   -0.21160
    0.10625
    0.02251
   -0.03724
   -0.01322
    0.01606
    0.01749
   -0.11165
   -0.06589
    0.08661
   -0.00347
   -0.04181
   -0.01493
    0.02676
    0.01310
   -0.03455
   -0.20202
    0.09963
   -0.00225
   -0.00633
   -0.08672
    0.06640
   -0.02767
   -0.04565
   -0.03477
    0.05642
    0.02363
   -0.06594
   -0.08264
    0.08370
    0.07237
   -0.08358
   -0.20970
    0.13882
    0.02115
   -0.08386
   -0.11044
    0.14368
    0.01913
   -0.11380
   -0.01405
    0.09537
    0.01131
   -0.08338
   -0.07173
    0.09508
    0.01189
    0.05134
   -0.22047
    0.04953
   -0.00520
   -0.02782
   -0.08017
    0.11380
   -0.00320
   -0.11261
    0.02814
    0.09619
    0.05726
   -0.11596
   -0.05838
    0.09380
    0.10018
   -0.08219
   -0.05126
    0.13046
    0.01598
   -0.06080
   -0.00919
    0.07534
    0.09280
   -0.15045
   -0.01417
    0.11192
   -0.00099
   -0.04888
   -0.02538
    0.05425
    0.07942
   -0.07119
   -0.17186
    0.11284
    0.02492
   -0.06717
   -0.11408
    0.11915
    0.02470
   -0.11746
   -0.04663
    0.10221
    0.03755
   -0.06336
   -0.12808
    0.12178
    0.07404
    0.00529
   -0.15593
    0.14423
    0.01642
   -0.04258
   -0.08748
    0.15022
    0.01298
   -0.05653
   -0.07495
    0.12418
    0.02331
   -0.07771
   -0.08883
    0.11935
    0.06129
    0.03001
   -0.10797
    0.12893
    0.02662
   -0.02579
   -0.06343
    0.10617
    0.05823
   -0.10664
   -0.04074
    0.11587
    0.03609
   -0.09353
   -0.06146
    0.09952
    0.10511
   -0.01253
   -0.09881
    0.10878
    0.00597
   -0.06887
   -0.01146
    0.08807
    0.07215
   -0.11237
   -0.06617
    0.11340
    0.03630
   -0.09038
   -0.01510
    0.06719
    0.05310
    0.00128
   -0.15953
    0.15401
    0.00744
   -0.02964
   -0.09524
    0.12143
    0.05238
   -0.08829
   -0.06464
    0.08268
   -0.03597
    0.00758
   -0.05914
    0.06280
   -0.00282
   -0.03554
   -0.23422
    0.09451
   -0.00151
   -0.06078
   -0.06955
    0.09784
   -0.04976
   -0.04849
    0.02484
    0.05350
   -0.03123
   -0.05201
   -0.04181
    0.08561
    0.03469
   -0.02100
   -0.15986
    0.05786
    0.02489
   -0.03855
   -0.09922
    0.09240
   -0.00783
   -0.09324
    0.05368
    0.06248
    0.02938
   -0.09005
   -0.10486
    0.07314
    0.03460
   -0.09971
   -0.20461
    0.09544
    0.00744
   -0.07983
   -0.05627
    0.08656
    0.00803
   -0.11828
   -0.05205
    0.08872
   -0.02889
    0.00176
   -0.03406
    0.04228
    0.02066
   -0.04921
   -0.21718
    0.08630
   -0.00723
   -0.02112
   -0.08544
    0.07778
   -0.01116
   -0.03615
   -0.01604
    0.03257
   -0.03048
   -0.00630
   -0.06524
    0.08234
    0.02216
   -0.06712
   -0.25118
    0.10732
   -0.05872
   -0.01775
   -0.07761
    0.15282
   -0.01205
   -0.08135
    0.00485
    0.04966
   -0.01613
   -0.05482
   -0.05528
    0.08212
    0.06516
   -0.06859
   -0.22385
    0.11021
   -0.01359
   -0.01388
   -0.05179
    0.10749
    0.00688
   -0.11820
    0.03532
    0.03331
    0.03780
   -0.04862
   -0.10080
    0.08337
    0.04523
   -0.06296
   -0.19001
    0.07809
   -0.03475
   -0.04243
    0.00418
    0.08698
    0.00809
   -0.10442
   -0.03163
    0.05982
   -0.01413
   -0.03699
   -0.02959
    0.04616
    0.02258
   -0.04094
   -0.14806
    0.08461
   -0.03915
    0.03129
   -0.07890
    0.09307
   -0.01721
   -0.04819
    0.00793
    0.02900
    0.01371
   -0.05878
   -0.09169
    0.10016
    0.06465
   -0.08455
   -0.22706
    0.14825
    0.01824
   -0.08934
   -0.12454
    0.18056
    0.01294
   -0.11094
   -0.03208
    0.10486
    0.01144
   -0.09764
   -0.05772
    0.09524
    0.01009
   -0.02406
   -0.18739
    0.13593
   -0.00303
   -0.04311
   -0.03146
    0.10890
    0.04735
   -0.15520
    0.01657
    0.09558
    0.03780
   -0.12611
   -0.06490
    0.15900
    0.09912
   -0.08888
   -0.08232
    0.15067
    0.03184
   -0.09669
    0.01529
    0.14515
    0.06762
   -0.17051
   -0.00302
    0.13171
    0.01919
   -0.06660
   -0.05132
    0.07803
    0.06959
   -0.08451
   -0.18424
    0.13281
    0.03362
   -0.07799
   -0.10501
    0.14734
    0.04251
   -0.09539
   -0.03186
    0.07557
    0.01737
   -0.00666
   -0.10973
    0.08477
    0.06765
   -0.03985
   -0.22136
    0.11058
   -0.01665
   -0.01741
   -0.09104
    0.15802
    0.02315
   -0.09357
   -0.04570
    0.08269
   -0.00506
   -0.05346
   -0.09587
    0.11702
    0.08769
   -0.04955
   -0.19491
    0.12457
    0.01078
   -0.00822
   -0.07435
    0.14791
    0.02975
   -0.10535
   -0.02079
    0.07054
    0.04397
   -0.06219
   -0.09767
    0.10896
    0.10422
   -0.08081
   -0.18031
    0.11617
   -0.02541
   -0.12077
    0.05980
    0.05396
    0.00243
   -0.10760
   -0.03743
    0.08583
   -0.01532
   -0.05222
    0.02848
    0.02563
    0.05618
   -0.04705
   -0.19686
    0.11852
   -0.01803
   -0.00334
   -0.07351
    0.11427
    0.01013
   -0.04574
   -0.03538
    0.04626
   -0.01849
    0.01643
   -0.08230
    0.05273
    0.00770
   -0.04085
   -0.24341
    0.09837
   -0.02947
   -0.03610
   -0.06295
    0.08516
   -0.04475
   -0.04725
   -0.00254
    0.06522
    0.00640
   -0.06929
   -0.06227
    0.07387
    0.03399
   -0.06971
   -0.21484
    0.10339
    0.02358
   -0.04058
   -0.06278
    0.06577
    0.00578
   -0.10503
    0.05732
    0.02888
    0.02197
   -0.08437
   -0.10343
    0.08873
    0.03112
   -0.07722
   -0.21289
    0.11156
   -0.00146
   -0.08169
   -0.04564
    0.09763
   -0.02635
   -0.10463
   -0.02039
    0.08834
   -0.03400
   -0.00322
   -0.02264
    0.04700
    0.00890
   -0.05327
   -0.22348
    0.11350
   -0.00887
   -0.00398
   -0.07235
    0.06612
   -0.01363
   -0.01083
    0.00335
    0.01132
   -0.03206
    0.00722
   -0.02801
    0.04741
   -0.00138
   -0.06057
   -0.16087
    0.07662
   -0.00938
   -0.00374
   -0.05749
    0.04741
   -0.03992
   -0.01983
    0.04476
    0.01537
   -0.03579
   -0.05112
   -0.01400
    0.06485
    0.02407
   -0.08304
   -0.17710
    0.08624
    0.00380
   -0.00111
   -0.03664
    0.02310
   -0.02513
   -0.11132
    0.07366
    0.04293
    0.01250
   -0.04056
   -0.07103
    0.04996
    0.02638
   -0.09598
   -0.16939
    0.07055
    0.01832
   -0.03282
   -0.06234
    0.04924
   -0.02379
   -0.09258
   -0.01413
    0.06695
   -0.01733
    0.00695
    0.00862
    0.00452
   -0.00214
   -0.04366
   -0.16408
    0.07327
   -0.02654
    0.02914
   -0.05647
    0.03535
   -0.04846
    0.00193
    0.02036
    0.01777
   -0.01161
   -0.05268
   -0.06467
    0.09464
    0.02995
   -0.10108
   -0.18940
    0.12907
   -0.01127
   -0.09509
   -0.11394
    0.15384
    0.00196
   -0.13031
    0.02576
    0.08180
   -0.02062
   -0.09670
   -0.04440
    0.09855
    0.02699
   -0.02762
   -0.24305
    0.09546
   -0.00641
   -0.06781
   -0.10505
    0.13976
    0.03330
   -0.16870
    0.05608
    0.09339
    0.03330
   -0.15322
   -0.07389
    0.11060
    0.09690
   -0.15088
   -0.06252
    0.15559
    0.03349
   -0.15434
   -0.03343
    0.15554
    0.05932
   -0.17925
    0.01537
    0.12755
   -0.01126
   -0.05535
    0.00568
    0.03903
    0.05713
   -0.11229
   -0.14911
    0.08563
    0.00853
   -0.06250
   -0.10503
    0.10327
    0.03590
   -0.11792
    0.02008
    0.05221
    0.00387
   -0.00247
   -0.11934
    0.08106
    0.02879
   -0.02916
   -0.25305
    0.11477
   -0.00115
   -0.01982
   -0.09635
    0.09864
    0.00612
   -0.06832
   -0.04158
    0.07086
   -0.00506
   -0.03632
   -0.11366
    0.08958
    0.04460
   -0.03762
   -0.26222
    0.12161
    0.02152
   -0.04355
   -0.09681
    0.10587
    0.01919
   -0.11271
   -0.01809
    0.07090
    0.04238
   -0.06495
   -0.10487
    0.08068
    0.07390
   -0.06418
   -0.24164
    0.10949
    0.02196
   -0.11659
    0.00971
    0.06685
    0.01477
   -0.07095
   -0.07462
    0.08676
   -0.01058
   -0.04174
    0.00509
    0.03290
    0.01355
   -0.02687
   -0.21691
    0.10943
   -0.00613
    0.01501
   -0.07579
    0.04700
    0.01110
   -0.01470
   -0.04622
    0.03160
   -0.06000
    0.04891
    0.00173
    0.03355
   -0.02885
   -0.03520
   -0.16230
    0.08826
   -0.04100
   -0.01253
   -0.04534
    0.07233
   -0.07201
   -0.01606
    0.06335
    0.02480
   -0.04801
   -0.04893
   -0.00633
    0.07030
    0.01285
   -0.03484
   -0.19756
    0.06683
    0.00840
   -0.06899
   -0.08351
    0.09352
   -0.02362
   -0.10695
    0.08585
    0.02665
   -0.00791
   -0.04241
   -0.06984
    0.06620
    0.00513
   -0.09183
   -0.13952
    0.08345
   -0.02831
   -0.06379
   -0.03422
    0.08854
   -0.03559
   -0.08628
   -0.00026
    0.06054
   -0.06964
    0.04025
    0.00480
    0.03395
   -0.01383
   -0.03772
   -0.15909
    0.06981
   -0.04343
   -0.00267
   -0.04665
    0.07032
   -0.04387
   -0.01447
    0.03563
    0.01138
