IntronPotTab 1 1024 -18.49003 3.40672 15.38174 14416 6 16  511.12
   -0.01165
   -0.02112
    0.01401
    0.01611
   -0.01890
   -0.05232
   -0.12312
    0.08018
   -0.01717
   -0.02072
   -0.03392
    0.05602
   -0.05432
   -0.04141
    0.04433
    0.03639
   -0.04402
   -0.04225
    0.02450
    0.06444
   -0.01727
   -0.03378
   -0.10919
    0.08339
   -0.01324
    0.01288
   -0.08787
    0.08805
   -0.03231
   -0.08646
    0.09106
    0.01517
   -0.01139
   -0.03797
   -0.00739
    0.03835
    0.00216
   -0.08557
   -0.09638
    0.06283
    0.01589
   -0.11247
    0.02802
    0.03770
   -0.02757
   -0.09234
    0.01136
    0.04704
   -0.05493
   -0.00431
    0.02509
    0.05670
   -0.01433
   -0.06895
   -0.07267
    0.06817
   -0.02767
   -0.00228
   -0.05174
    0.07243
   -0.06630
   -0.02655
    0.04699
    0.03401
   -0.02290
   -0.04448
    0.00855
    0.04949
    0.00327
   -0.03085
   -0.08840
    0.04599
   -0.01467
   -0.05220
   -0.02818
    0.06657
   -0.03820
   -0.05923
    0.01615
    0.04778
   -0.02898
   -0.06544
    0.00403
    0.06829
   -0.00095
   -0.04789
   -0.17159
    0.10312
    0.01321
   -0.08797
   -0.04959
    0.06761
   -0.01246
   -0.07843
    0.06356
    0.02023
   -0.04315
   -0.02946
    0.00757
    0.06838
    0.04043
   -0.10467
   -0.09249
    0.07483
   -0.00048
   -0.01660
   -0.11261
    0.09021
   -0.01570
   -0.03269
   -0.02732
    0.05553
   -0.03089
   -0.03753
    0.01581
    0.04505
   -0.01494
   -0.05491
   -0.13778
    0.08479
    0.00472
   -0.04267
   -0.03738
    0.04561
   -0.02462
   -0.05671
    0.01840
    0.03080
   -0.00974
   -0.00882
   -0.02262
    0.03557
    0.01861
   -0.05142
   -0.07476
    0.02784
   -0.02132
   -0.01505
   -0.01354
    0.05295
   -0.01023
   -0.05721
    0.00581
    0.02724
   -0.04536
   -0.03093
   -0.01546
    0.07508
    0.03897
   -0.09902
   -0.13645
    0.06726
    0.02093
   -0.01616
   -0.11033
    0.09322
   -0.00769
   -0.09442
    0.03608
    0.02890
    0.00411
   -0.02167
   -0.05003
    0.04085
    0.05760
   -0.14467
   -0.11986
    0.06413
    0.00228
   -0.02193
   -0.02442
    0.02933
   -0.07194
   -0.03447
   -0.02391
    0.07617
   -0.03401
   -0.02714
    0.02674
    0.03713
    0.01536
   -0.06938
   -0.10656
    0.05236
   -0.01009
   -0.00359
   -0.04433
    0.04891
   -0.02417
   -0.06376
   -0.00389
    0.04396
   -0.03806
    0.00395
    0.00641
    0.03707
   -0.02815
   -0.04564
   -0.03641
    0.06778
   -0.00997
   -0.07413
   -0.02141
    0.06896
   -0.04189
   -0.01774
    0.05890
    0.01239
   -0.04872
   -0.03896
    0.03747
    0.05077
   -0.02718
   -0.03192
   -0.09339
    0.07683
   -0.03174
   -0.03258
   -0.02777
    0.06781
   -0.04029
   -0.08625
    0.10163
    0.01756
   -0.01670
   -0.03283
   -0.03129
    0.04733
   -0.02529
   -0.07344
   -0.05879
    0.07817
   -0.00456
   -0.08930
   -0.02130
    0.07482
   -0.03603
   -0.05555
   -0.00148
    0.04818
   -0.05997
   -0.00712
    0.05102
    0.03826
   -0.01968
   -0.07801
   -0.06757
    0.07056
   -0.03153
    0.00733
   -0.02207
    0.04231
   -0.05044
   -0.00204
    0.04909
    0.00719
   -0.03512
   -0.00594
   -0.03519
    0.06262
   -0.04755
   -0.02093
   -0.05259
    0.07702
   -0.02944
   -0.02346
   -0.04013
    0.06542
   -0.04391
   -0.05289
    0.01488
    0.04439
   -0.05480
   -0.01828
    0.02319
    0.06141
   -0.02121
   -0.05992
   -0.04390
    0.09018
   -0.03648
   -0.00672
   -0.09417
    0.09088
   -0.04541
   -0.07293
    0.06677
    0.03008
   -0.00985
   -0.05269
   -0.04439
    0.06622
   -0.00632
   -0.10208
   -0.17951
    0.11080
   -0.00623
    0.00004
    0.00337
    0.00512
   -0.04451
   -0.06360
   -0.02725
    0.06938
   -0.05070
   -0.02961
    0.02533
    0.04906
   -0.03753
   -0.05251
   -0.08071
    0.09293
   -0.03967
    0.00184
   -0.03921
    0.05822
   -0.05064
   -0.06560
    0.01990
    0.04421
   -0.01365
   -0.01042
   -0.06937
    0.07459
    0.00223
   -0.07127
   -0.10353
    0.09591
   -0.02458
   -0.10682
   -0.00411
    0.12108
   -0.01121
   -0.05401
    0.02718
    0.02009
   -0.04167
   -0.07421
    0.04137
    0.08602
   -0.10382
    0.09152
   -0.20904
    0.07611
   -0.02306
   -0.04789
    0.03426
    0.04011
   -0.09048
   -0.07626
    0.06793
    0.06566
   -0.01373
   -0.01357
   -0.07758
    0.08835
    0.15015
   -0.08723
   -0.40245
    0.15576
    0.00043
   -0.09715
   -0.03614
    0.12459
    0.08422
    0.00120
   -0.06413
   -0.00937
   -0.03100
    0.00170
    0.01712
    0.02515
   -0.00130
   -0.09070
   -0.16435
    0.10867
   -0.01997
   -0.03918
   -0.05032
    0.08006
   -0.04953
   -0.07682
   -0.01851
    0.07434
    0.03034
   -0.06884
   -0.11513
    0.09698
    0.00342
   -0.07989
   -0.05273
    0.08257
   -0.00791
   -0.03053
   -0.03533
    0.05680
   -0.01729
   -0.09409
   -0.00514
    0.06673
   -0.07668
   -0.02049
   -0.02479
    0.11130
    0.03836
   -0.22494
   -0.08168
    0.22574
    0.06744
   -0.04969
   -0.26445
    0.27623
    0.02597
   -0.06245
   -0.06262
    0.06254
   -0.00185
   -0.18161
   -0.00483
    0.11665
    0.08215
   -0.12090
   -0.16550
    0.08678
    0.12509
   -0.17119
   -0.03486
    0.04445
    0.00350
   -0.03968
   -0.01750
    0.02674
   -0.01791
   -0.05183
    0.00427
    0.04649
    0.05248
   -0.21034
   -0.05973
    0.13973
    0.02774
    0.01077
   -0.11025
    0.05493
   -0.01106
   -0.03480
   -0.01405
    0.02654
   -0.04364
   -0.01297
   -0.02188
    0.06061
   -0.03802
   -0.02075
   -0.08436
    0.06591
   -0.03600
   -0.04380
   -0.00294
    0.06371
   -0.08786
   -0.00647
    0.05939
    0.03467
   -0.06066
   -0.01973
    0.02698
    0.06176
   -0.05029
    0.02255
   -0.15566
    0.08388
    0.00176
   -0.10193
   -0.09691
    0.12574
   -0.06898
   -0.02154
    0.05165
    0.02801
   -0.00373
   -0.03336
   -0.06270
    0.05055
   -0.01544
   -0.05579
   -0.13438
    0.06622
   -0.02815
   -0.05589
   -0.00318
    0.06632
   -0.04518
   -0.05695
   -0.00767
    0.05523
   -0.03723
   -0.03159
    0.00956
    0.04427
   -0.02894
   -0.03626
   -0.21416
    0.09100
   -0.03194
   -0.00575
   -0.09675
    0.09537
   -0.06329
   -0.01457
   -0.03105
    0.05233
   -0.03818
   -0.00202
   -0.00927
    0.05604
   -0.01970
   -0.05485
   -0.09620
    0.06886
   -0.03399
   -0.00660
   -0.05305
    0.08409
   -0.03532
   -0.06240
    0.00218
    0.04803
   -0.03987
   -0.04206
    0.00757
    0.06104
   -0.00365
   -0.06949
   -0.09070
    0.08050
   -0.11591
   -0.00471
    0.05637
    0.11724
    0.00394
   -0.12810
    0.09052
    0.01009
    0.00402
   -0.06647
   -0.03281
    0.05235
   -0.01791
   -0.05465
   -0.10956
    0.06796
    0.01375
   -0.07307
   -0.01478
    0.04303
   -0.01829
   -0.10190
   -0.01207
    0.05812
   -0.04255
   -0.03892
    0.01244
    0.05264
   -0.00871
   -0.05698
   -0.13110
    0.08165
   -0.04201
   -0.00048
   -0.02074
    0.07169
   -0.03010
   -0.05297
    0.02109
    0.02757
   -0.02764
   -0.03329
   -0.03453
    0.07686
   -0.02791
   -0.06202
   -0.08128
    0.10540
   -0.01615
   -0.08276
   -0.04730
    0.11734
   -0.02571
   -0.06764
    0.01237
    0.04329
   -0.05377
   -0.04368
    0.04080
    0.06809
   -0.02758
   -0.09954
   -0.21191
    0.21901
    0.07389
   -0.13709
   -0.10977
    0.15085
   -0.02296
   -0.09901
    0.10398
    0.01952
    0.01480
    0.01525
   -0.15091
    0.12620
    0.21694
   -0.28150
   -0.16882
    0.19909
   -0.04488
   -0.09142
   -0.04109
    0.18489
    0.01063
   -0.03915
   -0.05739
    0.06214
    0.01080
   -0.05136
    0.00821
    0.01118
   -0.00510
   -0.06396
   -0.14095
    0.08496
    0.02179
   -0.04764
   -0.10366
    0.09759
    0.00688
   -0.06164
   -0.01511
    0.03931
   -0.00992
   -0.00153
   -0.01935
    0.02840
    0.04228
   -0.01532
   -0.26093
    0.06792
   -0.01641
   -0.02313
   -0.06909
    0.09907
   -0.00158
   -0.06413
   -0.00916
    0.03541
   -0.01741
   -0.14689
    0.02729
    0.08188
   -0.02250
    0.01168
   -0.13895
    0.07691
    0.06181
   -0.25187
   -0.03899
    0.20077
   -0.08718
   -0.05185
    0.00810
    0.07327
    0.01003
   -0.04555
   -0.05265
    0.04786
    0.06833
    0.00252
   -0.34379
    0.06669
    0.07627
   -0.19718
    0.01937
    0.02967
   -0.01817
   -0.06336
   -0.08571
    0.09055
   -0.03542
   -0.06934
    0.05501
    0.04124
    0.00374
   -0.04725
   -0.17455
    0.09071
    0.00317
   -0.00766
   -0.09670
    0.10827
   -0.03253
   -0.04088
   -0.01860
    0.04613
   -0.03179
   -0.00386
   -0.04341
    0.05591
   -0.00844
   -0.08430
   -0.12667
    0.08963
   -0.02358
   -0.04225
   -0.03372
    0.06907
   -0.01909
   -0.03719
    0.02216
    0.01605
   -0.04452
   -0.04151
    0.02388
    0.05646
   -0.01501
   -0.01018
   -0.29869
    0.14116
   -0.05060
   -0.01071
   -0.02487
    0.06808
   -0.02801
   -0.09541
    0.06865
    0.03162
    0.00429
   -0.04260
   -0.08374
    0.05984
    0.01146
   -0.16857
   -0.09284
    0.10688
    0.01941
   -0.06052
   -0.08790
    0.09069
   -0.01922
   -0.06002
   -0.02319
    0.05320
   -0.03024
   -0.02404
    0.00150
    0.03847
   -0.01839
   -0.03851
   -0.22920
    0.10104
   -0.02005
   -0.00226
   -0.03785
    0.04690
   -0.02115
   -0.00783
    0.00565
    0.01225
   -0.03349
    0.00895
   -0.00208
    0.03689
   -0.02708
   -0.05492
   -0.06262
    0.07017
   -0.01547
   -0.00252
   -0.05052
    0.04744
   -0.06422
   -0.00730
    0.05426
    0.02289
   -0.06429
   -0.01950
    0.02868
    0.06545
   -0.01609
   -0.06140
   -0.05161
    0.06920
   -0.03924
    0.00369
   -0.02774
    0.05306
   -0.06053
   -0.08709
    0.07461
    0.03733
   -0.01057
   -0.02899
   -0.04759
    0.05376
   -0.00267
   -0.18061
   -0.03425
    0.10902
    0.01737
   -0.09237
   -0.02529
    0.05875
   -0.06478
   -0.04957
   -0.00596
    0.06051
   -0.05705
    0.01302
   -0.03203
    0.05061
   -0.03556
   -0.04449
   -0.08484
    0.07612
   -0.03195
    0.01042
   -0.03457
    0.04339
   -0.05829
    0.00220
    0.04826
    0.01561
   -0.02781
   -0.04359
   -0.01611
    0.06365
   -0.01988
   -0.07713
   -0.09428
    0.08735
   -0.03568
   -0.05253
   -0.07539
    0.10729
   -0.02796
   -0.08696
    0.02592
    0.04850
   -0.02965
   -0.05705
   -0.03414
    0.07802
   -0.06428
    0.00806
   -0.11438
    0.08804
   -0.00436
   -0.14376
   -0.03982
    0.13427
   -0.03259
   -0.10241
    0.05941
    0.04829
    0.00103
   -0.08351
   -0.05014
    0.07489
   -0.00086
   -0.12882
   -0.16365
    0.14891
   -0.02538
   -0.02642
   -0.11196
    0.12459
    0.03934
   -0.19052
   -0.01187
    0.09880
   -0.03285
   -0.03270
   -0.00614
    0.05170
   -0.03525
   -0.07767
   -0.16440
    0.09163
   -0.03663
   -0.06710
   -0.06666
    0.11232
   -0.01088
   -0.07760
   -0.00231
    0.04578
   -0.02342
   -0.00895
   -0.04241
    0.06058
   -0.01976
   -0.04299
   -0.09001
    0.07196
   -0.01567
   -0.01554
   -0.03957
    0.05431
   -0.03088
   -0.05513
   -0.02242
    0.05736
   -0.04298
   -0.03172
   -0.04821
    0.07575
   -0.04584
   -0.06818
   -0.10764
    0.12796
   -0.06232
   -0.04548
   -0.05914
    0.13182
   -0.03490
   -0.11051
    0.00663
    0.06132
    0.01640
   -0.06793
   -0.06811
    0.05797
    0.00565
   -0.14777
   -0.20213
    0.13998
    0.03906
   -0.13988
   -0.07793
    0.10509
   -0.03672
   -0.05156
   -0.05743
    0.08049
   -0.05433
   -0.01745
    0.01069
    0.05601
   -0.03035
   -0.04227
   -0.13769
    0.09274
   -0.01547
   -0.03083
   -0.04227
    0.05708
   -0.02989
   -0.03526
   -0.03837
    0.05335
   -0.05341
    0.01732
    0.02176
    0.03724
   -0.04588
   -0.03731
   -0.06521
    0.07771
   -0.04390
    0.00210
   -0.02790
    0.05696
   -0.05888
   -0.01307
    0.06591
    0.00948
   -0.06565
   -0.03616
    0.03869
    0.06460
   -0.04145
    0.00223
   -0.21583
    0.08629
    0.00704
   -0.03077
   -0.05118
    0.04035
   -0.04693
   -0.07706
    0.08950
    0.01851
   -0.02658
   -0.03036
   -0.03177
    0.05728
   -0.01317
   -0.07583
   -0.17723
    0.08196
   -0.00241
   -0.09048
   -0.05571
    0.09232
   -0.05706
   -0.04133
   -0.00811
    0.05189
   -0.05057
   -0.00989
    0.04031
    0.03184
   -0.04324
   -0.02555
   -0.10359
    0.06317
   -0.02807
   -0.01990
   -0.03816
    0.06014
   -0.06054
    0.00361
    0.02471
    0.02001
