16 20 15 1 35 -4.5054 2.2319 4.4470 14153
 -0.07869  -0.07631  -0.04466   0.11563  -0.07546  -0.04785  -0.03534   0.11038  -0.03076  -0.12346  -0.23130   0.14226  -0.06150  -0.05110  -0.09994   0.14400  -0.07986  -0.08348   0.00623   0.07369 
 -0.08198  -0.07568  -0.03070   0.11221  -0.07004  -0.07483  -0.03205   0.11338  -0.03631  -0.13757  -0.22539   0.15066  -0.04472  -0.04951  -0.13294   0.14461  -0.08623  -0.08158   0.01180   0.07353 
 -0.08016  -0.08264  -0.03221   0.11403  -0.08408  -0.06572  -0.03824   0.12397  -0.04510  -0.10276  -0.19021   0.13937  -0.06167  -0.07039  -0.11356   0.15829  -0.10205  -0.06651   0.01746   0.07318 
 -0.09469  -0.07276  -0.02490   0.11693  -0.07028  -0.03704  -0.06760   0.11479  -0.05498  -0.13505  -0.25504   0.16752  -0.03655  -0.05531  -0.11392   0.13284  -0.07058  -0.09448   0.02813   0.06257 
 -0.07790  -0.07925  -0.03032   0.11068  -0.07129  -0.04692  -0.07478   0.12143  -0.06151  -0.14792  -0.19664   0.16813  -0.05029  -0.08629  -0.09049   0.14669  -0.07734  -0.08772   0.00169   0.07588 
 -0.08289  -0.08713  -0.03945   0.12002  -0.08317  -0.03852  -0.05345   0.12026  -0.04254  -0.09063  -0.21072   0.13593  -0.03986  -0.06201  -0.15311   0.15434  -0.08947  -0.07055   0.01148   0.07156 
 -0.08702  -0.06473  -0.03810   0.11439  -0.08272  -0.07071  -0.05009   0.12888  -0.05099  -0.12324  -0.18736   0.15086  -0.06256  -0.05992  -0.10418   0.15053  -0.07725  -0.09143   0.01213   0.07233 
 -0.08714  -0.08541  -0.03032   0.11865  -0.08520  -0.03854  -0.05150   0.12110  -0.04490  -0.11836  -0.26722   0.15614  -0.06693  -0.02138  -0.10735   0.13726  -0.08323  -0.05533   0.00965   0.06431 
 -0.09061  -0.05465  -0.03486   0.11178  -0.07656  -0.01659  -0.06765   0.11276  -0.05796  -0.09856  -0.21216   0.15076  -0.05300  -0.02302  -0.12757   0.13624  -0.09006  -0.09140   0.00170   0.08285 
 -0.08864  -0.06088  -0.04661   0.11721  -0.07017  -0.06359  -0.09695   0.13328  -0.06304  -0.10444  -0.20594   0.15563  -0.04592  -0.02496  -0.09451   0.11690  -0.08771  -0.07018   0.01780   0.06771 
 -0.08633  -0.06535  -0.03791   0.11410  -0.06960  -0.05597  -0.06714   0.12030  -0.04665  -0.11241  -0.11487   0.13082  -0.04664  -0.07870  -0.10553   0.14735  -0.05842  -0.05694   0.01063   0.05212 
 -0.07319  -0.06904  -0.03032   0.10397  -0.05874  -0.06911  -0.04084   0.10573  -0.05615  -0.18138  -0.27278   0.18486  -0.02308  -0.06770  -0.11428   0.12761  -0.07905  -0.05987   0.01499   0.06140 
 -0.07241  -0.08243  -0.03410   0.10965  -0.07119  -0.05759  -0.07554   0.12502  -0.09057  -0.13634  -0.16678   0.17898  -0.01808  -0.07428  -0.13443   0.13497  -0.08332  -0.07099   0.02989   0.06014 
 -0.08358  -0.07904  -0.02995   0.11410  -0.07379  -0.07600  -0.05583   0.12572  -0.04870  -0.13973  -0.26995   0.16655  -0.05394  -0.06468  -0.11002   0.14877  -0.07731  -0.05933   0.02335   0.05636 
 -0.08266  -0.07652  -0.03032   0.11280  -0.07614  -0.02784  -0.07720   0.11975  -0.05444  -0.13811  -0.18435   0.15804  -0.05753  -0.05317  -0.07961   0.13272  -0.08015  -0.06139   0.01729   0.06137 
 -0.08575  -0.06371  -0.02901   0.10973  -0.08215  -0.05211  -0.07090   0.13012  -0.06854  -0.15505  -0.21525   0.17782  -0.03120  -0.09237  -0.10410   0.14044  -0.06984  -0.05687   0.02141   0.05273 
 -0.08152  -0.07715  -0.03277   0.11323  -0.08126  -0.03650  -0.06097   0.12086  -0.07297  -0.15716  -0.20491   0.17992  -0.03751  -0.01284  -0.13699   0.12282  -0.08024  -0.08008   0.01329   0.06956 
 -0.08714  -0.06863  -0.03791   0.11577  -0.07456  -0.03173  -0.10189   0.12816  -0.06558  -0.15573  -0.18930   0.17228  -0.00819  -0.07633  -0.13807   0.12900  -0.06440  -0.09126   0.02203   0.06140 
 -0.07352  -0.08413  -0.04214   0.11403  -0.08063  -0.01753  -0.11121   0.13101  -0.08462  -0.12639  -0.26486   0.18558  -0.01434  -0.05589  -0.13887   0.12535  -0.08104  -0.09004   0.02238   0.06893 
 -0.08495  -0.07214  -0.04818   0.11944  -0.07747  -0.00928  -0.12255   0.12932  -0.08823  -0.19812  -0.24210   0.20599   0.01806  -0.03532  -0.16027   0.09432  -0.06774  -0.07879   0.02492   0.05757 
 -0.07498  -0.07193  -0.05093   0.11403  -0.08132   0.02184  -0.13433   0.12459  -0.08982  -0.19367  -0.21953   0.20290   0.01672  -0.09513  -0.21205   0.14305  -0.06668  -0.12151   0.03848   0.06397 
 -0.07554  -0.09058  -0.05271   0.12137  -0.06667   0.00005  -0.16077   0.12897  -0.07048  -0.19076  -0.26205   0.19555   0.01319  -0.08831  -0.16667   0.12680  -0.02030  -0.10204   0.01399   0.04519 
 -0.05344  -0.08756  -0.06618   0.11061  -0.06483  -0.00554  -0.17904   0.13453  -0.09698  -0.16435  -0.31531   0.21017   0.02962  -0.11011  -0.19527   0.13152  -0.06426  -0.08764   0.01413   0.06390 
 -0.06753  -0.08306  -0.08030   0.12337  -0.08095   0.03218  -0.18443   0.13462  -0.10515  -0.17488  -0.32807   0.21897   0.03056  -0.07996  -0.23288   0.13103  -0.06114  -0.10455   0.01617   0.06676 
 -0.07509  -0.07610  -0.08284   0.12669  -0.06263  -0.01517  -0.22307   0.14715  -0.08774  -0.18489  -0.32268   0.21118   0.01951  -0.08270  -0.21516   0.13642  -0.03251  -0.10065   0.01006   0.05347 
 -0.05913  -0.09014  -0.09141   0.12394  -0.06210   0.02517  -0.24013   0.13663  -0.08072  -0.21254  -0.24461   0.20553   0.01985  -0.07679  -0.16852   0.11625  -0.07759  -0.09738   0.01002   0.07530 
 -0.07274  -0.07967  -0.08454   0.12698  -0.09041   0.03739  -0.25879   0.15713  -0.09332  -0.13909  -0.28031   0.19678   0.02991  -0.07572  -0.18772   0.11360  -0.07361  -0.09281  -0.00117   0.07698 
 -0.08130  -0.06433  -0.09883   0.13174  -0.07464   0.02671  -0.25504   0.14891  -0.08579  -0.19973  -0.32245   0.21391  -0.02935  -0.06406  -0.19095   0.16085  -0.05828  -0.10981   0.00884   0.07033 
 -0.08073  -0.08179  -0.09445   0.13583  -0.08060   0.03480  -0.25440   0.15018  -0.08275  -0.17162  -0.22912   0.19374   0.02032  -0.09567  -0.18410   0.13007  -0.09152  -0.08154   0.02136   0.07155 
 -0.08598  -0.06842  -0.07777   0.12916  -0.08971   0.00278  -0.22453   0.16116  -0.13024  -0.20184  -0.24581   0.23051  -0.03678  -0.06829  -0.15852   0.15671  -0.13240  -0.10930   0.03070   0.09318 
 -0.11930  -0.08885  -0.06618   0.15103  -0.09636   0.00714  -0.31273   0.18188  -0.14602  -0.13550  -0.21876   0.21733  -0.06861  -0.10069  -0.13030   0.18157  -0.14125  -0.09196   0.01376   0.09904 
 -0.13716  -0.07652  -0.07589   0.15961  -0.10691  -0.01506  -0.26291   0.18622  -0.13595  -0.11797  -0.23439   0.20873  -0.06187  -0.07657  -0.15046   0.17523  -0.16210  -0.12194   0.02248   0.11146 
 -0.14710  -0.08863  -0.06496   0.16481  -0.10717  -0.00148  -0.32768   0.19396  -0.14623  -0.08786  -0.16929   0.19536  -0.11419  -0.04459  -0.11479   0.18231  -0.20677  -0.08309   0.02322   0.11528 
 -0.17497  -0.05825  -0.06050   0.16713  -0.11238   0.01632  -0.39215   0.20148  -0.16848  -0.14018  -0.24607   0.23286  -0.13706  -0.09714  -0.09590   0.20814  -0.21659  -0.05581   0.02028   0.11139 
 -0.18946  -0.05805  -0.07028   0.17653  -0.12899  -0.04377  -0.32175   0.21771  -0.16787  -0.12223  -0.23979   0.22664  -0.17227  -0.10194  -0.10946   0.23231  -0.21315  -0.11134   0.03030   0.12219 
 -0.20129  -0.09471  -0.05489   0.18764  -0.12610  -0.01258  -0.43243   0.22315  -0.17253  -0.08179  -0.25429   0.21775  -0.18015  -0.08612  -0.09439   0.22524  -0.22101  -0.08956   0.04259   0.11321 
 -0.20885  -0.06966  -0.04857   0.18147  -0.11748  -0.05630  -0.53951   0.24111  -0.14048  -0.09566  -0.23795   0.20433  -0.16466  -0.09749  -0.12243   0.23174  -0.21484  -0.08600   0.00810   0.12486 
 -0.19459  -0.07946  -0.08667   0.18997  -0.09713  -0.04639  -0.58618   0.23140  -0.13457  -0.12970  -0.29180   0.21822  -0.16936  -0.06450  -0.12857   0.22461  -0.26452  -0.08372   0.00787   0.13841 
 -0.20656  -0.07778  -0.09423   0.19644  -0.10313  -0.06096  -0.69354   0.24619  -0.19301  -0.10251  -0.27122   0.23561  -0.14737  -0.04552  -0.15078   0.21403  -0.26744  -0.08051   0.04899   0.12123 
 -0.21903  -0.07131  -0.06884   0.19222  -0.09373  -0.01090  -0.78017   0.23323  -0.16520  -0.11025  -0.21699   0.21891  -0.19809  -0.07342  -0.04109   0.20771  -0.25926  -0.02269   0.08515   0.08273 
 -0.21639  -0.03803  -0.02435   0.16649  -0.09741  -0.02237  -0.80566   0.23971  -0.16824  -0.12361  -0.29323   0.23310  -0.16224  -0.07711  -0.09208   0.21254  -0.21679  -0.04683   0.06262   0.08917 
 -0.19180  -0.05485  -0.06394   0.17458  -0.08645  -0.04033  -0.86061   0.24059  -0.15762  -0.13702  -0.25275   0.22759  -0.13192  -0.09632  -0.15821   0.22685  -0.23082  -0.08571   0.07946   0.09770 
 -0.18612  -0.08328  -0.06252   0.18035  -0.10269  -0.02461  -0.76071   0.24091  -0.16239  -0.09448  -0.16882   0.20590  -0.16421  -0.04238  -0.06721   0.19005  -0.25624  -0.06987   0.08343   0.09856 
 -0.20732  -0.05725  -0.03353   0.17211  -0.17247  -0.05078  -0.64263   0.27468  -0.15992  -0.20527  -0.19196   0.23928  -0.18147  -0.11253  -0.15514   0.25460  -0.29069  -0.09674   0.03174   0.13913 
 -0.24080  -0.10332  -0.08178   0.21276  -0.23142  -0.19454  -0.77543   0.33049  -0.28561  -0.22359  -0.30782   0.30265  -0.14678  -0.27814  -0.29805   0.31314  -0.44123  -0.28837  -0.09453   0.24333 
 -0.33811  -0.25554  -0.19261   0.29517   0.07798  -0.09723  -0.12194  -0.00486   0.00051  -0.27405   0.20574   0.04204   0.00015  -0.21099   0.21823  -0.11369  -0.23260  -0.34319   0.42791  -0.18768 
 -0.14328  -0.27728   0.37443  -0.09778  -0.71114   0.66792  -1.54301  -0.10894  -0.59459   0.46441  -1.19621  -0.03657  -0.80937   0.59135  -1.65804  -0.15607  -0.82889   0.59509  -1.46182  -0.14122 
 -0.76219   0.60680  -1.50630  -0.14613   0.42307  -4.15088  -4.15088  -4.15088   0.43455  -4.15088  -4.15088  -4.15088   0.49029  -4.15088  -4.15088  -4.15088   0.59921  -4.15088  -4.15088  -4.15088 
  0.48758  -4.15088  -4.15088  -4.15088  -3.58870  -1.25246   0.76809  -3.27452  -4.15088  -4.15088  -4.15088  -4.15088  -4.15088  -4.15088  -4.15088  -4.15088  -4.15088  -4.15088  -4.15088  -4.15088 
 -3.54094  -1.32783   0.75341  -3.29641  -4.15088  -4.15088  -4.15088   0.51336   0.16945  -0.13059  -0.40073  -0.08463  -0.13703  -0.27064   0.40696  -0.34292   0.59921  -4.15088  -4.15088  -4.15088 
 -0.13497  -0.22469   0.48326  -0.41454  -0.18819  -0.11052   0.00544   0.18568  -0.14929  -0.04091  -0.12070   0.17144  -0.10318  -0.08527  -0.09272   0.18315  -0.31853  -0.08808   0.14991   0.08469 
 -0.13885  -0.06801  -0.00070   0.13118  -0.00336  -0.04458   0.00250   0.02241   0.00454  -0.17063  -0.01580   0.08521   0.02411  -0.10768   0.06469  -0.01579  -0.06090  -0.08463   0.14314  -0.01577 
 -0.03547  -0.09101   0.09789   0.01870  -0.08246   0.10271   0.07035  -0.00515  -0.00819   0.00508  -0.00881   0.00901  -0.01906   0.00663   0.13174  -0.11505  -0.17700   0.03173   0.24767  -0.10464 
 -0.08209   0.04165   0.16471  -0.06042  -0.04882   0.01117   0.04554   0.02425  -0.05256  -0.03998   0.02845   0.06769   0.01030  -0.00034   0.04581  -0.05229  -0.16303   0.01841   0.14773  -0.01024 
 -0.05451   0.00814   0.08148  -0.00137  -0.05243  -0.00227   0.14168  -0.03165   0.02118  -0.10968   0.00298   0.03664  -0.00720  -0.01964   0.09484  -0.06398  -0.15316  -0.01959   0.22107  -0.05996 
 -0.05131  -0.02817   0.15217  -0.03646  -0.07456   0.02013   0.23684  -0.11267   0.04064  -0.05981   0.07853  -0.04447  -0.00100  -0.00750   0.14769  -0.15294  -0.16080   0.02677   0.27034  -0.13964 
 -0.04994   0.00520   0.21796  -0.12410  -0.04908   0.03501   0.13619  -0.05148  -0.03668  -0.00436   0.06352   0.01998   0.05177   0.03185   0.02043  -0.11964  -0.16860   0.03998   0.17387  -0.03980 
 -0.02887   0.03538   0.10922  -0.06303  -0.08127  -0.01777   0.16434  -0.01074   0.04090  -0.13586   0.01208   0.02281  -0.01093  -0.00257   0.08024  -0.05677  -0.14380  -0.03722   0.23043  -0.06583 
 -0.04468  -0.03803   0.15081  -0.03646  -0.07457   0.03897   0.21503  -0.09914   0.01971  -0.03382   0.06161  -0.02545  -0.00776   0.01480   0.11513  -0.11756  -0.18075   0.02621   0.28757  -0.15066 
 -0.06043   0.01988   0.21003  -0.11343  -0.02897  -0.00523   0.14347  -0.06086  -0.01538  -0.02920   0.06778   0.01107   0.03450   0.03825   0.02253  -0.09910  -0.17633   0.08031   0.15241  -0.04144 
 -0.02646   0.03457   0.10511  -0.06183  -0.08724  -0.00889   0.20057  -0.04098  -0.00036  -0.11040   0.03276   0.05064   0.01675  -0.02933   0.08918  -0.08392  -0.14079   0.01982   0.20927  -0.07621 
 -0.04972  -0.02129   0.15842  -0.04717  -0.05721   0.00379   0.22271  -0.10891   0.01864  -0.03217   0.09001  -0.03769   0.00520   0.01273   0.11823  -0.14031  -0.16819   0.07013   0.26745  -0.16248 
 -0.04688   0.02505   0.20470  -0.12700  -0.05058   0.03527   0.14708  -0.05923  -0.04039  -0.03266   0.06393   0.04041   0.01700   0.05069   0.06573  -0.13115  -0.16130   0.08499   0.13474  -0.03763 
 -0.04041   0.04705   0.11207  -0.06096  -0.10597   0.00992   0.17629  -0.00908   0.02924  -0.11595   0.04718   0.01504   0.00443  -0.00685   0.09380  -0.08967  -0.17264   0.00122   0.19981  -0.04018 
 -0.05612  -0.01670   0.14845  -0.03513  -0.09027   0.03584   0.24092  -0.10742   0.02309  -0.05615   0.02466  -0.00136  -0.00501   0.03118   0.12199  -0.14793  -0.14363   0.05912   0.26226  -0.16331 
 -0.05644   0.03049   0.20481  -0.11997  -0.06777   0.02039   0.14452  -0.02822  -0.02222  -0.01002   0.05184   0.01278   0.00868   0.03520   0.07008  -0.10701  -0.12933   0.05836   0.15589  -0.05576 
 -0.04072   0.03684   0.11746  -0.05804  -0.08150  -0.00449   0.18747  -0.03726   0.01086  -0.08558  -0.01944   0.04329  -0.01316  -0.01295   0.08424  -0.04991  -0.14758   0.01663   0.20582  -0.06713 
 -0.05419  -0.01144   0.14732  -0.03904  -0.07336   0.02023   0.24081  -0.11932   0.02807  -0.06042   0.05890  -0.01844   0.00231   0.00123   0.12757  -0.13729  -0.15646   0.03706   0.30021  -0.19436 
 -0.04962   0.01072   0.22261  -0.13414  -0.06603   0.01357   0.15553  -0.03579  -0.02805  -0.00077   0.03236   0.02023   0.04449   0.02874   0.04468  -0.13048  -0.15929   0.07998   0.13430  -0.03527 
 -0.03231   0.04021   0.10621  -0.06020  -0.09557   0.00866   0.19199  -0.03297  -0.00689  -0.08152  -0.00752   0.05634   0.00571  -0.01472   0.07509  -0.06413  -0.16199   0.03175   0.21640  -0.07853 
 -0.06054  -0.00375   0.15105  -0.04049  -0.08584   0.02379   0.24315  -0.10795   0.00872  -0.01422   0.04092  -0.01606   0.02612   0.01826   0.09450  -0.14926  -0.15737   0.04876   0.27156  -0.15914 
 -0.05068   0.02852   0.20185  -0.12184  -0.03233  -0.00831   0.14910  -0.05977  -0.00960  -0.02104   0.09349  -0.01133   0.04607   0.05153   0.04324  -0.15628  -0.17977   0.07803   0.16170  -0.04608 
 -0.02178   0.03796   0.11719  -0.07926  -0.08998   0.04013   0.19663  -0.06139  -0.00287  -0.09908   0.03897   0.04587  -0.01289   0.01495   0.08816  -0.07745  -0.15178   0.01197   0.20579  -0.06223 
 -0.05827   0.00294   0.15475  -0.04981  -0.07502   0.04665   0.22484  -0.11524   0.03127  -0.02091   0.02064  -0.03281   0.01625   0.00899   0.10296  -0.13418  -0.17869   0.07841   0.26893  -0.16432 
 -0.04698   0.03941   0.19429  -0.12611  -0.05235   0.02738   0.14184  -0.04788  -0.00520  -0.02296   0.04292   0.00537   0.02839   0.02433   0.06938  -0.12729  -0.13672   0.09767   0.14681  -0.06879 
 -0.02626   0.04229   0.11153  -0.07252  -0.07781   0.02829   0.18710  -0.05914   0.01178  -0.07088  -0.00661   0.03081  -0.01585  -0.02152   0.08223  -0.03798  -0.13070  -0.00505   0.18820  -0.04833 
 -0.04835  -0.00892   0.14001  -0.04018  -0.08800   0.04974   0.23894  -0.11743   0.04357  -0.03702   0.05200  -0.05199   0.00303   0.02868   0.09982  -0.12810  -0.13915   0.05217   0.27711  -0.18264 
 -0.04698   0.03376   0.20569  -0.13478  -0.05550   0.02671   0.16793  -0.06705  -0.01529  -0.03544   0.04453   0.02346   0.01958   0.04208   0.02980  -0.08686  -0.13568   0.09872   0.14951  -0.07244 
 -0.03110   0.04531   0.10935  -0.06753  -0.11493   0.04011   0.21150  -0.04873   0.01919  -0.09593   0.02341   0.02542  -0.00934   0.00919   0.08547  -0.07433  -0.14907   0.00214   0.20394  -0.05664 
 -0.06043  -0.00074   0.15684  -0.04728  -0.07218   0.03200   0.22624  -0.11079   0.01229  -0.00093   0.05541  -0.03577  -0.00072   0.05235   0.10272  -0.15122  -0.18059   0.05180   0.28476  -0.16522 
 -0.05622   0.04340   0.20404  -0.12941  -0.04658   0.04724   0.12140  -0.04949  -0.02908   0.00117   0.03624   0.01868   0.03458   0.05386   0.04576  -0.14091  -0.19694   0.11185   0.15778  -0.05619 
 -0.03547   0.06496   0.10068  -0.06985  -0.07920   0.00498   0.18183  -0.03957  -0.00461  -0.05913   0.02534   0.03203  -0.02095  -0.00408   0.07896  -0.04145  -0.14861   0.03907   0.21319  -0.08717 
 -0.05676   0.00450   0.14682  -0.04549  -0.09526   0.04117   0.21952  -0.07984   0.00750  -0.00367   0.08973  -0.04285  -0.00183   0.02555   0.11319  -0.13491  -0.14127   0.04022   0.27432  -0.16782 
 -0.05794   0.03392   0.20306  -0.11885  -0.03826   0.04831   0.13215  -0.06990  -0.01729   0.00990   0.03893  -0.00089   0.00643   0.01611   0.05049  -0.06512  -0.13446   0.08515   0.15124  -0.06559 
 -0.03181   0.04893   0.10497  -0.06577  -0.10626   0.03702   0.19303  -0.03815  -0.00038  -0.08657   0.00430   0.04851  -0.00324   0.00802   0.06856  -0.06347  -0.10403  -0.01703   0.19797  -0.06681 
 -0.05301  -0.00552   0.14280  -0.03987  -0.09512   0.05950   0.22600  -0.09946   0.03261  -0.02396   0.05443  -0.04647   0.01445   0.01594   0.09703  -0.13027  -0.16575   0.06795   0.25551  -0.14611 
 -0.05323   0.04037   0.19249  -0.11749  -0.05563   0.05398   0.14403  -0.06160  -0.01464  -0.02554   0.05386   0.01340   0.01532   0.04752   0.02517  -0.08106  -0.15718   0.07187   0.14407  -0.03917 
 -0.03753   0.04862   0.10012  -0.05567  -0.08969   0.04020   0.18744  -0.05277   0.01132  -0.06398  -0.02046   0.03197  -0.03368   0.04063   0.08337  -0.06747  -0.15540   0.04038   0.18752  -0.05894 
 -0.06282   0.02422   0.13912  -0.04538  -0.07080   0.03301   0.23355  -0.12230   0.00555  -0.02506   0.05271  -0.00972   0.01012   0.02462   0.09197  -0.12534  -0.15011   0.05685   0.27280  -0.17204 
 -0.04856   0.03294   0.19664  -0.12184  -0.06352   0.04803   0.17161  -0.07354  -0.04680   0.00246   0.05736   0.02817   0.01218   0.01535   0.03982  -0.06199  -0.17085   0.08401   0.12723  -0.02664 
 -0.04962   0.04626   0.10881  -0.04843  -0.10667  -0.00134   0.20852  -0.03169  -0.01515  -0.07844   0.01549   0.05607  -0.00923   0.01454   0.07849  -0.07142  -0.16631   0.00702   0.20196  -0.04831 
 -0.07196  -0.00481   0.15365  -0.03136  -0.07688   0.00255   0.21911  -0.07833   0.02328  -0.02377   0.00474  -0.01441   0.00435   0.02538   0.10453  -0.13307  -0.18154   0.06452   0.26691  -0.14889 
 -0.05654   0.02967   0.19361  -0.10686  -0.07776   0.06994   0.14735  -0.04799  -0.00801   0.01717   0.09111  -0.03907   0.00537   0.05875   0.02151  -0.07382  -0.17350   0.11084   0.13298  -0.04658 
 -0.05004   0.07484   0.10221  -0.06292  -0.06921   0.01954   0.16972  -0.04790  -0.00788  -0.04644  -0.01029   0.04012  -0.02976   0.02046   0.05187  -0.02380  -0.13082   0.00193   0.19229  -0.05562 
 -0.05387   0.00711   0.12515  -0.03238  -0.08112   0.04027   0.23317  -0.11281   0.00814  -0.06247   0.08451  -0.00300  -0.00166   0.03043   0.08946  -0.10951  -0.11949   0.05275   0.24481  -0.15207 
 -0.05099   0.02753   0.19091  -0.10867  -0.06433   0.04004   0.13311  -0.03366  -0.03357   0.02006   0.03562   0.01116   0.02258   0.06145   0.00017  -0.08147  -0.16178   0.10833   0.14017  -0.05668 
 -0.04426   0.06813   0.08855  -0.05353  -0.10811   0.02934   0.19772  -0.03630  -0.02258  -0.04447   0.02610   0.04252  -0.02632  -0.00075   0.09054  -0.04939  -0.11961   0.01806   0.16479  -0.04604 
 -0.06841   0.00883   0.13798  -0.02984  -0.08078   0.02248   0.21397  -0.07971   0.01960  -0.01220  -0.00890  -0.01255  -0.01776   0.01122   0.10616  -0.08838  -0.13664   0.05383   0.25441  -0.15345 
 -0.05601   0.02885   0.18534  -0.09813  -0.04082   0.02826   0.12215  -0.04619  -0.01176   0.00267   0.03149   0.00053  -0.00314   0.05100   0.03785  -0.07044  -0.13934   0.07945   0.13405  -0.04509 
