9 20 3 1 47 -2.4583 2.1413 3.9448 14113
 -0.06279   0.06831   0.09249  -0.03833  -0.11430   0.05961   0.17255  -0.02439  -0.04496  -0.04501  -0.03139   0.08092  -0.03805   0.04620   0.05514  -0.03824  -0.20975   0.09481   0.15045  -0.03317 
 -0.09782   0.05204   0.11167  -0.01069  -0.07776   0.03190   0.21703  -0.09272  -0.02598  -0.03517   0.12949  -0.00002  -0.03662   0.06375   0.10059  -0.10610  -0.16178   0.08361   0.23017  -0.12854 
 -0.07723   0.05126   0.18450  -0.09103  -0.06932   0.05208   0.12751  -0.03040  -0.04885  -0.02085   0.07564   0.03747   0.01776   0.06141   0.02570  -0.09901  -0.23568   0.15275   0.11793  -0.03525 
 -0.06389   0.07798   0.08978  -0.04206  -0.11927   0.04213   0.18816  -0.02330  -0.05737  -0.05629   0.02523   0.08107  -0.04407   0.03275   0.06960  -0.03383  -0.18903   0.09276   0.15970  -0.04910 
 -0.09948   0.04160   0.12730  -0.01429  -0.08867   0.07638   0.19958  -0.08962  -0.01284   0.00193   0.08529  -0.01943  -0.05042   0.07918   0.08905  -0.08986  -0.18650   0.10748   0.22796  -0.12945 
 -0.08545   0.08033   0.17237  -0.09290  -0.05276   0.07900   0.11429  -0.05586  -0.06710   0.02807   0.07360   0.02499   0.01672   0.09273   0.00350  -0.10857  -0.16528   0.12930   0.08365  -0.02672 
 -0.05285   0.09573   0.06626  -0.04890  -0.10653   0.04510   0.18586  -0.03584  -0.04424  -0.02279   0.02873   0.05070  -0.04731   0.07768   0.05178  -0.05250  -0.18606   0.09521   0.13272  -0.03036 
 -0.09066   0.05918   0.11140  -0.02100  -0.09327   0.07093   0.20774  -0.08902  -0.01111   0.01800   0.08671  -0.03382  -0.00332   0.03580   0.09932  -0.12467  -0.18219   0.10754   0.22727  -0.13121 
 -0.07162   0.07116   0.17461  -0.10226  -0.08130   0.08186   0.12833  -0.03562  -0.06119  -0.00611   0.10391   0.02930   0.02457   0.09049  -0.01581  -0.09983  -0.22605   0.17055   0.10651  -0.04393 
 -0.06531   0.09981   0.07700  -0.04742  -0.09407   0.08056   0.16274  -0.04990  -0.02673  -0.04206   0.02098   0.04702  -0.03129   0.06432   0.05423  -0.06199  -0.23602   0.09908   0.16028  -0.03244 
 -0.08671   0.06255   0.11289  -0.02770  -0.07086   0.02378   0.22300  -0.10335  -0.02446   0.00105   0.12851  -0.02519  -0.00228   0.06374   0.09317  -0.14864  -0.19829   0.09924   0.24254  -0.13387 
 -0.06973   0.06117   0.18702  -0.10927  -0.04600   0.05736   0.12100  -0.05606  -0.06452   0.03054   0.04204   0.03256   0.02935   0.06808  -0.00231  -0.09627  -0.20564   0.14766   0.09658  -0.02927 
 -0.04924   0.08860   0.06792  -0.04837  -0.11087   0.06136   0.17351  -0.02973  -0.06390  -0.01072   0.01333   0.06655  -0.03868   0.07076   0.03718  -0.04246  -0.20574   0.09615   0.14234  -0.02938 
 -0.09913   0.06422   0.10689  -0.01390  -0.09174   0.06848   0.21019  -0.09189  -0.02834   0.01716   0.12263  -0.02945  -0.04155   0.07756   0.11301  -0.13023  -0.18451   0.10665   0.24112  -0.14622 
 -0.08683   0.08063   0.18771  -0.10744  -0.05553   0.08623   0.11776  -0.06007  -0.04079   0.00006   0.06293   0.02161   0.01931   0.09245  -0.00409  -0.10487  -0.21136   0.14534   0.10884  -0.03386 
 -0.05115   0.09601   0.07092  -0.05412  -0.12557   0.05377   0.17668  -0.01363  -0.05400  -0.03024   0.02967   0.06343  -0.04937   0.05774   0.06093  -0.04063  -0.21024   0.09202   0.14964  -0.03059 
 -0.10343   0.05392   0.11614  -0.01049  -0.09174   0.05872   0.22476  -0.10170  -0.03422   0.01330   0.06810   0.00404  -0.02757   0.08807   0.08257  -0.12347  -0.21487   0.13467   0.23970  -0.15035 
 -0.09147   0.09047   0.17999  -0.10274  -0.06109   0.08829   0.10160  -0.04180  -0.08806   0.01794   0.06004   0.05517   0.00875   0.08263   0.01178  -0.09344  -0.23203   0.16493   0.07805  -0.01754 
 -0.07118   0.10316   0.06018  -0.03278  -0.11390   0.06342   0.17349  -0.02785  -0.05423  -0.00670   0.03334   0.04924  -0.05017   0.04840   0.06670  -0.03716  -0.20477   0.09733   0.13781  -0.02704 
 -0.10199   0.06224   0.11235  -0.01419  -0.08655   0.08092   0.18626  -0.08143  -0.01892  -0.02253   0.07068   0.00972  -0.02914   0.07682   0.07618  -0.10109  -0.22140   0.11696   0.25759  -0.15472 
 -0.08660   0.07887   0.17497  -0.09314  -0.06597   0.08146   0.12322  -0.04877  -0.05598  -0.00098   0.08964   0.02690   0.01236   0.09700  -0.00021  -0.10290  -0.20426   0.16652   0.09069  -0.03923 
 -0.06148   0.10246   0.07226  -0.04975  -0.11111   0.09738   0.12837  -0.01417  -0.06614  -0.04841   0.02806   0.08372  -0.02852   0.05504   0.04642  -0.04924  -0.21048   0.09458   0.13984  -0.02442 
 -0.09770   0.06163   0.09376  -0.00433  -0.07452   0.08067   0.17828  -0.08808  -0.02136  -0.02345   0.09909   0.00120  -0.04610   0.10126   0.10015  -0.13444  -0.19467   0.11814   0.24083  -0.14930 
 -0.08441   0.08471   0.17508  -0.10023  -0.06994   0.09591   0.11063  -0.04344  -0.08135   0.04852   0.06694   0.02673   0.01716   0.08804   0.01668  -0.11744  -0.21080   0.15045   0.09634  -0.02874 
 -0.06707   0.10841   0.07122  -0.04816  -0.10739   0.08604   0.13968  -0.01973  -0.05142  -0.01533  -0.00391   0.06329  -0.04709   0.08938   0.06063  -0.07334  -0.21898   0.11035   0.13237  -0.02482 
 -0.09842   0.07872   0.09334  -0.01449  -0.09675   0.07667   0.22771  -0.11169  -0.05176   0.03165   0.13576  -0.02028  -0.03224   0.08632   0.09028  -0.12422  -0.17047   0.12408   0.23397  -0.16076 
 -0.08880   0.09318   0.18473  -0.11281  -0.06878   0.09270   0.10812  -0.04072  -0.07901   0.01128   0.07533   0.04599   0.01342   0.08772   0.01345  -0.10778  -0.16775   0.17358   0.07262  -0.04949 
 -0.05920   0.10621   0.06247  -0.04794  -0.10747   0.09628   0.13322  -0.02088  -0.05857  -0.01791  -0.00044   0.07000  -0.02070   0.07156   0.02520  -0.05436  -0.21988   0.14025   0.11361  -0.03011 
 -0.09452   0.08572   0.07744  -0.01166  -0.08941   0.07209   0.19239  -0.07822  -0.02538  -0.01136   0.09367   0.00026  -0.03518   0.10937   0.07727  -0.13104  -0.20247   0.17160   0.20431  -0.14810 
 -0.08671   0.10496   0.15525  -0.09525  -0.04704   0.07302   0.09300  -0.04238  -0.07085   0.00801   0.07119   0.04227  -0.00631   0.13107  -0.01665  -0.09873  -0.20364   0.19239   0.06954  -0.04466 
 -0.06443   0.11912   0.04791  -0.04300  -0.10261   0.05995   0.14268  -0.01158  -0.09081   0.03050  -0.03960   0.08002  -0.01969   0.06560   0.01004  -0.03665  -0.22692   0.11960   0.13037  -0.02583 
 -0.10343   0.08048   0.07759  -0.00109  -0.09252   0.07485   0.19091  -0.07485  -0.00943  -0.01907   0.07799  -0.00616  -0.00993   0.08863   0.06040  -0.12396  -0.19200   0.13858   0.21768  -0.13986 
 -0.07723   0.08817   0.15647  -0.09220  -0.07711   0.06883   0.10450  -0.01411  -0.05941   0.00761   0.07479   0.03058   0.01758   0.08789  -0.01424  -0.08770  -0.20520   0.17289   0.07505  -0.03274 
 -0.06465   0.09995   0.05572  -0.03349  -0.11433   0.08176   0.14661  -0.01580  -0.05750  -0.00417  -0.00842   0.06375  -0.03262   0.08757   0.01237  -0.04321  -0.19952   0.15767   0.11573  -0.05335 
 -0.09806   0.09531   0.08023  -0.01714  -0.08625   0.08503   0.18782  -0.08631  -0.02263   0.00717   0.10609  -0.02098  -0.02293   0.08969   0.07857  -0.12732  -0.17772   0.11121   0.21832  -0.12625 
 -0.07622   0.08586   0.15990  -0.09466  -0.06788   0.06781   0.09927  -0.01972  -0.06071   0.02057   0.08374   0.01990   0.04031   0.10521  -0.01287  -0.14675  -0.20050   0.16574   0.09796  -0.04560 
 -0.05403   0.10496   0.06308  -0.05251  -0.09288   0.08335   0.11171  -0.01146  -0.05775  -0.00582  -0.01740   0.06749  -0.04884   0.10499  -0.00148  -0.02920  -0.21881   0.14746   0.13554  -0.05248 
 -0.09511   0.09460   0.07122  -0.01312  -0.08236   0.10786   0.16248  -0.08224  -0.01309   0.01512   0.01244   0.00049  -0.00776   0.12206   0.01509  -0.11687  -0.20472   0.15614   0.21370  -0.14338 
 -0.07453   0.11495   0.12861  -0.09173  -0.06471   0.11749   0.05762  -0.02527  -0.08261   0.02867   0.03785   0.05143   0.03698   0.10045  -0.01184  -0.13594  -0.23578   0.17288   0.06500  -0.01327 
 -0.06586   0.11778   0.03203  -0.03044  -0.10228   0.07673   0.12158  -0.00541  -0.04714  -0.04484  -0.03826   0.08454  -0.03007   0.08705   0.02592  -0.05810  -0.21102   0.14676   0.10628  -0.03314 
 -0.09299   0.08121   0.06626  -0.00271  -0.08561   0.12111   0.14327  -0.07021  -0.01425   0.00017   0.05765  -0.00500  -0.01135   0.09307   0.05811  -0.12425  -0.14634   0.12770   0.20116  -0.13964 
 -0.06752   0.09869   0.13407  -0.09021  -0.06149   0.10341   0.03642  -0.00630  -0.04976   0.02199  -0.00584   0.04007   0.00707   0.09980  -0.04776  -0.05659  -0.17762   0.17000   0.03559  -0.01831 
 -0.05671   0.11196   0.00298  -0.01734  -0.08391   0.05093   0.06520   0.02832  -0.08096  -0.04619  -0.04063   0.11298  -0.03303   0.10631  -0.03955  -0.01891  -0.16532   0.09026   0.09035  -0.00710 
 -0.09031   0.05887   0.03171   0.02906  -0.10056   0.11050   0.13809  -0.04129  -0.03917   0.01761   0.02737   0.02156  -0.03574   0.07688   0.04838  -0.06259  -0.15337   0.10283   0.18019  -0.09351 
 -0.09112   0.08745   0.12388  -0.04964  -0.03587   0.04642  -0.03047   0.03380  -0.01600   0.00494  -0.11131   0.04639   0.05919   0.05458  -0.08082  -0.06398  -0.14345   0.12349   0.00203   0.01445 
 -0.02664   0.07235  -0.04519   0.00662  -0.05032   0.10003   0.06016  -0.03209  -0.00828  -0.01021  -0.05685   0.03341   0.06205   0.14591  -0.05924  -0.19818  -0.13043   0.13913   0.06680  -0.03991 
 -0.03877   0.10107   0.02195  -0.03771  -0.00565   0.28093   0.08202  -0.33168   0.10437   0.14438  -0.12321  -0.29718   0.11166   0.26248  -0.09755  -0.65756  -0.06511   0.32802   0.11113  -0.37570 
  0.03833   0.26717   0.02595  -0.37891   0.24970  -0.23751  -0.36982  -0.25094   0.28637  -0.43616  -0.41536  -0.26516   0.33970  -0.24995  -0.45543  -0.39235   0.05221   0.04721  -0.00187  -0.06338 
  0.29235  -0.23572  -0.34249  -0.25399  -0.63854  -0.89288   0.69307  -0.70688  -0.28998  -0.49957   0.59762   0.00189  -0.27410  -0.63727   0.49192  -0.31897  -0.80816  -0.58256   0.59327  -0.42665 
 -0.53355  -0.75807   0.64237  -0.48485  -0.76564  -4.14965   0.74270  -4.14965  -0.48283  -4.14965   0.90870  -4.14965  -1.90866  -4.14965   0.67568  -4.14965  -0.79194  -4.14965   0.68638  -4.14965 
 -1.27587  -4.14965   0.74953  -4.14965  -4.14965  -4.14965  -4.14965   0.51336  -4.14965  -4.14965  -4.14965  -4.14965  -4.14965  -1.06261  -4.14965   0.55633  -4.14965  -4.14965  -4.14965  -4.14965 
 -4.14965  -1.02590  -4.14965   0.48082  -4.14965  -4.14965  -4.14965  -4.14965   0.37010  -1.20931  -0.25463  -0.68658  -4.14965  -4.14965  -4.14965  -4.14965   0.40852  -0.51561  -0.11085  -0.40221 
  0.29929  -0.52356  -0.06251  -0.34160   0.12555  -0.06382  -0.44755   0.00323   0.12522  -0.18086  -0.29054   0.00200   0.33259  -0.32852  -0.38302  -0.33333   0.11940  -0.12811  -0.16220   0.02924 
  0.19239  -0.15488  -0.36595  -0.04113  -0.43477  -0.29182   0.53580  -0.17371  -0.17895  -0.17258   0.36137   0.06662  -0.25745  -0.28755   0.35930  -0.05462  -0.24449  -0.22650   0.42695  -0.22302 
 -0.31957  -0.27273   0.47066  -0.14305  -0.15814  -0.03189  -0.05344   0.16834  -0.13534  -0.04764  -0.21970   0.18172  -0.27353  -0.06856  -0.45899   0.33422  -0.10170  -0.07142  -0.06669   0.10841 
 -0.20792  -0.04182  -0.21439   0.21480  -0.05144   0.00976  -0.14195   0.10735  -0.05375  -0.12596  -0.29876   0.16903  -0.04042   0.01121  -0.26766   0.15861  -0.01375  -0.07100  -0.05604   0.06204 
 -0.06443  -0.05203  -0.10337   0.11815  -0.11341   0.07024  -0.18829   0.14393  -0.08421  -0.00305  -0.38813   0.15071  -0.04909   0.05493  -0.22076   0.12639  -0.12017   0.03225  -0.16363   0.11062 
 -0.11498   0.03823  -0.19029   0.13810  -0.10482   0.07525  -0.17426   0.13218  -0.11911  -0.07280  -0.32529   0.19466  -0.03430   0.06894  -0.21727   0.10418  -0.16862   0.12003  -0.18198   0.09598 
 -0.13710   0.07011  -0.19966   0.13837  -0.09879   0.06892  -0.15652   0.12550  -0.14242  -0.09390  -0.23225   0.20405  -0.05126   0.05100  -0.24124   0.13723  -0.16849   0.10100  -0.13223   0.09040 
 -0.14363   0.05329  -0.16565   0.14064  -0.09572   0.03103  -0.14561   0.13519  -0.13941  -0.12890  -0.24725   0.21547  -0.06537   0.07450  -0.24621   0.13546  -0.12561   0.03085  -0.06762   0.08247 
 -0.12977   0.01023  -0.12698   0.14057  -0.07053   0.01466  -0.12698   0.11658  -0.09402  -0.14354  -0.19664   0.18784  -0.05423   0.05772  -0.23977   0.13510  -0.11762   0.00323  -0.07904   0.09409 
 -0.10777  -0.00913  -0.12044   0.13402  -0.11245   0.06520  -0.14696   0.13406  -0.11102  -0.08592  -0.28428   0.19017  -0.05422   0.05436  -0.21081   0.12728  -0.13831   0.04003  -0.11438   0.09992 
 -0.12951   0.02744  -0.14749   0.13927  -0.10123   0.08123  -0.10653   0.10636  -0.14256  -0.03297  -0.38992   0.19884  -0.09100   0.09497  -0.21346   0.13022  -0.14280   0.09853  -0.13740   0.08339 
 -0.14087   0.07265  -0.16129   0.12919  -0.10726   0.09617  -0.19424   0.13022  -0.15585  -0.01417  -0.37249   0.19671  -0.09352   0.10361  -0.22133   0.12903  -0.13083   0.09058  -0.15186   0.08681 
 -0.14074   0.07636  -0.19716   0.13679  -0.09171   0.09029  -0.20416   0.12405  -0.14529  -0.01714  -0.39609   0.19450  -0.10624   0.11489  -0.27238   0.14647  -0.12909   0.08166  -0.13444   0.08482 
 -0.13567   0.07131  -0.19771   0.13658  -0.08956   0.05293  -0.15575   0.12502  -0.13024  -0.05768  -0.40834   0.20315  -0.07303   0.05288  -0.20772   0.14119  -0.12192   0.04507  -0.10164   0.08713 
 -0.12482   0.03025  -0.16053   0.13913  -0.12110   0.03973  -0.11315   0.13994  -0.11753  -0.05671  -0.24502   0.17836  -0.06315   0.01442  -0.25350   0.16927  -0.13032   0.03928  -0.08305   0.08652 
 -0.13310   0.02027  -0.12698   0.13830  -0.10800   0.01630  -0.13078   0.14493  -0.14231  -0.05213  -0.30734   0.19794  -0.08236   0.05878  -0.17984   0.13446  -0.13246   0.04692  -0.11730   0.09577 
 -0.13801   0.02711  -0.14503   0.14323  -0.10091   0.03938  -0.14261   0.13488  -0.09046  -0.06627  -0.31734   0.17415  -0.07053   0.00899  -0.20642   0.16252  -0.13739   0.03045  -0.09096   0.09565 
 -0.12558   0.01417  -0.13796   0.13989  -0.11203   0.01215  -0.08612   0.13531  -0.10974  -0.09990  -0.24523   0.18955  -0.10242   0.02139  -0.22299   0.18244  -0.14646   0.01245  -0.08888   0.10532 
 -0.14009  -0.00447  -0.11858   0.14925  -0.10804   0.01821  -0.12276   0.14190  -0.12012  -0.03102  -0.30853   0.17731  -0.07434   0.03079  -0.19681   0.15067  -0.11782  -0.00702  -0.09106   0.10205 
 -0.12900   0.00277  -0.12746   0.14323  -0.10559  -0.04638  -0.12774   0.16278  -0.10193  -0.07737  -0.30586   0.18415  -0.07231   0.03631  -0.21286   0.15170  -0.11567   0.01140  -0.10785   0.09997 
 -0.12231  -0.00985  -0.14136   0.14838  -0.10041  -0.01876  -0.10515   0.14393  -0.10904  -0.09365  -0.19700   0.18042  -0.08782   0.00158  -0.19713   0.17464  -0.11035  -0.00930  -0.06062   0.08906 
 -0.12319  -0.02302  -0.09738   0.14084  -0.10713   0.01886  -0.12954   0.14305  -0.07434  -0.11719  -0.19175   0.16584  -0.08300  -0.01799  -0.23207   0.19126  -0.11754  -0.00654  -0.08476   0.09963 
 -0.11931  -0.01969  -0.12044   0.14446  -0.10257  -0.01556  -0.10720   0.14502  -0.09107  -0.07119  -0.34655   0.17953  -0.08979  -0.00092  -0.19843   0.17752  -0.10608  -0.02192  -0.05592   0.09006 
 -0.11857  -0.02433  -0.10561   0.14132  -0.08412  -0.03151  -0.12525   0.14253  -0.08706  -0.08454  -0.24426   0.16996  -0.07232   0.00193  -0.16231   0.15182  -0.11695  -0.03813  -0.08230   0.10941 
 -0.11313  -0.03661  -0.11262   0.14486  -0.09438  -0.03062  -0.12581   0.14975  -0.08798  -0.09669  -0.31115   0.18305  -0.06695  -0.04120  -0.18748   0.17697  -0.10238  -0.00737  -0.08794   0.09474 
 -0.11105  -0.03147  -0.12276   0.14486  -0.08372  -0.05858  -0.12789   0.15134  -0.06951  -0.10759  -0.23412   0.16532  -0.08046  -0.02080  -0.16255   0.16840  -0.12370  -0.01580  -0.07591   0.10233 
 -0.11338  -0.04027  -0.10831   0.14500  -0.07749  -0.02858  -0.10474   0.13028  -0.10191  -0.11052  -0.26283   0.19069  -0.09232  -0.02278  -0.16116   0.17654  -0.09574  -0.05846  -0.05102   0.09619 
 -0.10983  -0.05402  -0.08997   0.14214  -0.08651  -0.01205  -0.09554   0.12851  -0.04999  -0.12377  -0.21457   0.15448  -0.05636  -0.05741  -0.15824   0.16637  -0.11176  -0.02875  -0.03749   0.08782 
 -0.10283  -0.04416  -0.07570   0.13003  -0.08571  -0.01144  -0.12747   0.13774  -0.06476  -0.12239  -0.22143   0.16546  -0.08613  -0.02223  -0.15082   0.16854  -0.12642  -0.06879  -0.05783   0.11431 
 -0.11277  -0.05562  -0.09585   0.14615  -0.08833  -0.06165  -0.07416   0.13877  -0.06961  -0.12344  -0.20997   0.16750  -0.09118  -0.04519  -0.18147   0.19231  -0.12035  -0.04989  -0.04604   0.10176 
 -0.11621  -0.06289  -0.07759   0.14473  -0.07856  -0.02042  -0.09458   0.12503  -0.06042  -0.11999  -0.22418   0.16202  -0.08188  -0.01356  -0.12963   0.15346  -0.12357  -0.04153  -0.03970   0.09790 
 -0.11130  -0.04377  -0.07195   0.13353  -0.10150  -0.02270  -0.08170   0.13846  -0.05240  -0.11665  -0.18729   0.14953  -0.07743  -0.00485  -0.17477   0.16323  -0.09653  -0.03858  -0.04343   0.08702 
 -0.10439  -0.04085  -0.07780   0.13045  -0.07270  -0.04660  -0.10914   0.13386  -0.04820  -0.10169  -0.13814   0.13232  -0.08167  -0.03876  -0.15155   0.17323  -0.13210  -0.05984  -0.01723   0.09847 
 -0.10644  -0.05924  -0.06332   0.13325  -0.08677  -0.04364  -0.07114   0.13098  -0.03752  -0.12236  -0.22158   0.14568  -0.05569  -0.05924  -0.16039   0.16745  -0.09453  -0.05619  -0.05460   0.09627 
 -0.09323  -0.06371  -0.08034   0.13276  -0.08575  -0.04518  -0.08772   0.13632  -0.04214  -0.12175  -0.24267   0.15199  -0.05994  -0.02449  -0.14198   0.14801  -0.08789  -0.06076  -0.03494   0.08734 
 -0.09194  -0.06086  -0.07237   0.12835  -0.07842  -0.04205  -0.04855   0.11590  -0.05928  -0.13503  -0.14862   0.15459  -0.09423  -0.03712  -0.12949   0.17242  -0.09135  -0.05634  -0.05573   0.09536 
 -0.09865  -0.06228  -0.06536   0.13045  -0.09533  -0.04420  -0.06079   0.13385  -0.05159  -0.12576  -0.19149   0.15284  -0.03888  -0.02133  -0.14186   0.13027  -0.09105  -0.07541  -0.02205   0.08828 
 -0.09405  -0.06637  -0.05566   0.12573  -0.09256  -0.06430  -0.04876   0.13377  -0.02860  -0.10389  -0.24664   0.13547  -0.08462  -0.04342  -0.12160   0.16582  -0.09395  -0.07310  -0.03330   0.09331 
 -0.09664  -0.07029  -0.05907   0.12982  -0.09267  -0.02953  -0.05878   0.12640  -0.05622  -0.12166  -0.25629   0.16402  -0.10277   0.00757  -0.14014   0.16117  -0.08666  -0.09393  -0.02329   0.09254 
 -0.10295  -0.06432  -0.05907   0.13150  -0.07717  -0.04261  -0.10423   0.13443  -0.05268  -0.09976  -0.23878   0.15122  -0.06789  -0.04230  -0.12967   0.15707  -0.10571  -0.06555  -0.00447   0.08419 
 -0.09877  -0.06106  -0.05706   0.12722  -0.08592  -0.06331  -0.04249   0.12622  -0.05094  -0.16066  -0.16724   0.16019  -0.05627  -0.01866  -0.12910   0.13723  -0.08473  -0.07993  -0.00594   0.08015 
 -0.09136  -0.07718  -0.03937   0.12189  -0.07238  -0.05330  -0.06809   0.12198  -0.05385  -0.10699  -0.18841   0.14723  -0.09940  -0.03743  -0.10284   0.16524  -0.10073  -0.04256  -0.04084   0.08920 
 -0.09960  -0.05382  -0.06028   0.12630  -0.08816  -0.04505  -0.04166   0.12181  -0.05141  -0.15006  -0.18561   0.16003  -0.06233  -0.01870  -0.11073   0.13398  -0.09000  -0.08294  -0.00976   0.08510 
 -0.09464  -0.07278  -0.04033   0.12275  -0.06692  -0.07310  -0.09662   0.13352  -0.05502  -0.12708  -0.16385   0.15134  -0.04497  -0.02575  -0.14454   0.13834  -0.07686  -0.08987  -0.00804   0.08055 
 -0.08121  -0.07929  -0.05526   0.12210  -0.06185  -0.07161  -0.06551   0.11839  -0.04276  -0.16544  -0.14627   0.15220  -0.03337  -0.05073  -0.15876   0.14653  -0.08823  -0.09381   0.00494   0.08135 
 -0.07882  -0.09239  -0.04149   0.11995  -0.06914  -0.05518  -0.06947   0.12051  -0.05583  -0.14069  -0.21399   0.16435  -0.07824  -0.01932  -0.12828   0.15316  -0.09879  -0.08056   0.00060   0.08382 
 -0.09440  -0.07278  -0.04402   0.12396  -0.06934  -0.04047  -0.07237   0.11690  -0.04047  -0.11917  -0.28970   0.15600  -0.05885  -0.04713  -0.11356   0.14611  -0.06771  -0.08556   0.00129   0.07078 
