IntronPotTab 1 1024 -55.26925 3.92013 16.69449 24213 6 16  615.13
   -0.02536
   -0.02873
    0.01391
    0.03680
   -0.02132
   -0.03887
   -0.08323
    0.06314
   -0.02557
   -0.04961
   -0.02484
    0.07066
   -0.03768
   -0.02555
    0.04480
    0.02242
   -0.04595
   -0.02965
   -0.00179
    0.07504
    0.01389
   -0.03294
   -0.14896
    0.04160
    0.00101
   -0.15054
    0.00234
    0.07683
    0.00205
   -0.09907
    0.05874
    0.01871
   -0.00475
   -0.04671
   -0.04121
    0.05985
    0.00185
   -0.03837
   -0.19414
    0.05875
    0.01687
   -0.07641
    0.01446
    0.00930
    0.00602
   -0.08599
   -0.02726
    0.04403
   -0.03826
    0.00162
    0.04539
    0.02340
   -0.01128
   -0.03269
   -0.12610
    0.05690
   -0.02245
   -0.00283
   -0.02483
    0.03965
   -0.05024
   -0.01715
    0.04338
    0.02238
   -0.01223
   -0.05644
   -0.02959
    0.07055
   -0.00291
   -0.08560
   -0.05718
    0.07589
   -0.03388
   -0.04361
   -0.05629
    0.08875
   -0.02909
   -0.07050
    0.03267
    0.03521
   -0.01320
   -0.06845
   -0.05735
    0.08644
    0.00299
   -0.07271
   -0.10600
    0.05919
   -0.03105
   -0.12197
   -0.02898
    0.12647
    0.03160
   -0.11017
    0.01371
    0.03428
   -0.01492
   -0.09165
   -0.01312
    0.09441
    0.13991
   -0.20105
   -0.10221
    0.05927
    0.03933
   -0.13390
   -0.01544
    0.03930
    0.05710
   -0.12787
   -0.02954
    0.05310
   -0.01789
   -0.04287
   -0.00432
    0.04450
   -0.00064
   -0.06609
   -0.07730
    0.05738
   -0.01192
   -0.04973
   -0.08042
    0.09000
   -0.02256
   -0.05030
   -0.00569
    0.04165
    0.01153
   -0.03857
   -0.06684
    0.05864
    0.01937
   -0.05977
   -0.17952
    0.06866
    0.00138
   -0.02939
   -0.06253
    0.06300
    0.00873
   -0.06022
   -0.02674
    0.03575
   -0.03212
   -0.08067
   -0.03884
    0.10200
    0.00880
   -0.09153
   -0.06096
    0.05383
    0.01517
   -0.18113
    0.03148
    0.06459
    0.03554
   -0.13905
    0.02530
    0.03027
    0.00649
   -0.03606
   -0.07501
    0.07173
    0.03370
   -0.03900
   -0.34818
    0.11463
    0.03006
   -0.12118
   -0.04655
    0.05082
   -0.01731
   -0.08040
   -0.05115
    0.07733
   -0.01856
   -0.06762
    0.01903
    0.03880
   -0.01686
   -0.03276
   -0.14738
    0.07828
   -0.01645
   -0.03683
   -0.03313
    0.05739
   -0.00283
   -0.05185
   -0.01043
    0.02664
   -0.03675
    0.01985
    0.02246
    0.02658
   -0.02380
   -0.03896
   -0.06564
    0.06318
   -0.02577
   -0.01733
   -0.02626
    0.04907
   -0.04250
    0.01486
    0.05420
    0.01002
   -0.03956
   -0.04366
    0.00503
    0.06273
   -0.03099
   -0.00727
   -0.07096
    0.05375
    0.02236
   -0.16385
   -0.09011
    0.12773
    0.00764
   -0.06490
    0.05057
    0.00453
   -0.01824
   -0.02702
   -0.06283
    0.06765
   -0.02120
   -0.04315
   -0.15129
    0.07820
   -0.01126
   -0.06324
   -0.02111
    0.05445
   -0.02139
   -0.03607
   -0.01616
    0.03624
   -0.05104
    0.01651
    0.05530
    0.01957
   -0.02098
   -0.02254
   -0.07516
    0.04488
   -0.02551
    0.00969
   -0.02558
    0.03464
   -0.04480
    0.01443
    0.03328
    0.00720
   -0.01068
   -0.01590
   -0.08177
    0.06814
   -0.01159
   -0.05466
   -0.13914
    0.08029
   -0.03839
   -0.03047
   -0.05051
    0.08981
   -0.01885
   -0.08791
    0.01271
    0.04681
   -0.03125
   -0.03264
   -0.01772
    0.06486
   -0.00176
   -0.00918
   -0.10787
    0.03914
    0.01268
   -0.07606
    0.00664
    0.02467
   -0.00183
   -0.09067
    0.05890
    0.02115
    0.00365
   -0.00789
   -0.05763
    0.03861
   -0.00535
   -0.02860
   -0.22952
    0.08539
    0.06244
   -0.03789
   -0.03975
   -0.01534
   -0.00021
   -0.05175
   -0.01821
    0.03048
   -0.02349
   -0.02746
   -0.01233
    0.04039
   -0.00951
   -0.04721
   -0.10130
    0.06234
   -0.02718
   -0.00601
   -0.06540
    0.06762
   -0.01859
   -0.06079
    0.00621
    0.03369
    0.00881
   -0.03029
   -0.11842
    0.09859
    0.01166
   -0.05280
   -0.20256
    0.09784
    0.00487
   -0.08145
   -0.11641
    0.12582
   -0.00729
   -0.09584
   -0.01311
    0.06827
    0.00808
   -0.03885
   -0.13174
    0.08443
    0.02936
   -0.05423
   -0.25678
    0.07034
   -0.06376
   -0.07548
   -0.05947
    0.15697
   -0.01718
   -0.08137
   -0.02858
    0.06941
    0.03423
   -0.11281
   -0.02126
    0.05003
    0.09239
   -0.13702
   -0.05532
    0.06851
    0.05502
   -0.08484
   -0.04262
    0.03325
    0.01809
   -0.14362
    0.00601
    0.06775
   -0.00324
   -0.04708
   -0.06543
    0.07110
    0.01906
   -0.06526
   -0.18956
    0.08019
   -0.02099
   -0.06132
   -0.14499
    0.16793
    0.01684
   -0.12521
   -0.02874
    0.08465
    0.00908
   -0.07150
   -0.09696
    0.12228
    0.09039
   -0.07722
   -0.24896
    0.11221
   -0.02306
   -0.09271
   -0.09480
    0.15121
    0.05067
   -0.16748
   -0.00389
    0.07452
    0.01646
   -0.08172
   -0.10012
    0.10089
    0.03445
   -0.04614
   -0.02516
    0.00841
    0.01892
   -0.12556
   -0.01837
    0.08921
    0.04672
   -0.13528
   -0.00697
    0.06714
    0.05066
   -0.02170
   -0.13224
    0.06746
    0.09022
   -0.08846
   -0.22388
    0.19770
    0.00705
   -0.02552
   -0.11244
    0.09767
    0.04055
   -0.10097
   -0.03292
    0.05149
   -0.00805
   -0.09348
   -0.00499
    0.06222
    0.06644
   -0.07853
   -0.24202
    0.11963
    0.02357
   -0.07556
   -0.13812
    0.12301
    0.04496
   -0.14136
   -0.03531
    0.06482
   -0.02933
    0.00435
   -0.09738
    0.08119
   -0.01259
   -0.07943
   -0.13744
    0.09057
   -0.01511
   -0.06276
   -0.08020
    0.09711
   -0.01595
   -0.04528
   -0.00127
    0.03107
   -0.02362
   -0.02360
   -0.05142
    0.06256
   -0.01321
   -0.00792
   -0.12244
    0.04348
    0.00984
   -0.16203
   -0.05683
    0.12251
    0.00974
   -0.03691
    0.03773
    0.00131
   -0.00552
   -0.06079
   -0.09329
    0.08720
    0.02026
   -0.08985
   -0.22297
    0.07500
   -0.00135
   -0.07269
   -0.07297
    0.08151
    0.02181
   -0.03679
   -0.02941
    0.01842
   -0.01780
   -0.01957
   -0.05991
    0.05643
   -0.01202
   -0.04099
   -0.14872
    0.06153
   -0.02418
   -0.03185
   -0.09180
    0.09709
   -0.02527
   -0.03184
   -0.05700
    0.05866
   -0.02521
   -0.04297
   -0.04739
    0.08915
   -0.01707
   -0.06412
   -0.19358
    0.10744
   -0.03800
   -0.02796
   -0.08396
    0.13662
   -0.01294
   -0.08065
   -0.00416
    0.04900
   -0.03438
   -0.04830
    0.00310
    0.06646
    0.02221
   -0.01425
   -0.16207
    0.02945
    0.03018
   -0.21438
   -0.00253
    0.10292
    0.03066
   -0.10321
    0.06562
   -0.00032
   -0.00849
   -0.03263
   -0.04769
    0.06819
    0.02814
   -0.02502
   -0.23951
    0.05457
    0.01200
   -0.10947
    0.03497
    0.02167
    0.01734
   -0.05843
   -0.04547
    0.03980
   -0.03864
   -0.02509
   -0.00540
    0.05253
   -0.00966
   -0.02924
   -0.22323
    0.09820
   -0.03947
   -0.00901
   -0.04534
    0.08493
    0.00027
   -0.06690
   -0.01914
    0.03776
   -0.01373
   -0.03585
   -0.09730
    0.11151
    0.02310
   -0.10910
   -0.15082
    0.11578
   -0.03471
   -0.04666
   -0.10157
    0.14216
   -0.00558
   -0.10590
    0.00807
    0.05590
   -0.01432
   -0.06440
   -0.10060
    0.10859
   -0.00281
   -0.05301
   -0.07226
    0.06286
    0.02536
   -0.13772
   -0.03154
    0.11806
    0.05795
   -0.14804
    0.03328
    0.04153
    0.07445
   -0.13188
   -0.06100
    0.06829
    0.09948
   -0.18968
   -0.06682
    0.11139
    0.04667
   -0.13815
   -0.02106
    0.07835
    0.04224
   -0.21224
    0.06101
    0.05883
   -0.01336
   -0.05007
   -0.07146
    0.09183
    0.01722
   -0.06576
   -0.17030
    0.08585
   -0.03181
   -0.05134
   -0.12235
    0.17345
    0.05960
   -0.09785
   -0.03312
    0.04675
    0.03365
   -0.03433
   -0.10541
    0.07303
    0.03989
   -0.07434
   -0.22464
    0.08788
    0.03007
   -0.06517
   -0.09230
    0.09238
    0.03478
   -0.08127
   -0.05337
    0.05151
   -0.00268
   -0.10886
   -0.07224
    0.11744
    0.02083
   -0.05939
   -0.13586
    0.06239
   -0.02599
   -0.15589
    0.06910
    0.07560
    0.02246
   -0.13034
    0.02808
    0.03225
    0.01574
   -0.06289
   -0.09111
    0.09594
    0.05898
   -0.03091
   -0.36863
    0.12178
    0.04898
   -0.11489
   -0.05832
    0.05252
    0.00184
   -0.07165
   -0.05536
    0.06636
   -0.00638
   -0.11689
   -0.00808
    0.07268
    0.00927
   -0.03836
   -0.21121
    0.09666
    0.00060
   -0.07577
   -0.03855
    0.07704
    0.02324
   -0.09568
   -0.03942
    0.05309
   -0.01615
   -0.00509
   -0.06503
    0.05460
    0.00449
   -0.10596
   -0.12513
    0.09194
   -0.02402
   -0.01782
   -0.07619
    0.07850
   -0.02352
   -0.03466
    0.00640
    0.02879
   -0.02531
   -0.04183
   -0.04842
    0.06950
   -0.00262
   -0.06293
   -0.06700
    0.05339
    0.01613
   -0.16523
   -0.04751
    0.10568
    0.02099
   -0.06768
    0.08807
   -0.01624
   -0.00559
   -0.03421
   -0.07288
    0.06700
    0.00335
   -0.10046
   -0.20394
    0.10224
   -0.01626
   -0.08838
   -0.00225
    0.06407
   -0.00273
   -0.04696
   -0.02936
    0.03899
   -0.04167
   -0.02024
   -0.00681
    0.05107
    0.00192
   -0.04086
   -0.19506
    0.06282
   -0.02238
   -0.00620
   -0.03338
    0.04389
    0.00883
   -0.03758
   -0.00005
    0.01178
   -0.03117
    0.02679
   -0.00740
    0.03216
   -0.02569
   -0.03550
   -0.06001
    0.05450
   -0.01792
    0.01041
   -0.02373
    0.02945
   -0.06518
    0.00477
    0.06889
    0.01916
   -0.04491
   -0.04651
    0.04306
    0.05708
    0.00696
   -0.01825
   -0.08596
    0.01958
    0.00970
   -0.15745
    0.01113
    0.06078
   -0.02477
   -0.06630
    0.07682
    0.01111
   -0.01828
   -0.01748
   -0.03278
    0.05404
    0.01342
   -0.06651
   -0.15804
    0.05113
    0.02497
   -0.05077
   -0.04224
    0.02584
   -0.02273
   -0.05720
   -0.02040
    0.04288
   -0.04195
    0.01466
    0.05378
    0.01309
   -0.02669
   -0.02048
   -0.06214
    0.04622
   -0.01817
    0.01073
   -0.02946
    0.02699
   -0.06383
    0.01384
    0.07333
    0.00751
   -0.02498
   -0.04450
   -0.07700
    0.10106
   -0.00194
   -0.09073
   -0.05934
    0.07282
   -0.00165
   -0.09717
   -0.10511
    0.11684
   -0.00750
   -0.11242
    0.01898
    0.05624
   -0.00234
   -0.06655
   -0.08824
    0.07930
   -0.02024
   -0.01444
   -0.17288
    0.05934
   -0.00187
   -0.15523
   -0.06105
    0.12185
    0.02794
   -0.11622
    0.05308
    0.03293
   -0.00204
   -0.13883
   -0.03441
    0.10975
    0.12424
   -0.23214
   -0.09000
    0.13746
    0.08862
   -0.11096
   -0.06523
    0.02748
    0.03495
   -0.15452
   -0.01112
    0.07459
   -0.02110
   -0.04861
   -0.03296
    0.06328
    0.00364
   -0.07153
   -0.15762
    0.06486
    0.00022
   -0.08276
   -0.10253
    0.11160
    0.03030
   -0.08847
   -0.02409
    0.04984
   -0.00706
   -0.01437
   -0.08042
    0.07643
    0.03469
   -0.08968
   -0.17273
    0.05717
    0.01150
   -0.05772
   -0.07805
    0.06898
    0.00599
   -0.09513
   -0.03097
    0.05502
   -0.02511
   -0.07396
   -0.07472
    0.09506
    0.02001
   -0.08385
   -0.10843
    0.04424
   -0.02328
   -0.17113
   -0.02872
    0.12893
    0.04021
   -0.11909
   -0.01275
    0.03495
    0.01458
   -0.03924
   -0.08533
    0.06174
    0.05494
   -0.07337
   -0.36679
    0.12001
    0.02091
   -0.14812
   -0.01199
    0.06327
    0.00686
   -0.07609
   -0.07566
    0.07862
   -0.02935
   -0.03918
   -0.00110
    0.04477
    0.00564
   -0.06679
   -0.16651
    0.07071
   -0.01467
   -0.02727
   -0.03279
    0.04293
    0.00707
   -0.06176
   -0.01600
    0.02814
   -0.04359
    0.02580
    0.01641
    0.03250
   -0.03508
   -0.02656
   -0.07897
    0.06634
   -0.03139
   -0.01098
   -0.03386
    0.05515
   -0.04862
    0.00120
    0.06049
    0.00623
   -0.04860
   -0.04071
   -0.00901
    0.07297
   -0.03133
   -0.01543
   -0.04322
    0.04214
   -0.02423
   -0.10948
   -0.02372
    0.07679
   -0.00661
   -0.05701
    0.08150
   -0.00258
   -0.02102
   -0.01278
   -0.04463
    0.05548
   -0.00990
   -0.05915
   -0.13810
    0.06125
   -0.00261
   -0.07873
   -0.01767
    0.04846
   -0.01778
   -0.03489
    0.00317
    0.02042
   -0.05569
    0.03501
    0.03582
    0.02361
   -0.03521
   -0.00055
   -0.09591
    0.04388
   -0.04371
   -0.00603
   -0.01547
    0.04877
   -0.04563
    0.00227
    0.04642
    0.00725
