IntronPotTab 1 1024 -14.20008 1.16000 9.72110 21010 6 16  374.15
   -0.02624
   -0.00220
    0.00068
    0.03638
   -0.05683
    0.04068
   -0.01275
    0.04513
   -0.03085
   -0.01293
    0.01953
    0.02347
   -0.03328
   -0.02282
    0.01016
    0.03940
   -0.04191
    0.02655
   -0.05447
    0.07124
   -0.05573
    0.03510
   -0.04524
    0.04796
   -0.03556
   -0.01089
    0.00289
    0.04644
   -0.01806
   -0.01326
   -0.01061
    0.03702
   -0.03835
   -0.02060
    0.02782
    0.03516
   -0.02326
    0.00711
   -0.02243
    0.03984
   -0.02211
   -0.03754
    0.07046
   -0.03905
   -0.01291
   -0.02954
    0.00307
    0.03550
   -0.01578
   -0.02758
   -0.00299
    0.04373
   -0.04720
    0.02700
   -0.03613
    0.04340
   -0.02857
   -0.01246
   -0.00197
    0.04024
   -0.01707
   -0.02387
    0.01050
    0.02099
   -0.01150
   -0.02202
   -0.01475
    0.06991
   -0.01558
   -0.01433
    0.00446
    0.07001
   -0.00230
   -0.04097
    0.00230
    0.08452
   -0.02294
   -0.04004
    0.02901
    0.04040
    0.01249
   -0.00265
   -0.06544
    0.06393
   -0.03251
    0.01302
   -0.04211
    0.05620
    0.02117
   -0.05969
    0.00207
    0.07315
    0.04189
   -0.01500
   -0.04128
    0.04640
    0.03846
   -0.05805
   -0.02336
    0.06624
    0.01770
   -0.04002
   -0.00773
    0.03564
    0.01384
   -0.07699
    0.07662
    0.03031
   -0.02613
   -0.03457
    0.01341
    0.04515
    0.02209
   -0.05749
    0.01746
    0.04706
   -0.03536
    0.00786
   -0.03052
    0.06014
    0.02987
   -0.03310
   -0.02016
    0.05481
   -0.00173
   -0.03051
    0.00380
    0.03216
    0.01264
   -0.01637
   -0.01538
    0.02981
   -0.01575
    0.00933
   -0.03710
    0.07116
    0.00163
   -0.04417
    0.00664
    0.05679
   -0.00220
   -0.04875
   -0.00394
    0.05311
    0.01165
    0.03837
   -0.08394
    0.10214
   -0.00768
    0.01368
   -0.05765
    0.06693
    0.02725
   -0.01270
   -0.05773
    0.09603
    0.05158
   -0.04203
   -0.04644
    0.08095
    0.02951
   -0.02668
   -0.03498
    0.04868
    0.02080
   -0.01399
   -0.05644
    0.06495
    0.00162
   -0.07350
    0.02395
    0.03897
   -0.04906
   -0.00882
   -0.04018
    0.10882
    0.03153
   -0.08538
    0.00585
    0.07159
   -0.00528
    0.00436
   -0.05121
    0.06720
   -0.01272
   -0.02564
   -0.01664
    0.06437
    0.01477
   -0.03910
   -0.01010
    0.03793
   -0.03503
    0.01111
   -0.01864
    0.03877
   -0.02352
    0.03162
   -0.01839
    0.04912
   -0.03114
   -0.02271
    0.02095
    0.04248
    0.00268
   -0.01093
   -0.02322
    0.04076
   -0.04267
    0.00781
   -0.04541
    0.05711
   -0.02758
    0.01681
   -0.05040
    0.05381
   -0.04186
   -0.01435
    0.01096
    0.03936
    0.02223
   -0.02180
   -0.02264
    0.03432
    0.00666
   -0.03322
   -0.00541
    0.02661
   -0.00447
   -0.00269
   -0.02216
    0.03060
   -0.00355
   -0.04582
    0.05688
   -0.00285
   -0.01752
   -0.02541
    0.00905
    0.03511
   -0.00963
   -0.01619
   -0.01303
    0.03004
   -0.03626
    0.02669
   -0.03069
    0.03312
   -0.03164
   -0.00361
   -0.00335
    0.03308
   -0.01164
   -0.01294
   -0.00778
    0.02716
   -0.03029
   -0.00136
   -0.02778
    0.06888
   -0.06138
    0.05482
   -0.06145
    0.07242
   -0.03245
   -0.00838
   -0.00243
    0.04533
   -0.03394
    0.00188
   -0.01897
    0.05220
   -0.02926
    0.00965
   -0.08545
    0.07151
   -0.03478
    0.05123
   -0.09315
    0.06135
   -0.04557
    0.01314
   -0.02911
    0.04615
   -0.00291
   -0.00657
   -0.03316
    0.05101
   -0.01230
   -0.00699
   -0.00738
    0.02940
   -0.02753
    0.00655
   -0.05293
    0.07687
    0.00120
   -0.02923
    0.07190
   -0.05567
   -0.04812
   -0.01067
   -0.01486
    0.06870
   -0.00076
   -0.00591
   -0.02489
    0.02375
   -0.03768
    0.03494
   -0.06298
    0.06084
   -0.04943
   -0.00107
   -0.02642
    0.05678
   -0.01304
   -0.00175
   -0.03814
    0.04270
   -0.00074
   -0.00003
   -0.05761
    0.07634
   -0.00100
   -0.03061
   -0.00037
    0.07001
    0.01271
   -0.03351
   -0.01464
    0.07998
   -0.01066
   -0.02981
   -0.00182
    0.05330
    0.00562
    0.01472
   -0.11617
    0.09199
   -0.05030
    0.00383
   -0.04096
    0.06461
   -0.02237
   -0.01410
   -0.02491
    0.07028
   -0.00987
   -0.01329
   -0.02501
    0.04844
    0.02417
   -0.02784
   -0.05021
    0.06803
    0.05060
   -0.09114
    0.03360
    0.07951
   -0.00728
   -0.06184
    0.04734
    0.03287
   -0.06612
   -0.03634
    0.02237
    0.08449
   -0.00883
   -0.01258
   -0.01287
    0.04230
   -0.02897
   -0.01761
   -0.03822
    0.08893
    0.01144
   -0.01815
   -0.04993
    0.07876
   -0.00553
   -0.03592
   -0.01907
    0.06531
    0.00336
   -0.00378
   -0.03906
    0.05533
   -0.01477
    0.05552
   -0.10005
    0.07559
    0.01132
   -0.01993
   -0.01055
    0.03523
   -0.00140
   -0.01487
   -0.03372
    0.07217
    0.00507
    0.03108
   -0.13917
    0.10732
   -0.02779
    0.11894
   -0.15966
    0.13063
   -0.02000
    0.01611
   -0.08122
    0.09534
    0.00200
    0.03053
   -0.07879
    0.09933
    0.02721
   -0.00092
   -0.07553
    0.07031
    0.01233
    0.07523
   -0.16794
    0.13511
    0.00473
   -0.04468
    0.00753
    0.03115
   -0.00827
    0.01662
   -0.06389
    0.09176
    0.05068
   -0.08743
    0.01266
    0.10760
   -0.07275
    0.05118
   -0.10568
    0.12467
   -0.04085
   -0.00673
   -0.04668
    0.06623
   -0.01138
   -0.00821
   -0.04677
    0.06893
   -0.03502
    0.01347
   -0.00438
    0.02857
   -0.03180
    0.02176
   -0.03284
    0.02738
   -0.02178
   -0.02343
    0.01915
    0.02832
   -0.03120
    0.01496
   -0.01677
    0.02647
   -0.02030
    0.02339
   -0.07115
    0.05727
   -0.07725
    0.06162
   -0.10203
    0.04708
   -0.04094
    0.01448
   -0.03026
    0.03444
   -0.04765
    0.01612
   -0.04269
    0.04192
    0.00291
   -0.00333
   -0.03681
    0.03801
   -0.02772
    0.01610
   -0.02587
    0.02190
   -0.03081
   -0.03417
    0.05000
    0.01260
   -0.04864
    0.01213
    0.00456
    0.01896
   -0.01245
    0.00777
   -0.01241
    0.01428
   -0.04410
    0.04224
   -0.05405
    0.02293
   -0.02308
   -0.00323
   -0.01456
    0.03734
   -0.04570
    0.01949
   -0.02603
    0.02824
   -0.01625
   -0.01696
    0.00423
    0.03209
   -0.04023
    0.02435
   -0.01280
    0.03336
   -0.03119
   -0.04026
    0.02300
    0.04843
   -0.01412
   -0.04313
    0.01080
    0.03164
   -0.03427
    0.00170
   -0.02903
    0.06247
   -0.03102
    0.00660
   -0.03363
    0.04960
   -0.04377
   -0.00785
   -0.01475
    0.07212
   -0.00011
   -0.03401
   -0.00097
    0.02659
   -0.01883
   -0.05162
    0.02511
    0.02487
    0.00200
   -0.01858
   -0.01173
    0.02453
   -0.05122
   -0.07298
    0.08843
   -0.01811
   -0.03035
   -0.01651
    0.00358
    0.02931
   -0.01994
   -0.02243
   -0.00333
    0.03875
   -0.02644
    0.00181
   -0.02618
    0.04485
   -0.05475
   -0.01346
    0.00217
    0.06266
   -0.01464
   -0.03476
    0.00510
    0.02736
    0.00915
   -0.02600
   -0.03200
    0.06635
    0.00283
   -0.04562
    0.01096
    0.05356
    0.04942
   -0.07057
    0.01606
    0.08726
   -0.03771
   -0.05569
    0.03294
    0.04168
    0.00010
   -0.02430
   -0.06084
    0.09068
   -0.03423
   -0.00244
   -0.04330
    0.06739
    0.05233
   -0.10620
    0.04863
    0.09746
    0.03617
   -0.06285
   -0.01067
    0.05817
    0.05136
   -0.07729
   -0.00158
    0.04165
    0.02153
   -0.06610
    0.01309
    0.04398
    0.04268
   -0.13866
    0.11411
    0.07402
   -0.00632
   -0.07497
    0.03676
    0.02318
    0.02618
   -0.06632
    0.02107
    0.04095
   -0.00478
   -0.04002
   -0.02447
    0.07967
    0.04119
   -0.05573
   -0.01350
    0.08295
    0.02161
   -0.05521
   -0.00751
    0.05196
    0.00975
   -0.03117
   -0.01623
    0.04614
   -0.01926
   -0.00136
   -0.02256
    0.05857
    0.00638
   -0.06412
    0.00682
    0.06644
   -0.01049
   -0.06138
   -0.00915
    0.06836
   -0.00915
    0.00365
   -0.06460
    0.10700
   -0.01342
    0.01995
   -0.06418
    0.06312
    0.04053
    0.03084
   -0.09774
    0.14458
    0.01851
   -0.02875
   -0.04148
    0.08213
    0.02428
   -0.04315
   -0.01778
    0.03870
   -0.01845
   -0.00615
   -0.03166
    0.06043
    0.00110
   -0.03463
   -0.00065
    0.03871
   -0.02539
   -0.04231
   -0.02815
    0.07843
   -0.01419
   -0.06584
   -0.01366
    0.09845
   -0.01557
   -0.00580
   -0.03566
    0.07204
   -0.05001
   -0.03293
   -0.01252
    0.09766
   -0.00115
   -0.03215
   -0.02150
    0.05183
   -0.01334
    0.00777
   -0.05423
    0.05666
   -0.01052
    0.03658
   -0.06419
    0.07968
    0.00550
   -0.05546
    0.01650
    0.04698
   -0.01620
   -0.01898
    0.00538
    0.01689
   -0.02461
    0.00437
   -0.03289
    0.04951
   -0.05257
    0.02564
   -0.06013
    0.06934
   -0.01524
   -0.03963
    0.01653
    0.03375
   -0.01149
   -0.03877
    0.00423
    0.03186
    0.02432
   -0.01952
   -0.05030
    0.04614
   -0.00876
   -0.02704
   -0.00328
    0.03717
   -0.01480
   -0.07622
    0.06425
    0.01284
   -0.02035
   -0.03970
    0.01689
    0.01158
   -0.01430
   -0.00432
   -0.01509
    0.03046
   -0.03724
    0.01113
   -0.02258
    0.04842
   -0.01423
   -0.01390
   -0.00104
    0.02688
   -0.02927
   -0.00481
   -0.00641
    0.02537
   -0.01821
    0.00275
   -0.01603
    0.03627
   -0.05300
    0.04309
   -0.04082
    0.05177
   -0.01578
   -0.01472
    0.00975
    0.02118
   -0.02202
   -0.01094
    0.00869
    0.02162
   -0.04949
    0.00831
   -0.05790
    0.05243
   -0.03913
    0.02940
   -0.05755
    0.04883
   -0.07669
    0.04211
   -0.05025
    0.09769
   -0.00898
   -0.01779
   -0.00979
    0.03195
    0.01240
   -0.01680
   -0.01131
    0.01452
   -0.03737
   -0.01586
   -0.02364
    0.06948
    0.00035
   -0.03874
    0.03823
   -0.01319
   -0.01758
   -0.01854
   -0.00999
    0.03971
   -0.02743
   -0.02247
   -0.01274
    0.03500
   -0.03642
    0.01830
   -0.03688
    0.04510
   -0.03054
   -0.04300
   -0.00222
    0.03761
   -0.01978
   -0.02293
    0.01443
    0.01714
    0.01639
   -0.01398
   -0.06528
    0.07402
   -0.00104
   -0.02767
   -0.00200
    0.05324
   -0.00458
   -0.03703
   -0.00368
    0.07170
    0.00149
   -0.05438
    0.02172
    0.04918
   -0.01892
    0.00994
   -0.10731
    0.10037
   -0.06363
    0.00814
   -0.05654
    0.07714
   -0.00978
   -0.03587
   -0.02430
    0.07162
    0.02023
   -0.03523
   -0.01526
    0.04998
    0.01520
   -0.03363
   -0.02864
    0.05276
    0.00482
   -0.05711
    0.00073
    0.06775
   -0.03447
   -0.04671
    0.03597
    0.04855
   -0.07457
   -0.04249
    0.02810
    0.07859
   -0.02146
   -0.03214
   -0.00270
    0.04998
   -0.03349
   -0.01375
   -0.03765
    0.06881
   -0.00522
   -0.04209
   -0.03231
    0.07263
    0.02576
   -0.05637
    0.00385
    0.04415
    0.01914
    0.00302
   -0.06468
    0.07170
   -0.00131
    0.02235
   -0.08601
    0.08976
    0.00925
   -0.02334
   -0.00611
    0.03470
   -0.00203
    0.01203
   -0.04727
    0.09034
   -0.01858
    0.03407
   -0.13293
    0.11703
   -0.02342
    0.03590
   -0.11064
    0.12359
   -0.03610
   -0.00383
   -0.06322
    0.10462
    0.03040
    0.00963
   -0.06288
    0.09648
    0.03055
   -0.02981
   -0.06867
    0.07752
    0.01864
    0.01273
   -0.10080
    0.09196
   -0.00660
   -0.04659
    0.00985
    0.03678
   -0.00333
    0.00817
   -0.05381
    0.08794
   -0.02686
   -0.05993
   -0.03355
    0.06988
   -0.03857
    0.00828
   -0.07047
    0.09517
   -0.01550
   -0.00534
   -0.05283
    0.03642
    0.00772
   -0.00914
   -0.04427
    0.05621
   -0.02758
    0.01553
   -0.00990
    0.02449
   -0.02079
    0.01758
   -0.02813
    0.03330
   -0.01556
   -0.01351
    0.01291
    0.01032
   -0.02627
   -0.00716
    0.00777
    0.01522
   -0.03224
    0.02073
   -0.04877
    0.04739
   -0.06251
    0.03349
   -0.06791
    0.05287
   -0.07163
    0.00191
   -0.00986
    0.04848
   -0.02394
   -0.00090
   -0.00144
    0.01196
   -0.00649
   -0.01182
   -0.02672
    0.04552
   -0.01160
    0.00284
   -0.03002
    0.03284
   -0.03662
   -0.04028
    0.05580
    0.00607
   -0.03773
   -0.01652
    0.01509
    0.02030
   -0.01800
    0.00859
   -0.01921
    0.02095
   -0.05779
    0.03694
   -0.04118
    0.03102
   -0.03508
    0.00382
   -0.01221
    0.03285
   -0.01747
    0.00332
   -0.00350
    0.01116
