IntronPotTab 1 1024 -18.41494 1.38730 23.90607 97744 6 16  159.78
    0.01655
   -0.04899
   -0.06491
    0.04314
   -0.03627
   -0.06997
   -0.08600
    0.11472
   -0.04893
   -0.02167
   -0.11573
    0.14395
   -0.05462
   -0.05495
   -0.00856
    0.08103
   -0.04316
   -0.03905
   -0.07859
    0.11354
    0.01415
   -0.07444
   -0.10288
    0.08105
   -0.03431
   -0.05389
   -0.10265
    0.13508
   -0.00718
   -0.10934
    0.01691
    0.06037
    0.00028
   -0.08899
   -0.09942
    0.11095
   -0.05293
   -0.10767
   -0.09944
    0.10550
   -0.03945
   -0.03423
   -0.00680
    0.07612
   -0.00934
   -0.11435
   -0.10104
    0.10851
   -0.04672
   -0.04161
    0.00355
    0.05697
   -0.04532
   -0.10980
   -0.08157
    0.11974
   -0.04342
   -0.06325
   -0.09196
    0.13975
   -0.04436
   -0.05795
    0.02415
    0.04085
    0.00329
   -0.07479
   -0.10371
    0.12110
    0.04886
   -0.21832
   -0.09077
    0.09097
   -0.00046
   -0.16022
   -0.20290
    0.19487
   -0.00483
   -0.14554
   -0.03865
    0.10744
    0.01275
   -0.10255
   -0.14249
    0.11242
    0.00335
   -0.08382
   -0.13605
    0.08313
    0.03873
   -0.18946
   -0.03517
    0.08319
   -0.00947
   -0.12655
   -0.05933
    0.10734
    0.03451
   -0.17628
   -0.06349
    0.10881
    0.05355
   -0.19315
   -0.18514
    0.14364
    0.06208
   -0.14937
   -0.00113
    0.02441
    0.04143
   -0.19317
   -0.07888
    0.11226
    0.00978
   -0.10552
   -0.02363
    0.05871
    0.00069
   -0.21724
   -0.08240
    0.12172
    0.01280
   -0.11572
   -0.14055
    0.12760
   -0.01182
   -0.09821
   -0.03905
    0.08162
    0.02476
   -0.05442
   -0.15642
    0.13250
   -0.00866
   -0.10566
   -0.12789
    0.10939
   -0.02118
   -0.03478
   -0.14510
    0.14530
   -0.00761
   -0.10844
   -0.10730
    0.12565
   -0.03343
   -0.09163
   -0.09447
    0.13271
    0.01674
   -0.12235
   -0.23042
    0.13415
   -0.03641
   -0.10665
   -0.11642
    0.15335
    0.04892
   -0.12738
   -0.06996
    0.07507
    0.02691
   -0.07244
   -0.16228
    0.12220
   -0.03004
   -0.09367
   -0.22788
    0.14108
   -0.04841
   -0.07229
   -0.04204
    0.08952
   -0.10760
   -0.06964
   -0.11848
    0.13785
   -0.00160
   -0.10997
   -0.00945
    0.05656
   -0.00177
   -0.13152
   -0.10491
    0.08386
    0.00662
   -0.10500
   -0.12756
    0.11282
    0.02909
   -0.14417
   -0.07128
    0.07618
   -0.04875
    0.01439
   -0.05367
    0.07798
    0.00273
   -0.14542
   -0.05204
    0.08982
   -0.04023
   -0.02118
   -0.09716
    0.10453
    0.01587
   -0.05883
    0.00275
    0.00937
   -0.02785
   -0.02914
   -0.09307
    0.08662
   -0.02476
   -0.07916
   -0.04552
    0.08411
   -0.01875
   -0.10761
   -0.09623
    0.13696
   -0.02963
   -0.08409
    0.03724
    0.05062
   -0.01739
   -0.06167
   -0.10149
    0.08855
   -0.07566
   -0.11017
   -0.02868
    0.13467
   -0.02809
   -0.07321
   -0.06998
    0.10102
   -0.03570
   -0.11526
   -0.01812
    0.08027
   -0.05306
   -0.01288
    0.01418
    0.04728
   -0.03924
   -0.12007
   -0.02466
    0.09986
   -0.00982
   -0.05203
   -0.07766
    0.08392
   -0.05685
   -0.01967
    0.02833
    0.02456
    0.00524
   -0.05431
   -0.13206
    0.10934
   -0.04077
   -0.09516
   -0.08539
    0.12185
   -0.00802
   -0.07855
   -0.18857
    0.15048
   -0.02620
   -0.06315
   -0.07981
    0.10900
   -0.04404
    0.00541
   -0.11753
    0.09521
   -0.02613
   -0.02896
   -0.12883
    0.10609
   -0.01378
   -0.03567
   -0.14924
    0.12585
    0.00885
   -0.08004
    0.04591
    0.01551
   -0.01559
   -0.07920
   -0.07353
    0.10268
   -0.05269
   -0.12273
   -0.10726
    0.11281
    0.02106
   -0.01672
   -0.02142
   -0.00201
   -0.00913
   -0.11517
   -0.04139
    0.07451
   -0.03603
   -0.06825
   -0.06641
    0.08294
   -0.05390
   -0.09067
   -0.11245
    0.12051
   -0.04206
   -0.02919
   -0.10711
    0.11468
   -0.03259
   -0.10674
   -0.03152
    0.07785
    0.02054
   -0.08901
   -0.14933
    0.13465
    0.02840
   -0.17059
   -0.13749
    0.13753
   -0.00999
   -0.12883
   -0.17716
    0.19220
    0.00031
   -0.12735
   -0.04734
    0.09976
   -0.00715
   -0.04060
   -0.13891
    0.09174
   -0.07143
    0.00475
   -0.17526
    0.12972
   -0.01946
   -0.14409
   -0.12438
    0.20276
   -0.09076
   -0.02745
   -0.05842
    0.09419
    0.03317
   -0.12505
   -0.15221
    0.14537
    0.02195
   -0.04251
   -0.38125
    0.25561
   -0.04084
   -0.13311
   -0.09197
    0.14103
    0.03266
   -0.16999
   -0.10198
    0.13097
   -0.02646
   -0.03999
   -0.06730
    0.10329
   -0.03606
   -0.16567
   -0.14281
    0.14962
   -0.01159
   -0.08251
   -0.12341
    0.14042
    0.02646
   -0.14389
   -0.10291
    0.11781
    0.04063
   -0.11170
   -0.21249
    0.14376
    0.04064
   -0.12763
   -0.20376
    0.17370
   -0.00847
   -0.10019
   -0.16441
    0.17549
   -0.03089
   -0.08919
   -0.12495
    0.12951
    0.00507
   -0.07344
   -0.19434
    0.15782
    0.05670
   -0.02581
   -0.22450
    0.09361
    0.05702
    0.05145
   -0.34639
    0.22559
    0.03185
   -0.08928
   -0.09351
    0.07781
    0.01812
   -0.14603
   -0.18482
    0.15270
    0.06997
   -0.16559
   -0.16138
    0.12657
   -0.05249
   -0.09897
   -0.01110
    0.08693
   -0.04300
   -0.21747
   -0.15221
    0.16765
   -0.03605
   -0.09908
   -0.01101
    0.08847
    0.00898
   -0.12745
   -0.22677
    0.15522
   -0.02035
   -0.08003
   -0.15420
    0.15243
    0.01021
   -0.14681
   -0.06314
    0.07672
   -0.05236
    0.02440
   -0.13832
    0.12623
   -0.05762
   -0.12735
   -0.09182
    0.13865
   -0.07655
   -0.01932
   -0.10127
    0.15301
   -0.00213
   -0.05938
   -0.04862
    0.06573
   -0.03641
   -0.01570
   -0.09102
    0.09194
   -0.06467
    0.00154
   -0.08533
    0.08639
    0.02048
   -0.07287
   -0.20627
    0.15428
   -0.04948
   -0.00663
    0.03214
    0.01254
   -0.02303
   -0.04515
   -0.10156
    0.08896
   -0.05964
   -0.06726
   -0.18744
    0.13550
   -0.03399
   -0.03165
   -0.04358
    0.06453
   -0.02573
   -0.12297
   -0.03376
    0.07699
   -0.03034
    0.01750
   -0.09296
    0.07364
   -0.05671
   -0.10790
   -0.08828
    0.10136
   -0.00977
   -0.04708
   -0.13885
    0.11283
   -0.02091
   -0.04029
   -0.06534
    0.06631
   -0.03729
    0.00882
   -0.09827
    0.10551
   -0.00532
   -0.09136
   -0.09996
    0.09299
   -0.05042
   -0.01035
   -0.14916
    0.17527
   -0.04140
   -0.03969
   -0.09241
    0.11096
   -0.05908
   -0.03054
   -0.08368
    0.11533
    0.00082
   -0.01394
   -0.22788
    0.11239
   -0.02742
   -0.03766
   -0.13003
    0.14535
    0.02331
   -0.09963
    0.00594
    0.03644
    0.00192
   -0.04687
   -0.11078
    0.10264
   -0.04786
   -0.14278
   -0.07419
    0.10207
   -0.03401
   -0.06867
    0.02497
    0.07704
    0.01510
   -0.09849
   -0.08609
    0.07105
   -0.04098
   -0.05942
   -0.02628
    0.07264
   -0.03690
   -0.13072
   -0.06589
    0.12128
   -0.02228
   -0.05713
   -0.09886
    0.13067
   -0.03160
   -0.04723
   -0.01167
    0.04528
   -0.00209
   -0.05575
   -0.13299
    0.13433
    0.02280
   -0.17415
   -0.06534
    0.11137
    0.00918
   -0.09665
   -0.19132
    0.18453
    0.03979
   -0.14602
   -0.02728
    0.08043
   -0.00238
   -0.10031
   -0.07651
    0.09335
   -0.09126
    0.04688
   -0.12385
    0.11997
   -0.00067
   -0.16177
   -0.07141
    0.15551
    0.05194
   -0.13615
   -0.04033
    0.07603
    0.04768
   -0.16388
   -0.11067
    0.11761
    0.05792
   -0.17531
   -0.13859
    0.13148
    0.12036
   -0.18811
   -0.06054
    0.04850
    0.04741
   -0.15697
   -0.07854
    0.09771
    0.00018
   -0.08416
   -0.05019
    0.07995
   -0.01214
   -0.19834
   -0.19254
    0.17648
    0.02208
   -0.06559
   -0.14328
    0.11433
    0.07312
   -0.11154
   -0.09005
    0.08109
    0.02430
   -0.05365
   -0.16807
    0.12613
   -0.01364
   -0.08533
   -0.18566
    0.13856
   -0.00657
   -0.07254
   -0.12971
    0.14609
    0.00827
   -0.13509
   -0.09263
    0.11806
   -0.04992
   -0.04186
   -0.05583
    0.09620
   -0.03831
   -0.00509
   -0.27143
    0.17714
   -0.00641
   -0.09471
   -0.13760
    0.14266
    0.04991
   -0.12596
   -0.10121
    0.09106
    0.01560
   -0.06545
   -0.15832
    0.10839
    0.02164
   -0.10036
   -0.10520
    0.05821
   -0.03456
   -0.06380
   -0.04437
    0.08988
   -0.07905
   -0.11317
   -0.14760
    0.11702
   -0.04785
   -0.09998
    0.02942
    0.07672
   -0.01330
   -0.09522
   -0.17934
    0.12847
   -0.01211
   -0.07767
   -0.11796
    0.13854
    0.00166
   -0.13144
   -0.08268
    0.08035
   -0.04772
    0.03509
   -0.14525
    0.11247
   -0.00103
   -0.13486
   -0.11490
    0.11267
   -0.02403
   -0.01722
   -0.13292
    0.10017
    0.02837
   -0.06405
   -0.04956
    0.04183
   -0.02230
   -0.02210
   -0.09662
    0.08060
   -0.03982
   -0.02421
   -0.14557
    0.09742
   -0.01099
   -0.10387
   -0.08257
    0.10153
   -0.04928
   -0.03422
    0.00569
    0.04353
    0.00044
   -0.04144
   -0.16471
    0.10008
   -0.07593
   -0.07029
   -0.10473
    0.12330
   -0.03635
   -0.07929
   -0.05142
    0.10401
   -0.04096
   -0.11965
    0.00166
    0.06961
   -0.03216
   -0.00048
   -0.02976
    0.04620
   -0.05466
   -0.10876
   -0.09040
    0.11354
    0.00757
   -0.04218
   -0.11849
    0.08537
   -0.03577
    0.01474
   -0.02570
    0.02280
   -0.03057
   -0.01577
   -0.02905
    0.06448
   -0.03250
   -0.09320
   -0.05035
    0.10067
   -0.01670
    0.00885
   -0.12012
    0.07427
   -0.05325
   -0.01900
   -0.01673
    0.05589
   -0.06453
   -0.05677
   -0.05644
    0.11096
   -0.01233
   -0.06082
   -0.10316
    0.07772
   -0.05888
   -0.01227
   -0.11074
    0.12427
   -0.02132
   -0.06716
    0.03317
    0.03222
   -0.01485
   -0.09507
   -0.06911
    0.09827
   -0.05577
   -0.13854
   -0.08354
    0.10406
   -0.01744
    0.00742
   -0.03156
    0.03573
   -0.02070
   -0.08332
   -0.02537
    0.05621
   -0.06667
   -0.01152
   -0.03138
    0.05188
   -0.05878
   -0.08807
   -0.07326
    0.10453
   -0.03584
   -0.01769
   -0.09150
    0.08646
   -0.03871
   -0.02671
    0.03896
    0.01544
   -0.00964
   -0.06558
   -0.11474
    0.13221
   -0.00357
   -0.18618
   -0.10853
    0.14889
   -0.03318
   -0.11940
   -0.21075
    0.22223
    0.01437
   -0.12396
   -0.01623
    0.08389
   -0.03048
   -0.09854
   -0.09934
    0.12566
   -0.08296
   -0.01918
   -0.16795
    0.14342
   -0.03314
   -0.05921
   -0.16643
    0.19816
   -0.01614
   -0.09977
   -0.00417
    0.07265
    0.01564
   -0.18368
   -0.09761
    0.10978
   -0.06281
   -0.15281
   -0.16757
    0.19978
    0.00442
   -0.22846
   -0.08176
    0.14168
   -0.00302
   -0.17899
   -0.02619
    0.11742
    0.00429
   -0.07398
   -0.08835
    0.08630
   -0.04864
   -0.20851
   -0.11691
    0.13403
   -0.02758
   -0.09128
   -0.12982
    0.15268
    0.04224
   -0.10548
   -0.01796
    0.05790
    0.01409
   -0.07438
   -0.16257
    0.12912
   -0.00826
   -0.12939
   -0.14771
    0.13261
   -0.01083
   -0.06964
   -0.16101
    0.14692
   -0.01423
   -0.09707
   -0.11079
    0.12932
   -0.00705
   -0.08695
   -0.13211
    0.10044
   -0.04413
   -0.05705
   -0.19274
    0.11683
   -0.08981
   -0.03268
   -0.19656
    0.21209
    0.02914
   -0.10405
   -0.08376
    0.07516
    0.02758
   -0.09362
   -0.19771
    0.13518
   -0.04398
   -0.17016
   -0.14039
    0.15077
   -0.06673
   -0.17708
   -0.02974
    0.15486
   -0.03353
   -0.11478
   -0.15483
    0.14540
   -0.03175
   -0.08181
   -0.04393
    0.08448
   -0.01357
   -0.12985
   -0.15253
    0.10547
   -0.03326
   -0.10010
   -0.13417
    0.13790
   -0.00728
   -0.07245
   -0.06961
    0.06382
   -0.05848
    0.02953
   -0.04747
    0.07511
   -0.03077
   -0.13460
   -0.09693
    0.13299
   -0.04025
   -0.01116
   -0.10450
    0.10838
   -0.02330
   -0.03872
    0.02396
    0.02336
   -0.04499
   -0.02291
   -0.07163
    0.08752
   -0.06908
   -0.04703
   -0.07327
    0.10088
   -0.01460
   -0.08023
   -0.12380
    0.11319
   -0.04580
   -0.06606
    0.02232
    0.04382
   -0.03171
   -0.06178
   -0.10096
    0.10087
   -0.06681
   -0.13845
   -0.05843
    0.11709
   -0.06230
   -0.07004
   -0.07058
    0.11585
   -0.06136
   -0.11436
    0.00507
    0.06869
   -0.05386
   -0.00359
   -0.00819
    0.05289
   -0.07359
   -0.07327
   -0.01536
    0.08224
   -0.02969
   -0.03971
   -0.05805
    0.08057
   -0.09628
   -0.03860
    0.00731
    0.05505
