IntronPotTab 1 1024 -19.57746 2.38612 37.14234 18284 6 16  353.70
   -0.02117
   -0.02930
   -0.00092
    0.03685
   -0.04065
   -0.08482
   -0.11779
    0.10793
   -0.04722
   -0.02635
   -0.02956
    0.09209
   -0.07465
   -0.06607
    0.07117
    0.04293
   -0.07995
   -0.05025
    0.03342
    0.10159
   -0.03713
   -0.06023
   -0.11381
    0.11259
   -0.05270
   -0.02758
   -0.05235
    0.11352
   -0.05642
   -0.14215
    0.10216
    0.04488
   -0.01550
   -0.05923
   -0.02115
    0.06071
   -0.01218
   -0.09241
   -0.14820
    0.08277
   -0.00534
   -0.05770
    0.00826
    0.03754
   -0.05352
   -0.10634
   -0.00438
    0.07417
   -0.08052
   -0.01956
    0.05139
    0.07351
   -0.02811
   -0.09607
   -0.10399
    0.09657
   -0.05116
   -0.00174
   -0.05346
    0.09555
   -0.08159
   -0.04967
    0.04382
    0.05065
   -0.01970
   -0.09634
   -0.01055
    0.08093
   -0.00507
   -0.09646
   -0.07052
    0.07978
   -0.02816
   -0.06250
   -0.05996
    0.09767
   -0.05386
   -0.09960
    0.02505
    0.07043
   -0.04547
   -0.09593
   -0.01607
    0.10490
   -0.05315
    0.00828
   -0.18079
    0.10458
   -0.01418
   -0.07084
   -0.07522
    0.09037
   -0.03140
   -0.13010
    0.06260
    0.05537
    0.00970
   -0.08500
   -0.03125
    0.06102
    0.03848
   -0.14506
   -0.16384
    0.10613
    0.02106
   -0.10674
   -0.01172
    0.05534
   -0.00563
   -0.08175
   -0.04534
    0.08372
   -0.03521
   -0.08090
    0.03602
    0.05709
   -0.02980
   -0.11090
   -0.09612
    0.10267
   -0.01051
   -0.05961
   -0.04858
    0.07688
   -0.04990
   -0.06065
    0.01406
    0.04950
   -0.01321
   -0.01947
   -0.06541
    0.07375
   -0.02765
   -0.04485
   -0.13719
    0.09056
   -0.03332
   -0.03115
   -0.02106
    0.08285
   -0.01724
   -0.08791
    0.00695
    0.04308
   -0.06935
   -0.04947
   -0.03807
    0.11693
   -0.01177
   -0.07817
   -0.17548
    0.10501
   -0.05773
   -0.00473
   -0.02319
    0.08473
   -0.00944
   -0.16444
    0.04147
    0.05274
   -0.00325
   -0.01935
   -0.07191
    0.06262
    0.00306
   -0.06677
   -0.23297
    0.07899
   -0.00507
   -0.05122
   -0.01313
    0.04313
   -0.09639
   -0.05512
   -0.02668
    0.09553
   -0.05339
   -0.05533
    0.03306
    0.06563
   -0.01367
   -0.06947
   -0.12640
    0.08440
   -0.03067
   -0.00296
   -0.04949
    0.07359
   -0.03854
   -0.05327
   -0.00943
    0.04983
   -0.06595
    0.01242
    0.00927
    0.05948
   -0.04180
   -0.06242
   -0.06844
    0.09534
   -0.05088
   -0.01821
   -0.01360
    0.07192
   -0.05855
   -0.04080
    0.06326
    0.02867
   -0.07326
   -0.04982
    0.03510
    0.07784
   -0.06120
   -0.02350
   -0.14244
    0.11184
   -0.04575
   -0.03583
   -0.04889
    0.09497
   -0.05079
   -0.11516
    0.11050
    0.03023
   -0.02204
   -0.04347
   -0.04708
    0.06449
   -0.03203
   -0.09181
   -0.10194
    0.09589
   -0.01364
   -0.08399
   -0.03455
    0.08218
   -0.04618
   -0.08927
    0.00486
    0.06317
   -0.07692
   -0.01265
    0.05160
    0.05185
   -0.03553
   -0.06302
   -0.13600
    0.08771
   -0.04577
   -0.00249
   -0.03367
    0.06669
   -0.06389
   -0.01671
    0.03959
    0.02318
   -0.03254
   -0.03825
   -0.04273
    0.07444
   -0.08162
   -0.04828
   -0.13298
    0.13438
   -0.05522
   -0.06814
   -0.03192
    0.10799
   -0.05596
   -0.08480
    0.02379
    0.06008
   -0.09100
    0.01285
    0.01255
    0.07952
   -0.06178
    0.01565
   -0.11555
    0.10509
   -0.07459
    0.01350
   -0.01065
    0.06033
   -0.06248
   -0.11297
    0.08712
    0.04377
   -0.01223
   -0.05476
   -0.06863
    0.08236
   -0.04909
   -0.09283
   -0.16375
    0.12278
   -0.00308
   -0.01026
    0.00007
    0.01022
   -0.05356
   -0.09860
   -0.03071
    0.08811
   -0.07917
   -0.04430
    0.02998
    0.07419
   -0.07242
   -0.06507
   -0.16449
    0.14213
   -0.05778
    0.00211
   -0.04423
    0.07601
   -0.07685
   -0.05635
    0.00056
    0.06299
   -0.01719
   -0.06894
   -0.02965
    0.08143
   -0.03112
   -0.06907
   -0.14514
    0.11654
   -0.05315
   -0.08023
   -0.07248
    0.14306
   -0.05311
   -0.09704
    0.02997
    0.06332
   -0.05063
   -0.02967
    0.00878
    0.07186
   -0.16990
    0.19573
   -0.26609
    0.02839
   -0.08158
   -0.02635
   -0.01330
    0.10990
   -0.08883
   -0.08931
    0.05810
    0.07141
    0.01383
   -0.09747
   -0.03107
    0.05832
    0.01084
   -0.11908
   -0.15776
    0.12366
    0.01347
   -0.11198
    0.00059
    0.06317
    0.00270
   -0.11023
    0.02188
    0.03925
   -0.05748
   -0.04717
    0.01110
    0.08289
   -0.03747
   -0.09699
   -0.14463
    0.12050
   -0.05587
   -0.04981
   -0.05723
    0.12336
   -0.07828
   -0.10001
   -0.00288
    0.08949
   -0.00816
   -0.05503
   -0.05587
    0.07534
   -0.03501
   -0.10234
   -0.19491
    0.17027
   -0.02532
   -0.16664
   -0.04757
    0.14800
   -0.01467
   -0.11986
   -0.00530
    0.07637
   -0.06251
   -0.01313
   -0.11122
    0.11809
   -0.03465
    0.02922
   -0.23035
    0.12882
   -0.07671
   -0.00403
   -0.05967
    0.10026
    0.00417
   -0.13561
    0.02302
    0.04947
    0.05217
   -0.02509
   -0.07643
    0.00855
    0.01493
   -0.04114
   -0.24826
    0.09553
    0.02506
   -0.06679
    0.04027
   -0.01251
   -0.00993
   -0.04943
   -0.05252
    0.06141
   -0.04993
   -0.06063
    0.00657
    0.07816
    0.00108
   -0.05042
   -0.23459
    0.11741
   -0.02129
   -0.03463
   -0.10685
    0.11524
   -0.02269
   -0.05447
   -0.03982
    0.05726
   -0.05987
   -0.01375
   -0.03978
    0.08348
   -0.06182
   -0.05080
   -0.10457
    0.10296
   -0.05660
   -0.05603
   -0.01179
    0.09302
   -0.06285
   -0.05841
    0.04172
    0.04452
   -0.06840
   -0.05255
    0.01516
    0.08743
   -0.09579
    0.01846
   -0.13534
    0.11192
   -0.10386
   -0.02331
   -0.04443
    0.12612
   -0.09821
   -0.02595
    0.06184
    0.03908
   -0.02241
   -0.02612
   -0.07818
    0.07426
   -0.03484
   -0.06225
   -0.15925
    0.08522
   -0.04985
   -0.02253
    0.01086
    0.05651
   -0.05504
   -0.08973
    0.00509
    0.06720
   -0.04535
   -0.04498
   -0.00766
    0.06479
   -0.06923
   -0.04405
   -0.13510
    0.10153
   -0.04933
   -0.02542
   -0.06237
    0.09551
   -0.08162
   -0.03308
   -0.02044
    0.06405
   -0.04373
   -0.01133
   -0.03345
    0.07779
   -0.05876
   -0.07685
   -0.14067
    0.12245
   -0.08968
   -0.01460
   -0.04735
    0.14767
   -0.05260
   -0.08774
    0.02211
    0.05747
   -0.06572
   -0.06288
    0.00213
    0.09563
   -0.03479
   -0.09239
   -0.15719
    0.13535
   -0.07606
   -0.03386
   -0.01223
    0.11515
   -0.02957
   -0.12161
    0.07083
    0.03101
    0.00286
   -0.03800
   -0.06847
    0.06651
   -0.03277
   -0.06986
   -0.17704
    0.09213
   -0.03366
   -0.02327
    0.01731
    0.04651
   -0.04015
   -0.06425
   -0.04014
    0.06814
   -0.07394
   -0.03432
    0.01259
    0.07794
   -0.01776
   -0.09700
   -0.19594
    0.11695
   -0.07480
    0.03059
   -0.03474
    0.09732
   -0.03390
   -0.06795
    0.01124
    0.04008
   -0.02285
   -0.08087
   -0.04919
    0.10122
   -0.01667
   -0.07098
   -0.13644
    0.10202
   -0.02622
   -0.11936
   -0.07892
    0.15977
   -0.03156
   -0.11581
    0.02251
    0.06224
   -0.03496
   -0.09056
    0.02370
    0.07452
   -0.08540
   -0.00142
   -0.12057
    0.12626
   -0.05232
   -0.02883
   -0.04492
    0.09626
   -0.05432
   -0.14440
    0.08059
    0.06286
   -0.01602
   -0.07153
   -0.05170
    0.09741
    0.06910
   -0.13547
   -0.15070
    0.07878
   -0.01549
   -0.07701
   -0.02336
    0.09543
   -0.00625
   -0.12457
    0.02262
    0.04875
   -0.01663
   -0.09962
   -0.00546
    0.07553
   -0.00998
   -0.10916
   -0.17655
    0.10982
   -0.01097
   -0.09154
   -0.07086
    0.13354
    0.00420
   -0.10444
   -0.02315
    0.06769
    0.00939
   -0.04317
   -0.07684
    0.06302
   -0.02726
   -0.07142
   -0.18087
    0.11799
   -0.03644
   -0.03724
   -0.06484
    0.12237
    0.00456
   -0.08826
   -0.01894
    0.04708
   -0.07801
   -0.06812
   -0.01336
    0.11187
   -0.02757
   -0.09711
   -0.16865
    0.12992
   -0.04264
   -0.04005
   -0.03564
    0.09761
   -0.03665
   -0.10612
    0.02076
    0.05215
    0.00550
   -0.04457
   -0.08037
    0.06702
    0.00107
   -0.07474
   -0.13843
    0.06900
   -0.07557
   -0.09684
    0.12036
    0.00660
   -0.07888
   -0.10963
    0.00432
    0.08064
   -0.05616
   -0.08443
    0.05159
    0.06778
   -0.01244
   -0.06883
   -0.21864
    0.11654
   -0.04740
    0.01968
   -0.06216
    0.09823
   -0.01209
   -0.06576
   -0.03474
    0.05463
   -0.03971
    0.00077
   -0.09444
    0.08253
   -0.02142
   -0.13612
   -0.13264
    0.12131
   -0.03549
   -0.05931
   -0.04835
    0.09612
   -0.03577
   -0.05860
    0.02876
    0.03209
   -0.05362
   -0.07844
    0.02732
    0.07647
   -0.04765
   -0.07269
   -0.14478
    0.12173
   -0.07105
   -0.02824
   -0.04090
    0.09740
   -0.03849
   -0.09188
    0.06614
    0.03363
   -0.00529
   -0.05356
   -0.10122
    0.08119
   -0.02149
   -0.09922
   -0.14321
    0.09392
   -0.01901
   -0.07364
   -0.01288
    0.07245
   -0.02964
   -0.08757
   -0.00139
    0.05446
   -0.03980
   -0.03960
   -0.01658
    0.06165
   -0.04133
   -0.06623
   -0.18329
    0.10812
   -0.02385
   -0.00832
   -0.04186
    0.05388
   -0.02843
   -0.01346
   -0.00756
    0.02714
   -0.05258
    0.01973
   -0.00711
    0.05479
   -0.05995
   -0.04856
   -0.10470
    0.10294
   -0.03290
    0.01133
   -0.05797
    0.06124
   -0.08913
   -0.02048
    0.05465
    0.03899
   -0.09452
   -0.05183
    0.01727
    0.10928
   -0.03532
   -0.07308
   -0.05537
    0.09360
   -0.05883
   -0.05555
   -0.01798
    0.08844
   -0.08121
   -0.10747
    0.09963
    0.04239
   -0.00981
   -0.03983
   -0.06811
    0.06870
   -0.03549
   -0.11882
   -0.09081
    0.10220
    0.00442
   -0.04783
   -0.04754
    0.05623
   -0.07098
   -0.06340
   -0.03124
    0.07988
   -0.08833
   -0.01000
    0.02421
    0.06114
   -0.05052
   -0.06728
   -0.12300
    0.10388
   -0.04862
    0.01487
   -0.04555
    0.06105
   -0.08599
   -0.00592
    0.04614
    0.03209
   -0.02841
   -0.07414
   -0.02914
    0.08472
   -0.03416
   -0.10619
   -0.12475
    0.11620
   -0.04527
   -0.08963
   -0.09798
    0.14208
   -0.03682
   -0.13105
    0.04902
    0.06150
   -0.06704
   -0.08408
   -0.00782
    0.11093
   -0.08942
    0.00859
   -0.14825
    0.11069
   -0.05338
   -0.06386
   -0.08596
    0.13873
   -0.04852
   -0.15321
    0.07895
    0.07015
   -0.00598
   -0.09016
   -0.04566
    0.07896
    0.02163
   -0.15220
   -0.16401
    0.11315
   -0.00883
   -0.10653
   -0.05636
    0.09972
   -0.00149
   -0.12932
   -0.01511
    0.07448
   -0.04354
   -0.06077
   -0.01125
    0.07613
   -0.04662
   -0.11863
   -0.15003
    0.10706
   -0.04695
   -0.07225
   -0.06229
    0.11940
   -0.01604
   -0.11073
   -0.00492
    0.06455
   -0.02483
   -0.01637
   -0.06776
    0.08152
   -0.03176
   -0.05454
   -0.14984
    0.10052
   -0.02349
   -0.02394
   -0.05462
    0.07579
   -0.03308
   -0.07599
   -0.03235
    0.07289
   -0.05889
   -0.05048
   -0.10135
    0.11763
   -0.05922
   -0.03855
   -0.16298
    0.12537
   -0.06684
   -0.01335
   -0.07597
    0.11652
   -0.03225
   -0.15011
    0.00228
    0.07497
    0.00794
   -0.05261
   -0.10393
    0.07892
   -0.00855
   -0.08682
   -0.24637
    0.10185
   -0.01296
   -0.10384
   -0.00875
    0.07108
   -0.05059
   -0.06972
   -0.05931
    0.09314
   -0.06712
   -0.03215
   -0.00088
    0.07752
   -0.03548
   -0.05705
   -0.19294
    0.11193
   -0.03890
    0.00956
   -0.05294
    0.05965
   -0.04064
   -0.04722
   -0.05409
    0.07229
   -0.08080
    0.02732
    0.01225
    0.06035
   -0.06131
   -0.06372
   -0.08734
    0.10417
   -0.06726
   -0.00843
   -0.03715
    0.08663
   -0.08084
   -0.02819
    0.07205
    0.02185
   -0.08401
   -0.05254
    0.02140
    0.09225
   -0.08055
   -0.00949
   -0.13848
    0.09778
   -0.05677
   -0.06353
   -0.08532
    0.12790
   -0.05587
   -0.10489
    0.10174
    0.02687
   -0.02945
   -0.04278
   -0.05333
    0.07466
   -0.02923
   -0.09883
   -0.14144
    0.09045
   -0.03650
   -0.04261
   -0.04240
    0.08268
   -0.06836
   -0.05878
    0.00407
    0.05735
   -0.07262
   -0.01438
    0.03655
    0.05089
   -0.06944
   -0.00943
   -0.12885
    0.07740
   -0.05430
   -0.00557
   -0.03523
    0.07260
   -0.07700
    0.00594
    0.03547
    0.02338
