IntronPotTab 1 1024 -13.82574 2.50354 14.04617 40727 6 16  329.62
   -0.00526
   -0.02533
    0.04709
   -0.00572
   -0.04963
   -0.03407
   -0.16265
    0.10566
   -0.02809
    0.01273
   -0.04310
    0.05441
   -0.06629
   -0.03397
    0.07913
    0.02368
   -0.05211
   -0.08669
    0.06366
    0.06723
   -0.02405
   -0.08655
   -0.02851
    0.09277
   -0.04357
   -0.08370
    0.00162
    0.09414
   -0.06338
   -0.14629
    0.15382
    0.04148
   -0.01231
   -0.07437
   -0.00210
    0.04944
    0.00900
   -0.10645
   -0.14845
    0.06168
    0.01258
   -0.02862
   -0.00415
    0.00351
   -0.02901
   -0.09576
   -0.03118
    0.06526
   -0.07265
    0.00241
    0.04011
    0.05522
   -0.05867
   -0.03260
   -0.16011
    0.12349
   -0.04700
    0.05371
   -0.03657
    0.04619
   -0.08672
   -0.01916
    0.06003
    0.03430
   -0.02619
   -0.07488
    0.01770
    0.06167
   -0.01770
   -0.05523
   -0.15893
    0.11309
   -0.03632
   -0.03530
   -0.05023
    0.07940
   -0.05107
   -0.06921
    0.04279
    0.04219
   -0.05261
   -0.13138
    0.07576
    0.08402
   -0.05297
   -0.01812
   -0.12193
    0.09189
   -0.07237
   -0.03521
    0.06320
    0.06814
   -0.09111
   -0.11681
    0.10791
    0.06488
    0.01337
   -0.13261
   -0.01930
    0.06909
    0.05027
   -0.19916
   -0.17060
    0.15775
    0.04474
   -0.19551
   -0.05116
    0.09257
   -0.01810
   -0.13483
    0.03319
    0.05354
   -0.04903
   -0.04847
    0.06861
    0.03971
   -0.06828
   -0.05664
   -0.09701
    0.13877
   -0.03491
   -0.00652
   -0.01953
    0.05250
   -0.11241
   -0.01841
    0.05585
    0.04591
   -0.01976
    0.01112
   -0.03827
    0.05112
   -0.01611
   -0.05040
   -0.15805
    0.08506
   -0.03461
    0.01973
   -0.05313
    0.07393
   -0.03111
   -0.07453
    0.01102
    0.04635
   -0.04300
   -0.06213
   -0.03753
    0.08521
   -0.01709
   -0.10526
   -0.11672
    0.10017
   -0.03019
   -0.08206
   -0.07545
    0.13560
   -0.04606
   -0.13532
    0.10133
    0.04183
    0.00151
   -0.04975
   -0.06029
    0.05760
    0.02497
   -0.10194
   -0.17470
    0.06986
   -0.01329
   -0.02524
   -0.01712
    0.03478
   -0.09715
   -0.04269
   -0.02196
    0.08681
   -0.04496
   -0.01260
    0.02857
    0.03799
   -0.03379
   -0.03519
   -0.17564
    0.11229
   -0.02413
    0.05947
   -0.07673
    0.05021
   -0.06819
    0.00121
   -0.01409
    0.04740
   -0.05146
    0.02819
    0.02737
    0.03688
   -0.03671
   -0.04830
   -0.10559
    0.09689
   -0.02082
    0.00906
   -0.03729
    0.03913
   -0.04450
   -0.00263
    0.05575
    0.01168
   -0.07606
   -0.06380
    0.05787
    0.08136
   -0.04482
   -0.05812
   -0.05552
    0.09396
   -0.05792
   -0.04731
    0.01907
    0.08905
   -0.06867
   -0.10174
    0.11663
    0.03783
   -0.02882
   -0.04280
   -0.04392
    0.07026
   -0.03566
   -0.10862
   -0.16289
    0.12071
    0.00391
   -0.07890
   -0.05120
    0.06141
   -0.05003
   -0.06398
   -0.03896
    0.07475
   -0.07793
    0.00524
    0.07419
    0.04164
   -0.07927
   -0.00373
   -0.17204
    0.13060
   -0.06066
    0.06541
   -0.04545
    0.06017
   -0.06950
    0.01345
    0.08246
   -0.00072
   -0.05075
   -0.01174
    0.00924
    0.05774
   -0.04755
   -0.06287
   -0.16483
    0.11459
   -0.07069
   -0.03274
   -0.03971
    0.09817
   -0.04577
   -0.05621
    0.05466
    0.02415
   -0.05921
   -0.06565
    0.05949
    0.06970
   -0.05609
   -0.01792
   -0.11994
    0.11005
   -0.10197
   -0.00783
   -0.06406
    0.14369
   -0.10008
   -0.04705
    0.08793
    0.04396
   -0.00851
   -0.03247
   -0.05245
    0.05282
   -0.00877
   -0.11567
   -0.23427
    0.11078
    0.02639
   -0.03125
   -0.01550
    0.00333
   -0.06345
   -0.09892
   -0.06496
    0.11186
   -0.06729
   -0.05084
    0.04450
    0.05749
   -0.06770
   -0.03562
   -0.20866
    0.14342
   -0.04845
    0.02002
   -0.03072
    0.04434
   -0.07260
   -0.06465
    0.04120
    0.04388
   -0.03431
   -0.02227
    0.01687
    0.05197
   -0.04889
   -0.04866
   -0.08492
    0.09648
   -0.04478
   -0.05867
   -0.08383
    0.12033
   -0.04573
   -0.06666
    0.04326
    0.03471
   -0.06734
   -0.05824
    0.01424
    0.10245
   -0.15205
    0.22129
   -0.26268
    0.01340
   -0.06167
    0.03914
    0.01305
    0.05773
   -0.17282
   -0.02386
    0.07075
    0.09570
   -0.04001
   -0.01557
    0.02612
    0.03844
    0.00976
   -0.06490
   -0.17024
    0.07527
   -0.01205
   -0.10735
   -0.09420
    0.12219
   -0.00568
   -0.05202
   -0.07635
    0.07784
   -0.06526
   -0.00967
    0.01448
    0.07290
   -0.05586
   -0.02002
   -0.22838
    0.12345
   -0.07215
    0.00356
   -0.05873
    0.10392
   -0.12036
   -0.07254
    0.01480
    0.08763
   -0.03581
    0.00362
   -0.02364
    0.05084
    0.00213
   -0.07207
   -0.23862
    0.12851
   -0.05649
   -0.05155
   -0.11084
    0.13308
   -0.00950
   -0.10919
   -0.01794
    0.06591
   -0.06754
   -0.06607
   -0.06690
    0.11536
   -0.03270
    0.02219
   -0.29074
    0.16659
   -0.06941
   -0.08710
    0.01864
    0.10719
   -0.08260
   -0.08906
    0.01439
    0.08633
    0.02997
    0.01215
   -0.14028
    0.05064
    0.08893
   -0.16385
   -0.35285
    0.17752
   -0.02325
   -0.16826
    0.02401
    0.09451
   -0.04714
   -0.08525
   -0.10411
    0.11909
   -0.05753
   -0.05226
    0.02194
    0.06579
   -0.01382
   -0.06248
   -0.30912
    0.17849
   -0.01857
    0.05550
   -0.03255
    0.00482
   -0.03056
   -0.06774
   -0.04581
    0.06275
   -0.06377
   -0.01912
   -0.02875
    0.09804
   -0.05409
   -0.04901
   -0.15130
    0.10309
   -0.04458
   -0.04142
   -0.06931
    0.10640
   -0.02518
   -0.06680
    0.05640
    0.01593
   -0.05915
   -0.06428
    0.00310
    0.09210
   -0.05195
   -0.01090
   -0.19145
    0.10347
   -0.06018
   -0.02411
    0.04933
    0.05455
   -0.09827
   -0.01682
    0.05793
    0.04428
   -0.01848
   -0.06148
   -0.08581
    0.09013
   -0.02178
   -0.06632
   -0.24269
    0.08633
   -0.01897
   -0.04840
   -0.06987
    0.07695
   -0.07004
   -0.08133
   -0.03773
    0.08696
   -0.03347
   -0.06566
   -0.02484
    0.07680
   -0.03775
   -0.04240
   -0.21971
    0.10214
   -0.05202
    0.01976
   -0.05801
    0.07693
   -0.08176
   -0.03671
   -0.00430
    0.05843
   -0.02967
   -0.00335
   -0.00248
    0.03993
   -0.05513
   -0.07261
   -0.24831
    0.13358
   -0.07936
   -0.02614
   -0.04589
    0.13842
   -0.03944
   -0.03318
    0.01251
    0.03293
   -0.04415
   -0.07740
    0.01619
    0.06950
   -0.03135
   -0.08993
   -0.09968
    0.11948
   -0.06873
   -0.02338
    0.00672
    0.08565
   -0.06295
   -0.11974
    0.11273
    0.04346
   -0.00228
   -0.05821
   -0.03595
    0.05085
    0.00591
   -0.09300
   -0.18976
    0.06567
   -0.02475
   -0.03657
    0.03072
    0.02839
   -0.00466
   -0.07776
    0.01366
    0.02457
   -0.04898
   -0.03641
   -0.02734
    0.07178
   -0.01455
   -0.04944
   -0.25414
    0.11645
   -0.07141
    0.05836
   -0.03294
    0.07003
   -0.04883
   -0.02845
    0.02326
    0.02743
   -0.03244
   -0.07326
   -0.03637
    0.10003
   -0.04551
   -0.07710
   -0.14028
    0.13472
   -0.04908
   -0.06494
   -0.07741
    0.12944
   -0.04702
   -0.07437
    0.01698
    0.05732
   -0.02892
   -0.12674
    0.04141
    0.07751
   -0.12874
    0.07513
   -0.21895
    0.16666
   -0.02193
   -0.11829
    0.05422
    0.06022
   -0.09649
   -0.12086
    0.08518
    0.08386
    0.00992
   -0.13374
   -0.00731
    0.06966
    0.05933
   -0.14182
   -0.20018
    0.12138
   -0.00563
   -0.18374
   -0.00736
    0.13993
    0.00156
   -0.11084
    0.03056
    0.02992
   -0.03062
   -0.05264
   -0.01814
    0.07352
   -0.04316
   -0.06324
   -0.20899
    0.16477
   -0.04502
   -0.02733
   -0.06484
    0.11462
   -0.06445
   -0.08841
   -0.00594
    0.08865
   -0.00589
   -0.00099
   -0.06333
    0.05538
   -0.01443
   -0.03491
   -0.24068
    0.08916
   -0.03614
   -0.01480
   -0.03963
    0.08372
   -0.00240
   -0.08811
   -0.01504
    0.04751
   -0.03808
   -0.09032
    0.00481
    0.07018
   -0.00507
   -0.07572
   -0.23262
    0.12076
   -0.04983
   -0.01141
    0.04661
    0.01902
   -0.06660
   -0.12736
    0.04957
    0.07007
    0.02362
   -0.10475
   -0.05916
    0.06078
    0.03374
   -0.10104
   -0.18855
    0.07354
   -0.07480
   -0.09017
    0.16502
   -0.01773
   -0.04886
   -0.10009
   -0.02900
    0.07097
   -0.06886
   -0.04185
    0.04935
    0.06409
   -0.00577
   -0.02810
   -0.25733
    0.11279
   -0.03973
    0.03576
   -0.04462
    0.05205
   -0.05862
   -0.03124
   -0.04457
    0.06840
   -0.02064
    0.00338
   -0.10293
    0.07242
   -0.04264
   -0.07780
   -0.21304
    0.13593
   -0.03312
   -0.02335
   -0.05884
    0.08404
   -0.04787
   -0.02007
    0.00782
    0.03868
   -0.02479
   -0.11891
    0.00481
    0.07670
   -0.04845
   -0.10090
   -0.02369
    0.11345
   -0.04943
   -0.10068
    0.09596
    0.03390
   -0.07488
   -0.09316
    0.10275
    0.04472
    0.00665
   -0.08920
   -0.08435
    0.07689
   -0.02279
   -0.11816
   -0.25236
    0.13502
   -0.02003
   -0.06928
   -0.01550
    0.06772
   -0.03207
   -0.05572
   -0.06107
    0.07597
   -0.02700
   -0.03750
   -0.04045
    0.06659
   -0.05726
   -0.02786
   -0.24869
    0.13662
   -0.03438
    0.03840
   -0.03960
    0.04134
   -0.06172
    0.01010
    0.00794
    0.02696
   -0.03831
    0.02343
    0.04529
    0.01820
   -0.03594
   -0.05481
   -0.11635
    0.08872
    0.00911
    0.02140
   -0.05862
    0.01417
   -0.06666
    0.00489
    0.08358
    0.00639
   -0.07479
   -0.06558
    0.04391
    0.07900
   -0.03701
   -0.04153
   -0.08773
    0.08364
   -0.08670
   -0.02359
    0.02890
    0.09269
   -0.08068
   -0.09750
    0.10942
    0.04344
   -0.01725
   -0.07075
   -0.03725
    0.06915
   -0.00435
   -0.11878
   -0.18919
    0.09112
    0.04162
   -0.02006
   -0.08258
    0.03117
   -0.04220
   -0.07957
   -0.05618
    0.08173
   -0.08052
   -0.01169
    0.05642
    0.04264
   -0.06616
   -0.01876
   -0.18423
    0.12099
   -0.05774
    0.05803
   -0.02154
    0.03207
   -0.07338
    0.00922
    0.08498
    0.00637
   -0.03565
   -0.04258
    0.01450
    0.05563
   -0.08403
   -0.02974
   -0.09182
    0.11684
   -0.04663
   -0.05402
   -0.08404
    0.11636
   -0.06011
   -0.09033
    0.06148
    0.04887
   -0.05491
   -0.13944
    0.03783
    0.10119
   -0.09223
    0.03387
   -0.16631
    0.08704
   -0.02096
   -0.11429
   -0.02961
    0.09224
   -0.07965
   -0.13414
    0.10191
    0.07193
    0.00704
   -0.09447
   -0.01909
    0.04751
   -0.00158
   -0.10614
   -0.24848
    0.13656
    0.06035
   -0.12410
   -0.10141
    0.07007
   -0.05869
   -0.10127
   -0.03145
    0.10295
   -0.04464
   -0.05023
    0.01115
    0.06189
   -0.06767
   -0.07361
   -0.22118
    0.13496
   -0.06457
   -0.01745
   -0.02356
    0.08783
   -0.03820
   -0.09336
    0.00397
    0.05953
   -0.04094
    0.02919
   -0.00083
    0.03575
   -0.02005
   -0.04252
   -0.18461
    0.08896
   -0.00964
   -0.01568
   -0.03933
    0.04111
   -0.04118
   -0.02025
   -0.01164
    0.04253
   -0.07413
   -0.06364
   -0.03804
    0.09784
   -0.05976
   -0.09585
   -0.14803
    0.14260
   -0.08212
   -0.06608
   -0.03326
    0.12887
   -0.06179
   -0.15035
    0.04538
    0.07433
   -0.00667
   -0.06274
   -0.06627
    0.07140
   -0.00751
   -0.10606
   -0.27674
    0.11830
   -0.01060
   -0.18059
    0.02917
    0.07285
   -0.07039
   -0.06922
   -0.05608
    0.09530
   -0.07187
   -0.02022
    0.03229
    0.06014
   -0.03413
   -0.03838
   -0.23814
    0.12390
   -0.06854
    0.07268
   -0.05226
    0.05491
   -0.05585
   -0.00331
   -0.02166
    0.04328
   -0.06518
    0.05526
    0.04231
    0.03121
   -0.07487
   -0.05246
   -0.14274
    0.12850
   -0.02008
    0.00907
   -0.06529
    0.05289
   -0.07121
    0.01260
    0.07744
    0.00512
   -0.08476
   -0.04605
    0.03601
    0.08873
   -0.09393
   -0.01896
   -0.05387
    0.10362
   -0.05642
   -0.03484
   -0.02500
    0.10036
   -0.08851
   -0.08352
    0.10884
    0.03988
   -0.03534
   -0.00572
   -0.03726
    0.06072
   -0.04936
   -0.06479
   -0.21070
    0.10705
   -0.00590
   -0.02437
   -0.07431
    0.06021
   -0.08461
   -0.02780
   -0.03531
    0.07282
   -0.07267
    0.02183
    0.02364
    0.04959
   -0.09179
    0.01223
   -0.20453
    0.10867
   -0.05738
    0.04869
   -0.05418
    0.07108
   -0.08800
    0.02995
    0.03234
    0.02742
