IntronPotTab 1 1024 -50.18375 4.44894 17.11500 50968 6 16  398.37
   -0.02552
   -0.02808
   -0.03595
    0.07169
   -0.01292
   -0.05833
   -0.18248
    0.11439
   -0.03546
   -0.02692
   -0.06606
    0.11622
    0.00041
   -0.07745
    0.00080
    0.04170
   -0.05324
   -0.05208
   -0.03332
    0.11039
    0.04029
   -0.09509
   -0.18802
    0.10173
    0.01170
   -0.07987
   -0.04755
    0.10180
    0.01503
   -0.13378
    0.04117
    0.03512
   -0.00638
   -0.06340
   -0.05700
    0.08362
    0.03509
   -0.08867
   -0.19405
    0.07867
    0.00581
   -0.04372
   -0.02913
    0.05300
    0.00917
   -0.09412
   -0.03686
    0.06033
   -0.04732
   -0.03618
   -0.00890
    0.06310
    0.00456
   -0.05889
   -0.15634
    0.09008
   -0.02173
   -0.01284
   -0.06967
    0.08191
   -0.02528
   -0.04625
    0.00905
    0.03334
    0.00829
   -0.06295
   -0.07860
    0.10881
    0.02294
   -0.07268
   -0.22699
    0.15058
   -0.01686
   -0.06875
   -0.13454
    0.16582
    0.01499
   -0.09810
   -0.01994
    0.08133
   -0.00706
   -0.09778
   -0.05545
    0.11212
    0.05709
   -0.04657
   -0.28547
    0.12274
    0.03136
   -0.07815
   -0.10014
    0.12621
    0.06521
   -0.17102
   -0.00100
    0.08255
    0.06243
   -0.13425
   -0.07298
    0.12227
    0.08133
   -0.10713
   -0.19023
    0.16719
    0.10813
   -0.16954
   -0.07205
    0.10708
    0.01859
   -0.13248
   -0.03022
    0.13190
    0.01790
   -0.10273
   -0.02449
    0.08394
    0.05230
   -0.05364
   -0.22982
    0.11682
    0.01643
   -0.07053
   -0.10009
    0.11689
    0.06600
   -0.07177
   -0.03305
    0.04138
    0.01486
   -0.01755
   -0.12629
    0.12100
    0.05674
   -0.06534
   -0.25032
    0.13112
   -0.01099
   -0.04867
   -0.07702
    0.14045
    0.05250
   -0.11273
   -0.04135
    0.07440
   -0.00393
   -0.06199
   -0.09634
    0.12931
    0.07636
   -0.10058
   -0.25473
    0.14324
    0.05365
   -0.08462
   -0.10046
    0.13461
    0.05595
   -0.14921
   -0.00881
    0.07049
    0.04826
   -0.06248
   -0.14059
    0.12597
    0.08559
   -0.08791
   -0.26408
    0.13440
    0.06234
   -0.09967
   -0.07440
    0.06896
   -0.02492
   -0.06984
   -0.06597
    0.11457
    0.00056
   -0.07033
   -0.03268
    0.08694
    0.07330
   -0.08906
   -0.25104
    0.12176
    0.00640
   -0.03139
   -0.10548
    0.10764
    0.05272
   -0.06513
   -0.05659
    0.05081
   -0.06052
    0.00203
   -0.02596
    0.08028
   -0.01744
   -0.05430
   -0.17019
    0.10805
   -0.03027
   -0.05075
   -0.05927
    0.10568
   -0.05188
   -0.04791
    0.00116
    0.06944
   -0.05799
   -0.05163
   -0.01671
    0.09251
    0.02404
   -0.06781
   -0.18680
    0.09238
   -0.03188
   -0.05567
   -0.02227
    0.10231
    0.02340
   -0.13354
    0.05581
    0.02983
   -0.00207
   -0.04549
   -0.08470
    0.07688
   -0.01381
   -0.06879
   -0.19060
    0.12307
    0.00067
   -0.09047
   -0.05532
    0.10553
   -0.01445
   -0.09608
   -0.02882
    0.08264
   -0.07204
   -0.02268
   -0.00914
    0.08153
   -0.00719
   -0.05333
   -0.14444
    0.08877
   -0.02157
   -0.02697
   -0.06249
    0.08047
    0.02373
   -0.03982
   -0.01487
    0.01866
   -0.01990
   -0.02070
   -0.07464
    0.08108
    0.00379
   -0.04358
   -0.26931
    0.13069
   -0.02112
   -0.04401
   -0.11362
    0.13540
    0.01930
   -0.07267
   -0.06049
    0.07342
   -0.02360
   -0.06591
   -0.05697
    0.09852
    0.04287
   -0.01934
   -0.23998
    0.10617
    0.01981
   -0.05385
   -0.07211
    0.09585
    0.02026
   -0.12643
   -0.00257
    0.06176
    0.00858
   -0.03770
   -0.09174
    0.07956
    0.04123
   -0.05587
   -0.24018
    0.10552
    0.02439
   -0.03322
   -0.01996
    0.01826
    0.01979
   -0.10428
   -0.07679
    0.09024
   -0.00871
   -0.06570
   -0.02782
    0.05282
    0.00730
   -0.04550
   -0.24257
    0.12786
   -0.00007
   -0.03479
   -0.11328
    0.10649
    0.01253
   -0.06290
   -0.06408
    0.06233
    0.02545
   -0.05895
   -0.10251
    0.10844
    0.09335
   -0.09148
   -0.25511
    0.15219
    0.03084
   -0.10893
   -0.13776
    0.18795
    0.08039
   -0.12588
   -0.05638
    0.10709
    0.00691
   -0.07229
   -0.08586
    0.10770
    0.01561
    0.05752
   -0.31746
    0.11924
    0.02999
   -0.04776
   -0.16009
    0.17304
    0.02026
   -0.06860
   -0.03304
    0.07902
    0.03277
   -0.14094
   -0.09260
    0.17065
    0.09425
   -0.07991
   -0.14496
    0.15624
    0.03972
   -0.08666
   -0.10658
    0.17759
    0.07823
   -0.12944
   -0.04729
    0.12350
    0.02885
   -0.08435
   -0.06568
    0.09291
    0.06406
   -0.05435
   -0.24596
    0.15169
    0.03025
   -0.09636
   -0.11829
    0.16389
    0.09474
   -0.12892
   -0.06883
    0.10836
    0.05889
   -0.05346
   -0.17065
    0.15453
    0.10349
   -0.01000
   -0.22868
    0.13819
    0.03626
   -0.05315
   -0.13078
    0.16934
    0.08340
   -0.08604
   -0.10660
    0.15421
    0.03679
   -0.08353
   -0.10519
    0.13870
    0.06484
    0.03921
   -0.17254
    0.13316
    0.04178
   -0.06156
   -0.06955
    0.13105
    0.09466
   -0.12134
   -0.03668
    0.09910
    0.03595
   -0.11430
   -0.03516
    0.10032
    0.07386
   -0.01452
   -0.15794
    0.15215
    0.02909
   -0.07167
   -0.04600
    0.10208
    0.06668
   -0.08095
   -0.10441
    0.13494
    0.06692
   -0.14056
   -0.02838
    0.11167
    0.07721
   -0.02333
   -0.23063
    0.16868
    0.02081
   -0.03961
   -0.10425
    0.12624
    0.08115
   -0.07213
   -0.09451
    0.09614
   -0.02684
   -0.02121
   -0.06405
    0.07923
    0.01524
   -0.04032
   -0.26898
    0.10146
    0.02074
   -0.09763
   -0.07649
    0.11406
   -0.01372
   -0.07769
   -0.02595
    0.07360
   -0.02670
   -0.06607
   -0.03977
    0.09209
    0.01148
    0.03185
   -0.14395
    0.04393
    0.03084
   -0.07381
   -0.10182
    0.11177
    0.03443
   -0.12088
    0.02428
    0.05838
    0.00925
   -0.06038
   -0.11125
    0.08801
    0.04865
   -0.08466
   -0.24938
    0.09470
    0.00295
   -0.07589
   -0.08055
    0.11258
    0.03329
   -0.13146
   -0.06138
    0.09071
   -0.01957
   -0.03308
   -0.05331
    0.06909
    0.04305
   -0.05209
   -0.24622
    0.08449
    0.00205
   -0.04232
   -0.09860
    0.09617
    0.05297
   -0.05967
   -0.04308
    0.03841
   -0.02463
   -0.02850
   -0.07865
    0.09778
    0.00548
   -0.08361
   -0.22945
    0.13368
   -0.06406
   -0.04504
   -0.08658
    0.19472
    0.01195
   -0.10072
   -0.02293
    0.06670
   -0.01797
   -0.05896
   -0.08292
    0.10944
    0.06229
   -0.11007
   -0.20587
    0.11857
   -0.04179
   -0.05544
   -0.01665
    0.13319
    0.04915
   -0.18396
    0.03118
    0.05863
    0.02586
   -0.05183
   -0.09451
    0.08202
    0.05698
   -0.08242
   -0.23563
    0.09134
   -0.05494
   -0.08115
    0.07620
    0.07046
    0.06256
   -0.16016
   -0.05811
    0.06588
   -0.02028
   -0.04093
   -0.02999
    0.05866
    0.01677
   -0.04370
   -0.17811
    0.11062
   -0.04807
   -0.01031
   -0.09096
    0.13557
    0.01676
   -0.07356
   -0.01844
    0.04105
    0.02036
   -0.06849
   -0.11001
    0.13317
    0.08067
   -0.10222
   -0.26144
    0.16846
    0.02409
   -0.10136
   -0.15091
    0.22166
    0.05471
   -0.12416
   -0.03952
    0.10414
    0.02818
   -0.10661
   -0.06131
    0.09918
    0.05599
   -0.04871
   -0.24205
    0.14768
    0.03755
   -0.06142
   -0.08431
    0.14972
    0.10299
   -0.17244
    0.00252
    0.08152
    0.06538
   -0.11049
   -0.10642
    0.16363
    0.12690
   -0.10217
   -0.16248
    0.15488
    0.05815
   -0.11511
   -0.04617
    0.17836
    0.10726
   -0.15510
   -0.02462
    0.12162
    0.04354
   -0.09310
   -0.07831
    0.11222
    0.08576
   -0.10531
   -0.21496
    0.15305
    0.06427
   -0.10904
   -0.11405
    0.17758
    0.12615
   -0.14372
   -0.03583
    0.08153
    0.03129
   -0.03393
   -0.13168
    0.12601
    0.06372
   -0.04216
   -0.24015
    0.14517
   -0.02406
   -0.09060
   -0.06955
    0.18693
    0.06910
   -0.11575
   -0.06296
    0.10145
    0.00039
   -0.06492
   -0.09072
    0.12284
    0.08323
   -0.04905
   -0.22573
    0.13522
    0.04249
   -0.06627
   -0.07761
    0.14749
    0.06906
   -0.14362
   -0.01455
    0.07168
    0.01917
   -0.08623
   -0.05172
    0.10024
    0.11428
   -0.07613
   -0.20700
    0.09185
    0.00692
   -0.11587
    0.01509
    0.08540
    0.05457
   -0.13483
   -0.05296
    0.09070
   -0.01231
   -0.08445
    0.00499
    0.07455
    0.07988
   -0.07671
   -0.21906
    0.12525
   -0.00969
   -0.02993
   -0.08857
    0.13727
    0.05020
   -0.09166
   -0.02908
    0.05410
   -0.01458
   -0.01171
   -0.10880
    0.08384
    0.01680
   -0.04554
   -0.30864
    0.12170
   -0.00763
   -0.06553
   -0.07589
    0.10321
   -0.01626
   -0.05852
   -0.02550
    0.06913
   -0.00279
   -0.06641
   -0.05882
    0.08391
    0.03507
   -0.05180
   -0.24553
    0.10919
    0.04090
   -0.04827
   -0.09676
    0.07901
    0.04790
   -0.13253
    0.04530
    0.03105
    0.03088
   -0.06964
   -0.13214
    0.09527
    0.04382
   -0.09036
   -0.24463
    0.11572
    0.00838
   -0.09510
   -0.05532
    0.11142
    0.02185
   -0.10044
   -0.04609
    0.08053
   -0.02383
   -0.04283
   -0.03836
    0.07451
    0.02772
   -0.07421
   -0.23232
    0.11224
    0.00559
   -0.03351
   -0.07914
    0.07985
    0.03711
   -0.03986
   -0.01306
    0.01405
   -0.04481
   -0.01492
   -0.04344
    0.07970
   -0.01316
   -0.06869
   -0.19788
    0.10952
   -0.02231
   -0.02095
   -0.08442
    0.08983
    0.00105
   -0.05988
    0.00570
    0.02527
   -0.03948
   -0.06366
   -0.03178
    0.08315
    0.03398
   -0.06630
   -0.20916
    0.08337
    0.01657
   -0.02116
   -0.04906
    0.03640
   -0.00870
   -0.09563
    0.03795
    0.04393
    0.00231
   -0.05527
   -0.08424
    0.07695
    0.02780
   -0.08884
   -0.20659
    0.07943
    0.01481
   -0.04775
   -0.06870
    0.07126
   -0.02723
   -0.08399
   -0.04330
    0.08360
   -0.01855
   -0.03136
   -0.00280
    0.02660
   -0.00792
   -0.05766
   -0.16550
    0.08470
   -0.04238
   -0.01097
   -0.04956
    0.07127
    0.00110
   -0.04811
   -0.00546
    0.02202
   -0.00377
   -0.05512
   -0.07458
    0.10687
    0.05175
   -0.11057
   -0.23632
    0.14622
   -0.00361
   -0.09444
   -0.14436
    0.16710
    0.03923
   -0.16561
    0.00059
    0.10293
   -0.02163
   -0.09903
   -0.06447
    0.11623
    0.03134
   -0.05203
   -0.29008
    0.13820
    0.02660
   -0.09798
   -0.15899
    0.17154
    0.08321
   -0.19778
    0.03559
    0.08743
    0.06418
   -0.13042
   -0.08640
    0.09700
    0.09562
   -0.13983
   -0.14809
    0.15553
    0.06359
   -0.16447
   -0.09208
    0.15937
    0.09705
   -0.20102
   -0.01627
    0.14050
   -0.00284
   -0.08903
   -0.00628
    0.06840
    0.06529
   -0.11882
   -0.17758
    0.10908
    0.01971
   -0.08686
   -0.10446
    0.12117
    0.11560
   -0.14671
   -0.01013
    0.06313
    0.00933
   -0.00342
   -0.12590
    0.09728
    0.03455
   -0.04587
   -0.27379
    0.13758
    0.01113
   -0.04262
   -0.11381
    0.12094
    0.05608
   -0.10171
   -0.06498
    0.08822
    0.00856
   -0.03964
   -0.11670
    0.09001
    0.07273
   -0.04493
   -0.30000
    0.13671
    0.04326
   -0.07084
   -0.10371
    0.12246
    0.05991
   -0.13430
   -0.03789
    0.08200
    0.05505
   -0.08147
   -0.12806
    0.10074
    0.09164
   -0.08671
   -0.28398
    0.12839
    0.04047
   -0.10695
   -0.04515
    0.09420
    0.05014
   -0.08820
   -0.09913
    0.10186
   -0.00544
   -0.05901
   -0.00702
    0.05018
    0.04169
   -0.07616
   -0.22611
    0.12578
    0.00948
   -0.01774
   -0.08296
    0.06392
    0.06211
   -0.04894
   -0.06783
    0.04330
   -0.04162
    0.00942
   -0.02416
    0.04510
   -0.02128
   -0.05734
   -0.17330
    0.10187
   -0.04131
   -0.04254
   -0.05485
    0.09794
   -0.03220
   -0.05251
    0.02254
    0.03225
   -0.05421
   -0.04136
   -0.02895
    0.08635
    0.02541
   -0.06137
   -0.20235
    0.07859
    0.00744
   -0.07116
   -0.09079
    0.10491
    0.03612
   -0.10793
    0.05926
    0.00638
    0.00220
   -0.03477
   -0.07315
    0.06264
    0.02123
   -0.09922
   -0.19722
    0.09648
   -0.02042
   -0.07328
   -0.05078
    0.09932
    0.00897
   -0.09879
   -0.01824
    0.05474
   -0.04322
   -0.00874
   -0.00839
    0.04123
   -0.00720
   -0.04005
   -0.17035
    0.07379
   -0.03663
   -0.02468
   -0.06432
    0.08818
    0.02356
   -0.02669
    0.00857
   -0.00266
