IntronPotTab 1 1024 -1.72765 0.36154 3.45089 7611 6 16   45.20
    0.03418
   -0.01315
   -0.10907
    0.08192
    0.01085
   -0.10045
   -0.03471
    0.08994
   -0.02917
    0.03043
   -0.01637
    0.03085
   -0.01388
   -0.08772
    0.01810
    0.07493
   -0.00339
   -0.00823
   -0.07968
    0.07338
    0.00719
    0.02293
   -0.00684
   -0.02429
   -0.03174
    0.04941
   -0.04259
    0.03081
    0.06583
   -0.09154
    0.10571
   -0.06253
   -0.04513
    0.02969
   -0.01281
    0.04649
   -0.02515
   -0.11478
   -0.04367
    0.11256
    0.02941
    0.02205
   -0.01180
   -0.05846
   -0.02992
   -0.04391
    0.00225
    0.06209
   -0.04590
    0.00171
   -0.04356
    0.06979
    0.00433
   -0.03848
   -0.00767
    0.03130
   -0.04954
    0.04851
   -0.04826
    0.06516
   -0.00711
   -0.06989
    0.01111
    0.05004
    0.00310
   -0.04304
   -0.07462
    0.10667
   -0.01144
   -0.08873
    0.07455
    0.05590
    0.00649
   -0.01457
   -0.08335
    0.07939
   -0.05689
   -0.06894
    0.03885
    0.07409
   -0.02761
   -0.05120
   -0.12143
    0.13316
   -0.00002
   -0.02441
    0.04162
   -0.00477
   -0.09592
    0.08169
   -0.10774
    0.09289
    0.10092
   -0.11614
    0.01281
    0.03972
    0.01504
   -0.02778
   -0.05621
    0.06085
    0.03801
   -0.17730
    0.05217
    0.07292
    0.04446
   -0.06376
   -0.02494
    0.03040
   -0.07228
   -0.04523
    0.08211
    0.04020
    0.18078
   -0.13876
   -0.09061
   -0.00723
   -0.02235
   -0.01120
    0.00436
    0.02555
    0.20833
   -0.16570
   -0.17136
   -0.02381
   -0.08264
   -0.08843
   -0.02046
    0.11857
    0.03392
   -0.01489
   -0.11046
    0.12614
    0.00219
   -0.10795
    0.00505
    0.07087
   -0.01187
    0.09759
   -0.04420
   -0.03232
    0.03469
   -0.13210
   -0.05206
    0.12917
    0.04887
    0.00590
   -0.12288
    0.05336
   -0.00002
   -0.01546
    0.04803
   -0.02740
   -0.01350
   -0.00614
   -0.03318
    0.05889
    0.13560
   -0.15626
    0.09759
   -0.07390
    0.02819
    0.01047
   -0.07262
    0.03628
    0.02263
   -0.09846
   -0.05677
    0.08590
    0.03113
   -0.00044
    0.00767
   -0.05267
   -0.05002
   -0.05844
    0.01017
    0.07476
    0.00761
   -0.05223
   -0.05464
    0.07351
    0.02240
   -0.06789
    0.00028
    0.02072
   -0.04886
    0.10282
   -0.11457
    0.07787
   -0.00873
   -0.06805
   -0.03037
    0.08074
    0.00469
   -0.00269
   -0.03355
    0.02200
   -0.00584
   -0.11842
   -0.01889
    0.11734
   -0.02388
    0.07215
   -0.06481
    0.00595
   -0.02283
   -0.03990
   -0.01374
    0.07445
   -0.03113
   -0.02082
   -0.06292
    0.07881
   -0.00607
    0.00509
    0.00559
   -0.00131
   -0.03281
    0.09099
   -0.11263
    0.02851
    0.03850
   -0.03512
    0.00725
    0.00646
   -0.04123
    0.02007
   -0.05941
    0.06165
   -0.13086
   -0.10334
   -0.04838
    0.18372
    0.03039
    0.02983
   -0.01684
   -0.05747
   -0.07146
   -0.05686
    0.04941
    0.06346
   -0.01927
   -0.02836
   -0.02620
    0.04481
    0.02099
   -0.00337
   -0.03213
    0.00422
   -0.02404
    0.03081
   -0.05431
    0.04712
   -0.03545
   -0.01586
   -0.03302
    0.06035
    0.05443
   -0.04627
   -0.09433
    0.06776
   -0.04859
   -0.02292
   -0.04843
    0.10743
   -0.06324
    0.04349
   -0.01918
    0.05043
   -0.01715
   -0.03425
   -0.00448
    0.05982
    0.01035
    0.01382
   -0.06682
    0.03168
   -0.05915
    0.01124
   -0.05591
    0.08899
   -0.07517
    0.05308
   -0.06315
    0.07699
    0.02161
   -0.10581
    0.03413
    0.04569
    0.02578
   -0.00759
   -0.06125
    0.03463
   -0.06820
   -0.03018
   -0.01898
    0.09920
    0.04702
    0.02729
   -0.06588
   -0.03745
   -0.05838
   -0.03915
    0.02829
    0.06022
    0.00049
   -0.03448
   -0.13248
    0.09637
   -0.03401
   -0.06739
   -0.01839
    0.09594
   -0.02982
    0.04338
   -0.09781
    0.07399
   -0.00561
   -0.02744
   -0.03969
    0.06061
    0.00286
   -0.01911
   -0.12036
    0.12748
    0.05825
   -0.10893
   -0.05725
    0.09181
   -0.03163
    0.00862
   -0.08737
    0.08721
   -0.02635
   -0.03734
   -0.03011
    0.08090
   -0.06266
    0.01834
   -0.12155
    0.10709
   -0.10563
    0.07447
   -0.04113
    0.04338
   -0.11756
    0.02541
   -0.13091
    0.15910
   -0.04365
   -0.05868
   -0.01108
    0.07102
    0.02857
   -0.10390
   -0.03241
    0.08472
   -0.01040
   -0.10547
    0.05154
    0.08977
    0.06429
   -0.03814
    0.01873
   -0.04200
   -0.05652
   -0.07288
    0.07892
    0.06217
   -0.00767
   -0.07115
   -0.04119
    0.07830
    0.01432
   -0.05211
   -0.06448
    0.07508
   -0.04343
    0.02383
   -0.11432
    0.09564
    0.07916
   -0.08892
   -0.10907
    0.12973
    0.03131
    0.01181
   -0.13347
    0.09856
   -0.01317
   -0.00941
   -0.10461
    0.11674
   -0.02622
    0.03649
   -0.10051
    0.10856
   -0.05942
   -0.04854
   -0.02040
    0.12184
   -0.00069
   -0.00492
   -0.12122
    0.09303
   -0.06531
    0.06041
   -0.05105
    0.05419
   -0.06048
    0.04277
   -0.09375
    0.09674
    0.08703
   -0.07567
    0.05108
   -0.03811
   -0.00129
   -0.00472
   -0.08239
    0.07624
   -0.08896
    0.01074
   -0.05954
    0.13255
    0.00355
    0.03683
   -0.02749
   -0.01461
   -0.09174
   -0.05049
   -0.01314
    0.14106
   -0.07371
   -0.07694
   -0.05032
    0.14408
   -0.01317
   -0.02578
   -0.11430
    0.11651
   -0.04919
    0.05315
   -0.12023
    0.11467
   -0.07317
   -0.02998
   -0.08566
    0.13042
   -0.12167
    0.14910
   -0.26913
    0.07066
   -0.01025
   -0.06761
    0.00661
    0.06331
   -0.02510
   -0.00233
   -0.05092
    0.07078
   -0.00414
   -0.02109
   -0.03636
    0.05687
    0.01804
   -0.04237
   -0.15738
    0.09338
   -0.04745
    0.06622
   -0.06467
    0.01356
   -0.06466
    0.07050
   -0.12812
    0.08169
   -0.00722
   -0.00974
   -0.01580
    0.02019
   -0.18145
    0.19758
   -0.33209
    0.08424
   -0.02436
   -0.03013
   -0.01146
    0.04692
   -0.00770
    0.03518
   -0.06109
    0.02471
    0.00414
   -0.01991
   -0.03728
    0.04081
    0.07807
   -0.10843
   -0.07034
    0.08203
   -0.00162
    0.01729
   -0.06626
    0.01812
   -0.07338
    0.07930
   -0.10106
    0.07734
    0.00821
   -0.05348
   -0.10093
    0.10629
    0.00424
   -0.00515
   -0.06589
    0.07784
   -0.00565
   -0.11294
   -0.03191
    0.11631
   -0.07732
    0.04398
    0.00823
    0.08303
    0.00731
   -0.07313
   -0.01581
    0.07495
   -0.01445
   -0.01787
   -0.07485
    0.07981
    0.02933
    0.00868
   -0.10408
    0.03025
   -0.06872
    0.05692
   -0.05908
    0.10564
    0.03938
   -0.16238
    0.10128
   -0.02066
    0.00586
   -0.02008
   -0.04487
    0.05122
   -0.03048
   -0.14946
   -0.02814
    0.11652
   -0.00995
    0.05772
    0.00939
   -0.05060
    0.04805
   -0.05683
   -0.01744
    0.01612
   -0.00539
   -0.04603
   -0.06144
    0.07631
    0.04883
   -0.06051
   -0.01679
    0.00263
   -0.04978
    0.06908
   -0.04244
    0.06025
    0.05002
   -0.08848
   -0.01487
    0.04116
   -0.01349
   -0.03313
   -0.04653
    0.09434
    0.05708
   -0.18248
    0.02722
    0.08047
   -0.00355
   -0.05122
   -0.00793
    0.07482
   -0.01587
   -0.05489
    0.00648
    0.05944
   -0.06697
    0.05743
   -0.07717
    0.07272
    0.02999
   -0.03868
   -0.01521
    0.00281
   -0.10766
    0.06707
   -0.05851
    0.09506
    0.06258
   -0.05682
   -0.06437
    0.05585
    0.01518
    0.00644
   -0.08502
    0.06007
    0.04507
   -0.16142
   -0.07980
    0.12249
    0.06720
   -0.08765
   -0.03126
    0.03337
   -0.01811
   -0.03730
   -0.00066
    0.04717
    0.24470
   -0.23763
   -0.11233
   -0.04085
    0.04174
   -0.07089
   -0.08213
    0.06600
    0.28815
   -0.22891
   -0.27178
   -0.09875
    0.13281
   -0.11633
   -0.06906
    0.08496
    0.05596
   -0.03817
   -0.10892
    0.10435
    0.01618
   -0.10270
   -0.00697
    0.06402
   -0.02150
    0.11650
   -0.05824
    0.00483
   -0.00193
   -0.09460
   -0.02770
    0.11151
    0.01190
   -0.04250
   -0.11156
    0.10530
    0.00058
    0.01725
   -0.01684
    0.00200
   -0.01554
    0.10629
   -0.06724
    0.00728
    0.09408
   -0.09840
    0.02092
   -0.01403
    0.03421
    0.00112
   -0.08216
    0.03897
   -0.01006
   -0.07178
   -0.03608
    0.09364
    0.03672
    0.07007
   -0.01747
   -0.11193
   -0.04954
   -0.06696
    0.04572
    0.03375
   -0.09840
   -0.03677
   -0.02495
    0.11248
    0.03451
   -0.09082
   -0.04286
    0.05734
   -0.06776
    0.05203
   -0.04453
    0.08668
   -0.03530
   -0.05338
   -0.03476
    0.08768
    0.02215
    0.07785
   -0.23107
    0.11089
   -0.00412
   -0.05856
   -0.09443
    0.11365
   -0.04764
    0.07181
   -0.09034
    0.06540
   -0.00262
   -0.04848
    0.00517
    0.04435
   -0.05450
    0.04187
   -0.14162
    0.12083
   -0.03773
    0.02356
   -0.00771
    0.02346
   -0.09328
    0.10447
   -0.04976
    0.04892
    0.06027
   -0.05345
   -0.02926
    0.03079
    0.02393
    0.00174
   -0.14928
    0.09769
    0.02120
   -0.16886
   -0.06022
    0.11742
   -0.03932
    0.08504
   -0.06092
    0.02031
   -0.01559
   -0.01670
    0.03362
   -0.00175
   -0.01264
    0.02641
   -0.16088
    0.07576
    0.03124
   -0.04251
   -0.07734
    0.05083
   -0.01881
    0.04854
   -0.03464
    0.01725
   -0.00764
   -0.05106
   -0.05960
    0.09633
    0.01409
    0.00198
   -0.07584
    0.05445
   -0.05013
    0.02487
   -0.07388
    0.08676
    0.01038
    0.03660
   -0.00283
   -0.05055
   -0.10301
    0.01359
   -0.04674
    0.12174
   -0.03607
   -0.01265
   -0.09693
    0.10579
    0.02705
   -0.02679
   -0.13549
    0.07798
    0.01805
    0.08563
   -0.07324
   -0.05243
   -0.02634
   -0.10312
    0.11197
   -0.01035
   -0.00466
    0.04320
   -0.07409
    0.03247
   -0.00425
   -0.15186
   -0.10434
    0.14806
    0.08909
   -0.00931
   -0.00643
   -0.11680
   -0.08732
   -0.02726
   -0.04897
    0.13250
    0.00242
    0.01441
   -0.06655
    0.02344
   -0.02695
   -0.03089
   -0.12330
    0.12544
   -0.02939
    0.04031
   -0.04757
    0.03734
   -0.07042
   -0.01739
   -0.01927
    0.07322
    0.04227
   -0.05751
   -0.07048
    0.07443
    0.05925
   -0.14840
   -0.01708
    0.09519
   -0.01009
   -0.03540
   -0.04420
    0.08619
   -0.01657
   -0.11003
    0.03051
    0.10977
   -0.03419
   -0.00513
   -0.14840
    0.11350
   -0.04837
    0.01821
   -0.06870
    0.06329
   -0.06928
    0.04520
   -0.14693
    0.10464
    0.07013
   -0.12763
    0.00006
    0.08588
    0.08866
   -0.04672
   -0.12023
    0.05830
    0.05976
   -0.09780
   -0.07922
    0.08002
    0.00935
   -0.00161
   -0.03977
    0.02422
   -0.03723
   -0.10128
    0.05713
    0.09549
    0.04806
   -0.13498
   -0.04528
    0.09489
   -0.04175
   -0.08991
   -0.04277
    0.12542
    0.01918
   -0.01942
   -0.11753
    0.09296
    0.05862
   -0.12431
   -0.04813
    0.13563
    0.07438
   -0.06611
   -0.12508
    0.10517
   -0.01994
   -0.07483
   -0.06471
    0.12905
    0.07351
    0.03924
   -0.09829
   -0.04657
    0.02381
   -0.03342
   -0.07500
    0.09934
    0.01248
   -0.02067
   -0.09777
    0.07879
   -0.00684
   -0.00617
   -0.12374
    0.09942
    0.02367
   -0.00378
   -0.07668
    0.04576
    0.04748
   -0.10680
    0.04951
   -0.00044
    0.01143
   -0.02039
   -0.06855
    0.06461
   -0.03400
   -0.05620
   -0.04357
    0.10800
    0.05468
   -0.00984
   -0.06782
   -0.00552
   -0.01569
   -0.01911
   -0.08281
    0.11884
   -0.03485
   -0.02306
   -0.07190
    0.09155
   -0.01134
   -0.04512
   -0.09274
    0.11481
   -0.02789
    0.06559
   -0.13563
    0.09812
    0.00588
   -0.03946
   -0.12078
    0.13674
    0.01438
   -0.00068
   -0.09870
    0.04976
    0.01286
   -0.08060
   -0.06843
    0.09715
    0.02374
   -0.05910
   -0.02723
    0.05750
   -0.02229
   -0.01994
    0.00642
    0.02797
   -0.00734
    0.00827
   -0.13331
    0.07773
   -0.06824
    0.02321
   -0.03360
    0.05187
   -0.00915
    0.06937
   -0.11644
    0.03135
    0.05938
   -0.05026
   -0.04660
    0.03970
    0.02214
    0.02204
   -0.11813
    0.05130
    0.00453
   -0.08809
   -0.02334
    0.07503
    0.04880
    0.00626
   -0.04609
   -0.02224
   -0.03759
   -0.04107
    0.03835
    0.03159
    0.02729
   -0.03449
   -0.11171
    0.06369
    0.00875
   -0.01014
   -0.07890
    0.04697
   -0.05402
    0.05201
   -0.08526
    0.08506
   -0.03892
   -0.06311
   -0.14052
    0.13649
