24 20 3 1 47 -5.2272 2.7835 5.2841 7556
  0.02357  -0.05437   0.02870  -0.00426  -0.02330   0.04130   0.05416  -0.07268  -0.01019  -0.00568   0.05061  -0.02533   0.03093  -0.04098   0.02756  -0.03437  -0.05833  -0.00333   0.02997   0.00987 
 -0.00872  -0.00298   0.04232  -0.03108   0.01376  -0.01234   0.06607  -0.08158   0.04734  -0.02904  -0.00078  -0.02675   0.02836  -0.06753   0.04202  -0.02311  -0.04866  -0.05995   0.09497  -0.01426 
  0.02104  -0.04449   0.05448  -0.03781  -0.01443  -0.02054   0.03785  -0.00692   0.01302  -0.04196   0.00230   0.02038   0.02631  -0.02817   0.00093  -0.00888  -0.05076  -0.02451   0.04725   0.00814 
  0.00378  -0.03123   0.02534  -0.00002  -0.01075   0.01322   0.06950  -0.07957  -0.00481   0.01760  -0.03085   0.01084  -0.00292  -0.02816   0.04436  -0.01943  -0.09454  -0.04328   0.09015   0.00247 
 -0.02066  -0.01244   0.05321  -0.02164  -0.00117  -0.01500   0.06388  -0.05717   0.02426  -0.02378   0.04725  -0.04456   0.02557  -0.06655   0.06125  -0.04523  -0.00727  -0.06057   0.09062  -0.03537 
  0.01572  -0.04370   0.06732  -0.04760   0.02419  -0.00896   0.02025  -0.04150   0.02035  -0.01635  -0.05078   0.02790   0.04986  -0.03236   0.00649  -0.04710  -0.02635  -0.09149   0.07251   0.02388 
  0.02942  -0.04107   0.01946  -0.01264   0.01049  -0.00539   0.06636  -0.08432  -0.00710   0.00485   0.00017   0.00276  -0.00783  -0.02332   0.05272  -0.02834  -0.09107  -0.02363   0.08233  -0.00857 
 -0.01419  -0.01441   0.05762  -0.03132  -0.04170  -0.01243   0.07386  -0.02637   0.01369  -0.03574   0.03934  -0.01438   0.02450  -0.05119   0.06424  -0.06329  -0.04988  -0.05773   0.10389  -0.02661 
 -0.00332  -0.04186   0.07280  -0.03467   0.01228  -0.01007   0.03439  -0.04197   0.00119  -0.02492  -0.00950   0.02697   0.05287  -0.05335   0.01868  -0.04560  -0.10098   0.02544   0.02114   0.01263 
  0.01120  -0.01663   0.01968  -0.01516  -0.00854  -0.05845   0.08174  -0.03517   0.00735  -0.01331  -0.00284   0.00628   0.01992  -0.04598   0.03487  -0.02216  -0.06750  -0.02461   0.08845  -0.02841 
 -0.00399  -0.03586   0.05699  -0.02118   0.00426  -0.04325   0.05590  -0.03004   0.01252  -0.05058   0.06959  -0.02721   0.02446  -0.06504   0.05597  -0.03778  -0.02493  -0.08906   0.11745  -0.03221 
  0.01077  -0.06475   0.07681  -0.03443   0.06480  -0.04189   0.01784  -0.06469   0.03055  -0.03491  -0.01252   0.00674   0.02031  -0.03150   0.03315  -0.03502  -0.00498  -0.02512   0.03211  -0.00387 
  0.03601  -0.03561   0.02309  -0.02870  -0.02626   0.00845   0.08585  -0.07846   0.00048  -0.01454  -0.00788   0.01797   0.02665  -0.07421   0.03826  -0.00996  -0.04096  -0.03455   0.05440   0.00413 
 -0.00332  -0.03072   0.05025  -0.01908   0.00914  -0.05222   0.07361  -0.05061   0.00198  -0.05219   0.04326   0.00847   0.02518  -0.05307   0.04514  -0.03610  -0.03656  -0.04883   0.08516  -0.02009 
  0.00751  -0.05275   0.06446  -0.02681   0.03676  -0.03525   0.04047  -0.05853  -0.00209  -0.00508  -0.02172   0.02207   0.04780  -0.04897   0.00276  -0.02267  -0.07844  -0.01472   0.04770   0.01390 
  0.01743  -0.02842   0.02309  -0.01447   0.02466  -0.05082   0.08883  -0.09322  -0.02642   0.00773   0.00026   0.01898   0.01431  -0.08005   0.08232  -0.04506  -0.04813  -0.02006   0.07247  -0.02558 
 -0.00109  -0.03586   0.06814  -0.03708   0.00691  -0.03917   0.06610  -0.04898   0.03174  -0.04238  -0.00763   0.00801   0.00796  -0.04476   0.06171  -0.04094  -0.04705  -0.05001   0.08761  -0.01540 
  0.00947  -0.04661   0.05866  -0.02775   0.01863  -0.03163   0.04556  -0.04443  -0.00251  -0.00572  -0.00608   0.01213   0.01202  -0.03042   0.00688   0.00640  -0.05199  -0.01555   0.05266  -0.00535 
  0.00378  -0.02311   0.02937  -0.01127  -0.04013   0.00505   0.06875  -0.03689  -0.01477   0.01048  -0.00130   0.00640   0.00729  -0.04058   0.05895  -0.04041  -0.09090  -0.01980   0.07589  -0.00494 
 -0.02605  -0.01269   0.05637  -0.01955   0.00169  -0.03309   0.06121  -0.04166   0.02203  -0.05750   0.03762  -0.00403  -0.00806  -0.07830   0.07779  -0.00888  -0.00678  -0.04463   0.06553  -0.02050 
  0.00532  -0.05437   0.06260  -0.02094   0.03240  -0.02417   0.04108  -0.06314  -0.02013   0.02753   0.00696  -0.01075   0.01417  -0.03532   0.02730  -0.01511  -0.03886  -0.02681   0.05377  -0.00363 
  0.00598  -0.01787   0.03666  -0.02610  -0.03034   0.00696   0.06431  -0.04373  -0.01360  -0.01207   0.00693   0.01910  -0.00519  -0.05106   0.05166  -0.00357  -0.10297  -0.00239   0.07813  -0.01835 
 -0.02676  -0.01589   0.05448  -0.01378  -0.00441  -0.01814   0.06998  -0.05830   0.01432  -0.04752   0.02957   0.00282   0.05028  -0.05730   0.03066  -0.05274  -0.07628  -0.03219   0.11344  -0.04781 
  0.00903  -0.03950   0.06466  -0.04072  -0.01926   0.00594   0.04522  -0.03209  -0.01630   0.00117   0.00502   0.01165   0.00942  -0.00472   0.02917  -0.04243  -0.07706  -0.00258   0.04095   0.00848 
 -0.01328  -0.00298   0.03336  -0.01677   0.01034  -0.02353   0.04843  -0.04454  -0.00803   0.01744  -0.03663   0.01805   0.00477  -0.04141   0.06514  -0.04440  -0.09158  -0.02125   0.09291  -0.02328 
 -0.01031  -0.01737   0.04983  -0.02375  -0.00985  -0.03343   0.07380  -0.04361   0.02339  -0.02415   0.01950  -0.01902   0.00418  -0.01677   0.06761  -0.07402  -0.03606  -0.04229   0.10973  -0.05857 
  0.00180  -0.03046   0.07240  -0.05059   0.01492  -0.03518   0.04697  -0.03862   0.01244  -0.00156  -0.00914  -0.00497   0.03613  -0.04512   0.02996  -0.04126  -0.05621  -0.03945   0.04912   0.02262 
  0.01658  -0.03380   0.03292  -0.01885  -0.01154   0.00345   0.07565  -0.07734  -0.01913   0.01716  -0.01889   0.01708   0.00078  -0.04519   0.03011   0.00887  -0.09735  -0.01742   0.08347  -0.01253 
 -0.02113  -0.01269   0.05089  -0.01839   0.01253  -0.02494   0.07616  -0.08201   0.04385  -0.00598  -0.01422  -0.03340  -0.01718  -0.05788   0.08112  -0.01975  -0.03588  -0.05424   0.09453  -0.02695 
  0.00642  -0.03742   0.06651  -0.04194   0.00411  -0.03303   0.05016  -0.03129  -0.02031   0.00330  -0.01130   0.02526   0.00007   0.01192   0.00154  -0.01432  -0.05716  -0.03641   0.05959   0.00970 
 -0.00759  -0.01564   0.02915  -0.00628  -0.02876   0.00598   0.06955  -0.05121  -0.03064   0.01966   0.01306   0.00257   0.01191  -0.04355   0.03890  -0.01807  -0.12115  -0.00623   0.09017  -0.01913 
 -0.03055  -0.00635   0.05762  -0.02258   0.00535  -0.04456   0.03366  -0.00533   0.00223  -0.03304   0.02906   0.00405   0.00271  -0.09278   0.09125  -0.02943  -0.00764  -0.04721   0.07461  -0.02811 
  0.00466  -0.05518   0.06033  -0.01700  -0.00439   0.00002   0.03935  -0.03685  -0.01135  -0.01387  -0.01100   0.03107   0.00899  -0.02536   0.00855   0.00383  -0.05839  -0.00638   0.03465   0.00819 
 -0.00804  -0.01318   0.02286  -0.00180  -0.03267   0.03505   0.05046  -0.05076  -0.01556   0.01527  -0.01750   0.01441   0.00260  -0.04807   0.03340   0.00533  -0.10190   0.00945   0.04930   0.00107 
 -0.02865   0.00345   0.03358  -0.00809  -0.00338  -0.04396   0.05891  -0.02430  -0.00416  -0.03547   0.02700   0.01417   0.00455  -0.05335   0.08385  -0.05889  -0.09408  -0.03966   0.10842  -0.02329 
 -0.01465  -0.04265   0.07320  -0.02258   0.03060   0.00017  -0.01496  -0.02031  -0.01606  -0.04026   0.00689   0.04388   0.04885  -0.03350  -0.01609  -0.01823  -0.09521  -0.01456   0.04828   0.02184 
  0.01012  -0.02337   0.00767   0.00373  -0.05347  -0.01385   0.07201  -0.01118  -0.02575  -0.02137   0.01243   0.03416   0.00629  -0.00533   0.01397  -0.01871  -0.05254  -0.01051   0.02752   0.01584 
 -0.02913  -0.01293   0.03535   0.00571  -0.01247   0.00585   0.00792   0.00061   0.00710  -0.01185   0.01154  -0.00562   0.02289  -0.06164   0.04174  -0.02018  -0.01685  -0.04111   0.07467  -0.02776 
  0.00268  -0.02792   0.03798  -0.01470   0.02914  -0.00218  -0.00486  -0.02665  -0.03762  -0.01148  -0.03012   0.06458   0.03339  -0.01264  -0.00900  -0.02383  -0.09365  -0.00699   0.01238   0.04779 
 -0.00287  -0.00951  -0.00492   0.01589  -0.07539   0.03675   0.05634  -0.01570  -0.04919   0.00184   0.01047   0.03717  -0.01169  -0.01919   0.03390  -0.00396  -0.11652   0.02219   0.04507  -0.00015 
 -0.05910   0.01234   0.03950   0.00505  -0.01535  -0.00004   0.02283  -0.00661  -0.01646  -0.01510   0.05589  -0.01464  -0.00432  -0.02601   0.06970  -0.05379  -0.05386  -0.02339   0.07953  -0.02710 
 -0.01880  -0.01564   0.05825  -0.02610  -0.00303   0.06610  -0.04928  -0.00971  -0.02224  -0.01326  -0.02012   0.04660  -0.00142  -0.00647  -0.02206   0.03063  -0.07607   0.03611  -0.01354   0.02054 
 -0.01557   0.01969  -0.02617   0.01972  -0.09856   0.05621   0.00714   0.03708  -0.05298  -0.00336   0.00746   0.04672   0.00284  -0.00454  -0.01255   0.01405  -0.10978   0.01762   0.02473   0.02143 
 -0.06165   0.01809   0.00744   0.03206  -0.04732   0.04499  -0.00029   0.00966  -0.01291   0.01742  -0.03633   0.02261   0.00105   0.01004   0.00581  -0.01847  -0.02255   0.00675   0.03328  -0.02566 
 -0.02183   0.02105   0.00391  -0.00247   0.05439   0.03272  -0.10350  -0.00033   0.05286  -0.05622  -0.08997   0.04762   0.07621  -0.05156  -0.07571   0.01530   0.00601  -0.02773  -0.01281   0.03334 
  0.05225  -0.02563  -0.06786   0.02541   0.03327   0.07579  -0.06339  -0.04989   0.06072   0.03443  -0.11022  -0.02837   0.10305   0.03270  -0.13385  -0.06738  -0.01353   0.07866  -0.03547  -0.04746 
  0.04571   0.05885  -0.07517  -0.04489   0.09919   0.06310  -0.09463  -0.10353   0.13747  -0.01978  -0.11958  -0.07925   0.17930   0.02636  -0.03745  -0.45007   0.06495   0.09025  -0.06293  -0.10180 
  0.12827   0.03971  -0.08260  -0.13756   0.19631  -0.08096  -0.16358  -0.08066   0.16197  -0.13693  -0.17236   0.00894   0.20948  -0.10046  -0.14621  -0.15061  -0.05465   0.03348  -0.03701   0.03145 
  0.17387  -0.07881  -0.13558  -0.03999  -0.15791  -0.24647   0.33483  -0.25892  -0.13560  -0.19570   0.21226   0.05563  -0.02497  -0.13044   0.22233  -0.21245  -0.27587  -0.13960   0.26103  -0.09347 
 -0.13781  -0.19133   0.28236  -0.12435  -2.28529  -3.87835   0.59831  -3.87835  -2.20827  -3.87835   0.69263  -3.87835  -2.16236  -3.87835   0.60907  -3.87835  -1.82375  -3.87835   0.58027  -3.87835 
 -2.10788  -3.87835   0.61695  -3.87835  -3.87835  -3.87835  -3.87835   0.58609  -3.87835  -3.87835  -3.87835  -3.87835  -3.87835  -1.17201  -3.87835   0.63834  -3.87835  -3.87835  -3.87835  -3.87835 
 -3.87835  -1.19164  -3.87835   0.58008  -3.87835  -3.87835  -3.87835  -3.87835   0.42693  -1.15685   0.02317  -1.19814  -3.87835  -3.87835  -3.87835  -3.87835   0.45437  -0.80143   0.17041  -0.77131 
  0.30687  -0.74585   0.20373  -0.74459   0.29160  -0.05724  -0.47542  -0.14227   0.43054  -0.29217  -0.64484  -0.58449   0.39012  -0.24338  -0.44756  -0.64856   0.36111  -0.03926  -0.19416  -0.24246 
  0.37868  -0.16477  -0.43882  -0.30546  -0.88321  -1.76045   0.57625  -1.37505  -1.11314  -1.44339   0.67196  -1.18446  -0.97183  -1.40552   0.58708  -1.33007  -0.68003  -1.22296   0.55031  -1.28285 
 -0.88442  -1.55966   0.59425  -1.31713  -0.59508  -0.26820  -0.55215   0.45831  -0.24516  -0.39038   0.03584   0.28414  -0.97701  -0.22306  -1.04005   0.55263  -0.33255  -0.46089  -0.27763   0.38887 
 -0.87935  -0.24694  -0.95462   0.49133  -0.14801   0.09677  -0.07228   0.09878  -0.04970   0.02722  -0.15887   0.10836  -0.19855   0.20030  -0.16386   0.08800   0.03529   0.06135  -0.18629   0.05001 
 -0.10044   0.10947  -0.15695   0.08699  -0.10466   0.03400  -0.21898   0.18971  -0.03413  -0.03387  -0.11086   0.11917  -0.08231   0.03948  -0.17330   0.17212  -0.04657  -0.05632  -0.13130   0.15653 
 -0.07280  -0.00805  -0.15456   0.16145   0.00865   0.03254  -0.40729   0.17781   0.05164  -0.02607  -0.28962   0.10933  -0.03853   0.08446  -0.22167   0.12251   0.01373  -0.02691  -0.22885   0.15374 
 -0.00827   0.01488  -0.27094   0.15185  -0.07771   0.02324  -0.19552   0.17110  -0.03644  -0.02453  -0.19293   0.14691   0.00883   0.10937  -0.15155   0.00012  -0.06041  -0.03656  -0.16017   0.16334 
 -0.06810   0.00908  -0.17227   0.15544  -0.08175   0.02085  -0.27591   0.20424  -0.04697   0.00537  -0.19069   0.13409  -0.12497   0.07592  -0.21094   0.19049  -0.10952   0.02060  -0.24725   0.17829 
 -0.10777   0.03644  -0.23264   0.18310  -0.06882   0.00288  -0.25210   0.19844  -0.07248   0.02843  -0.14730   0.11862  -0.10630   0.10282  -0.25936   0.17611  -0.14711  -0.00227  -0.21264   0.19292 
 -0.12371   0.03534  -0.20963   0.18339  -0.09703  -0.02190  -0.20126   0.20808  -0.04549  -0.00704  -0.13422   0.11972  -0.12931   0.06854  -0.21543   0.20077  -0.11826   0.03248  -0.20218   0.15549 
 -0.11756   0.03314  -0.18632   0.17263  -0.06024   0.02195  -0.20002   0.16286  -0.04589   0.01296  -0.18538   0.12622  -0.11733   0.07689  -0.20879   0.18385  -0.12345  -0.00633  -0.16236   0.16771 
 -0.10692   0.02937  -0.18050   0.16723  -0.07087  -0.03284  -0.19271   0.19550  -0.08614  -0.00747  -0.17995   0.16347  -0.12965   0.07240  -0.16886   0.17697  -0.10947   0.03223  -0.16027   0.13383 
 -0.11960   0.03048  -0.17086   0.16904  -0.08167   0.02004  -0.21479   0.18303  -0.07960   0.00859  -0.13381   0.13192  -0.08834   0.07192  -0.20307   0.16520  -0.06500   0.00108  -0.16459   0.14189 
 -0.10016   0.03026  -0.17192   0.15930  -0.05651   0.00455  -0.17057   0.15762  -0.05450  -0.01863  -0.13509   0.13395  -0.10210   0.08323  -0.17098   0.14995  -0.06394  -0.04340  -0.14002   0.15974 
 -0.08775   0.00439  -0.14881   0.15945  -0.02431  -0.04481  -0.15743   0.15633  -0.00342  -0.00911  -0.16849   0.10313  -0.07945   0.05375  -0.14365   0.14315  -0.07394  -0.02198  -0.11576   0.13759 
 -0.06345   0.00132  -0.13722   0.14156  -0.00911  -0.04011  -0.18484   0.15550  -0.01407  -0.01495  -0.16029   0.11236  -0.07637   0.04599  -0.13479   0.14210  -0.01611  -0.01714  -0.12067   0.11098 
 -0.04410  -0.00035  -0.14281   0.13298  -0.00637  -0.02852  -0.17548   0.14302   0.00469  -0.01428  -0.09266   0.06524  -0.03310   0.03471  -0.17313   0.13608  -0.01579  -0.06099  -0.07203   0.11327 
 -0.02842  -0.01787  -0.11398   0.11920  -0.01143  -0.04921  -0.13631   0.13877  -0.01634  -0.01520  -0.06081   0.06731  -0.02950   0.01374  -0.12146   0.11990   0.00986  -0.06667  -0.08873   0.11418 
 -0.02629  -0.02893  -0.09756   0.11598  -0.01884   0.00963  -0.16913   0.12725   0.01705  -0.03447  -0.06554   0.05410  -0.04037   0.04294  -0.10881   0.09720  -0.02948  -0.05501  -0.07614   0.11833 
 -0.03127  -0.01073  -0.09875   0.10775  -0.01652   0.00800  -0.17963   0.13155   0.02909  -0.05044  -0.07650   0.06016  -0.05375   0.00752  -0.10451   0.13574   0.02222  -0.03576  -0.06406   0.06944 
 -0.01580  -0.01515  -0.09845   0.09918   0.00229  -0.04819  -0.11308   0.11472  -0.00111  -0.02107  -0.07064   0.06380  -0.04391  -0.00570  -0.08068   0.12168   0.03969  -0.07453  -0.04266   0.07267 
 -0.01168  -0.03742  -0.07037   0.09438  -0.00765  -0.06094  -0.05333   0.09250   0.04759  -0.01710  -0.05269   0.00007   0.01545  -0.04710  -0.06154   0.07940   0.03916  -0.07584  -0.03196   0.06604 
  0.01163  -0.04847  -0.04400   0.06482   0.01796  -0.06123  -0.10411   0.10334   0.02333  -0.03916  -0.02322   0.02529  -0.00460   0.00547  -0.04059   0.04046  -0.00707  -0.06996  -0.00979   0.07178 
  0.00069  -0.04212  -0.04006   0.06691   0.02965  -0.05147  -0.07084   0.06494  -0.01658  -0.03265  -0.00660   0.04772  -0.00674   0.01266  -0.08662   0.07413   0.01859  -0.06482  -0.02707   0.06676 
 -0.00064  -0.03457  -0.04426   0.06558   0.03690  -0.02935  -0.09075   0.05735   0.03975  -0.06876  -0.02346   0.03050   0.00279   0.03622  -0.09831   0.05018   0.03940  -0.09665  -0.02729   0.07681 
  0.02210  -0.04186  -0.05522   0.05865   0.02217  -0.05548  -0.04795   0.05801   0.02823  -0.01597  -0.00424  -0.01314  -0.00336  -0.01246  -0.02701   0.04311   0.05482  -0.11545  -0.02348   0.07678 
  0.01764  -0.05410  -0.02440   0.04865   0.04011  -0.04989  -0.07252   0.05456   0.06095  -0.04678  -0.02318  -0.01102   0.02173  -0.00853  -0.07581   0.05160   0.01542  -0.06282   0.00861   0.03797 
  0.02984  -0.04265  -0.03435   0.03617   0.01945  -0.01792  -0.07482   0.05593   0.06585  -0.06939  -0.04029   0.01291  -0.00274   0.02207  -0.07326   0.05053   0.02581  -0.07682  -0.00649   0.05501 
  0.02252  -0.03742  -0.04374   0.04646   0.03031  -0.04137  -0.05975   0.04969   0.04842  -0.07839  -0.01262   0.02070  -0.00937   0.05522  -0.09481   0.04232   0.03404  -0.09332   0.01154   0.04665 
  0.02041  -0.04159  -0.03203   0.04265   0.00844   0.00263  -0.09160   0.06395   0.00371  -0.08317  -0.04134   0.08549  -0.01388   0.08927  -0.13982   0.04413   0.02662  -0.06603  -0.01061   0.04981 
  0.00047  -0.01416  -0.06287   0.06232   0.01006   0.00939  -0.09623   0.06073  -0.00386  -0.14139  -0.09670   0.14966  -0.04525   0.14644  -0.10899  -0.01709   0.08870  -0.09859   0.00953   0.01370 
  0.00488  -0.01936  -0.05985   0.06040   0.02694   0.03094  -0.08765   0.02069  -0.04031  -0.17234  -0.10382   0.19017  -0.04316   0.14596  -0.10913  -0.01884   0.06048  -0.13779   0.07541  -0.00285 
 -0.00534  -0.02970  -0.03280   0.05749  -0.00083   0.08448  -0.09596   0.00855  -0.04985  -0.21998  -0.12590   0.22084   0.01786   0.11551  -0.10441  -0.06262   0.10453  -0.15953   0.07208  -0.01925 
  0.01098  -0.03431  -0.03902   0.05122   0.03687   0.12018  -0.18746  -0.00608  -0.04523  -0.23474  -0.17879   0.23943   0.06296   0.10698  -0.13719  -0.09478   0.11907  -0.17086   0.08767  -0.04325 
  0.03825  -0.02970  -0.06786   0.04306  -0.00569   0.12875  -0.18778   0.03105  -0.02418  -0.25216  -0.17958   0.23316   0.12399   0.07225  -0.20597  -0.10177   0.14015  -0.20833   0.09707  -0.04943 
  0.05127  -0.04714  -0.07772   0.05043   0.01822   0.12143  -0.24806   0.04697  -0.01448  -0.20600  -0.16596   0.20832   0.12315   0.05688  -0.16785  -0.11100   0.13277  -0.20298   0.12047  -0.07839 
  0.05695  -0.04423  -0.06925   0.03637   0.02062   0.13443  -0.26074   0.03785  -0.05296  -0.17070  -0.10970   0.19929   0.16057   0.06435  -0.22131  -0.16576   0.11891  -0.15919   0.09257  -0.05841 
  0.05890  -0.02061  -0.08840   0.02917   0.01398   0.12151  -0.27266   0.06260  -0.02756  -0.15482  -0.11045   0.17752   0.11838   0.01342  -0.15717  -0.05262   0.10527  -0.18172   0.07916  -0.01266 
  0.04511  -0.04081  -0.08840   0.05904  -0.01180   0.10732  -0.21632   0.07249   0.00293  -0.13028  -0.10481   0.14279   0.11613   0.04420  -0.20789  -0.04540   0.07539  -0.13262   0.06100  -0.00220 
  0.03540  -0.02387  -0.08491   0.05319  -0.00357   0.08712  -0.23358   0.09061   0.00937  -0.18162  -0.12340   0.16831   0.09340   0.01359  -0.15726  -0.00789   0.07044  -0.13058   0.04512   0.01676 
  0.03273  -0.04687  -0.09193   0.07726  -0.03086   0.09296  -0.22128   0.10278   0.01541  -0.13001  -0.06704   0.11554   0.07113   0.03023  -0.18008   0.02568   0.05629  -0.16828   0.05607   0.04089 
  0.01529  -0.04238  -0.07319   0.07744  -0.03295   0.11196  -0.19576   0.07606   0.02612  -0.11596  -0.06848   0.09962   0.08010   0.02091  -0.16225   0.00938   0.07100  -0.09327  -0.01356   0.04313 
  0.02462  -0.01539  -0.09458   0.06309  -0.06359   0.07340  -0.13040   0.09623   0.00351  -0.06869  -0.11408   0.11317   0.02860   0.06166  -0.15099   0.03078   0.09389  -0.11807  -0.01106   0.04209 
  0.00422  -0.01688  -0.08665   0.07707  -0.07962   0.03160  -0.03195   0.07446   0.03280  -0.10020  -0.07323   0.08705   0.02346  -0.00841  -0.09838   0.06689   0.07736  -0.11508  -0.00737   0.04891 
  0.00268  -0.05007  -0.04137   0.07183  -0.05316   0.00615  -0.05160   0.08659   0.09366  -0.11673  -0.13694   0.06684   0.00690   0.01835  -0.10120   0.06460   0.11454  -0.11072  -0.02738   0.03460 
  0.03108  -0.05114  -0.06453   0.06367  -0.11029   0.00085   0.02317   0.07393   0.08856  -0.15747  -0.08312   0.06876   0.03437   0.00045  -0.09876   0.04587   0.09162  -0.07701  -0.03005   0.02944 
  0.01594  -0.05410  -0.03254   0.05652  -0.09900  -0.01860   0.04907   0.05555   0.09230  -0.07718  -0.14020   0.04465   0.02091   0.02239  -0.10868   0.04974   0.12189  -0.08330  -0.04213   0.02018 
