7 20 7 1 43 -1.9090 1.5413 2.3241 7561
 -0.05132  -0.11667   0.04462   0.08997  -0.04082  -0.10955   0.13825  -0.03926  -0.03010  -0.00581   0.03487   0.00823  -0.18064  -0.14514  -0.10428   0.29404   0.09136  -0.10442   0.03107  -0.00494 
 -0.04958  -0.09038   0.03506   0.08085  -0.02897  -0.11898   0.10432   0.00019  -0.06236  -0.04514   0.01000   0.08334  -0.16998  -0.14213  -0.13311   0.30021   0.06817  -0.09365   0.00275   0.03150 
 -0.05685  -0.09569   0.00527   0.11246  -0.02361  -0.08175   0.07852   0.00167  -0.03023  -0.03850   0.00962   0.05322  -0.16495  -0.11499  -0.11441   0.27952   0.05343  -0.09113  -0.02262   0.06072 
 -0.05207  -0.07767  -0.00545   0.10625  -0.04804  -0.07369   0.03519   0.06341  -0.04153  -0.03591   0.00291   0.06522  -0.15772  -0.09119  -0.19041   0.29621   0.06046  -0.08113  -0.05002   0.06960 
 -0.05610  -0.06642  -0.04218   0.12694  -0.05419  -0.05177   0.01374   0.07405  -0.03531  -0.01560  -0.06018   0.08291  -0.17964  -0.08654  -0.14018   0.28515   0.02806  -0.08113  -0.05825   0.09482 
 -0.07021  -0.05465  -0.05174   0.13482  -0.00834  -0.06695  -0.02038   0.07228  -0.01315  -0.04407  -0.04748   0.07787  -0.11849  -0.02231  -0.18734   0.24167   0.01592  -0.03803  -0.08988   0.09170 
 -0.04463  -0.03306  -0.07915   0.12093  -0.03391  -0.01479  -0.04704   0.08186  -0.03573  -0.03514  -0.05734   0.09538  -0.12053  -0.01492  -0.11367   0.20475  -0.01244  -0.04249  -0.08839   0.10889 
 -0.06271  -0.02265  -0.07347   0.12278  -0.01298  -0.01520  -0.12073   0.11232  -0.00548  -0.01597  -0.11998   0.08877  -0.14303   0.03578  -0.15072   0.20377  -0.01240  -0.04100  -0.11362   0.12228 
 -0.05383  -0.00688  -0.12083   0.13270  -0.00144  -0.03556  -0.11898   0.11399  -0.01586  -0.02647  -0.09229   0.09152  -0.07506  -0.02343  -0.14966   0.19812  -0.01394  -0.03271  -0.09937   0.10917 
 -0.04072  -0.02165  -0.10872   0.12743  -0.01004  -0.02113  -0.13737   0.12267  -0.02492  -0.01910  -0.10182   0.09823  -0.07721   0.02353  -0.16906   0.17802  -0.03628  -0.04699  -0.10845   0.13453 
 -0.05108  -0.01445  -0.12177   0.13644   0.01876  -0.07329  -0.14463   0.13161  -0.03685  -0.00653  -0.09367   0.09471  -0.05203   0.05138  -0.14332   0.12218  -0.01861  -0.09280  -0.06130   0.12814 
 -0.03780  -0.03203  -0.09785   0.12628  -0.00496  -0.05548  -0.11954   0.12818   0.00391  -0.00553  -0.10412   0.06515  -0.02521   0.00377  -0.13955   0.13454  -0.02926  -0.02186  -0.08134   0.09787 
 -0.02918  -0.01248  -0.10204   0.10936  -0.02791  -0.03146  -0.12944   0.13792  -0.01836  -0.04453  -0.06088   0.08981  -0.03288  -0.00901  -0.11891   0.13874  -0.02116  -0.04589  -0.08876   0.11573 
 -0.03853  -0.02922  -0.09606   0.12395   0.01809  -0.06934  -0.11253   0.11262   0.01878  -0.05398  -0.07740   0.07283  -0.04326   0.01461  -0.14302   0.14421  -0.00061  -0.02333  -0.07902   0.08271 
 -0.01540  -0.02441  -0.09517   0.10346   0.00077  -0.04403  -0.13318   0.12480   0.01828  -0.05528  -0.06454   0.06722  -0.02896  -0.02941  -0.08719   0.12993  -0.02729  -0.06640  -0.04947   0.10812 
 -0.02072  -0.04636  -0.07716   0.11143  -0.00732  -0.02447  -0.13159   0.11935  -0.00115  -0.00734  -0.05875   0.04643  -0.02715   0.00433  -0.11567   0.12152   0.03845  -0.08030  -0.08046   0.10260 
 -0.01242  -0.02897  -0.09192   0.10241  -0.00469  -0.02813  -0.11438   0.10968   0.01505  -0.02915  -0.05283   0.04460  -0.00632   0.01665  -0.11318   0.08916   0.01450  -0.06169  -0.04991   0.08343 
 -0.00810  -0.02617  -0.07545   0.08689   0.02836  -0.02105  -0.10936   0.07271   0.01487  -0.05352  -0.08802   0.08157  -0.03090   0.01108  -0.10987   0.11600   0.01876  -0.04544  -0.03066   0.05464 
 -0.00137  -0.02592  -0.07432   0.08049   0.01083  -0.02441  -0.12307   0.09932   0.02661  -0.06437  -0.06447   0.06553   0.02093  -0.03275  -0.11249   0.09925   0.02421  -0.06998  -0.02203   0.06334 
  0.01048  -0.04689  -0.07094   0.08324   0.04629  -0.04758  -0.10216   0.06720   0.03819  -0.04460  -0.03633   0.02250  -0.00382   0.01837  -0.07462   0.05637   0.03459  -0.08625  -0.00881   0.05829 
  0.01991  -0.04267  -0.04773   0.05584   0.02694  -0.04681  -0.09556   0.08144   0.02436  -0.04406  -0.01031   0.01921   0.01123  -0.00600  -0.07794   0.06362   0.04311  -0.11292  -0.00787   0.07045 
  0.01927  -0.05628  -0.04350   0.06319   0.04445  -0.05866  -0.07244   0.05554   0.03175  -0.06877   0.00595   0.01864   0.01988   0.01691  -0.11866   0.06343   0.02993  -0.07434   0.01761   0.02963 
  0.02475  -0.04689  -0.03258   0.04297   0.03896  -0.03627  -0.10357   0.06839   0.00221  -0.04460  -0.00741   0.03985  -0.00393   0.00708  -0.04644   0.04337   0.07486  -0.10836   0.02427   0.01777 
  0.02244  -0.04929  -0.02798   0.04337   0.02512  -0.03073  -0.06577   0.05237   0.06082  -0.09695  -0.01038   0.01832   0.04552  -0.00859  -0.05927   0.00572   0.06888  -0.12009   0.02891   0.02630 
  0.04322  -0.06615  -0.02017   0.02909   0.05238  -0.04196  -0.07882   0.04085   0.05571  -0.12434   0.00917   0.02851   0.05433  -0.01193  -0.07065   0.00668   0.07370  -0.16188   0.06006   0.02041 
  0.05452  -0.08688  -0.01250   0.02596   0.06476  -0.04392  -0.08160   0.03026   0.05604  -0.12993  -0.01824   0.05020   0.07948  -0.02858  -0.08192  -0.00535   0.06224  -0.12931   0.07003  -0.00439 
  0.06343  -0.08340  -0.01694   0.01752   0.01652   0.03599  -0.10481   0.03995   0.08070  -0.13501  -0.00268   0.01491   0.03984   0.02713  -0.06558  -0.01768   0.07167  -0.14815   0.07643  -0.00516 
  0.04582  -0.05089  -0.01570   0.01065   0.00673   0.04000  -0.11834   0.05553   0.03347  -0.13214  -0.07258   0.10396   0.04539   0.06719  -0.11388  -0.02930   0.09878  -0.12221   0.03045   0.00326 
  0.04040  -0.03306  -0.05904   0.03710   0.01286   0.06894  -0.16956   0.05755   0.04869  -0.13976  -0.10470   0.10964   0.01106   0.10962  -0.12184  -0.02758   0.05601  -0.10250   0.04370   0.00810 
  0.02559  -0.01273  -0.07094   0.04397  -0.00533   0.03444  -0.16678   0.09884   0.01087  -0.13487  -0.08497   0.13016   0.02918   0.11967  -0.18530  -0.01696   0.06357  -0.12647   0.07642  -0.01488 
  0.01629  -0.02744  -0.06316   0.05875   0.01450   0.05549  -0.18648   0.07616  -0.03446  -0.18618  -0.07918   0.18221   0.02228   0.08528  -0.18100   0.03307   0.06912  -0.20034   0.10495  -0.00150 
  0.01005  -0.05818  -0.04986   0.07716  -0.00059   0.07491  -0.14518   0.05086  -0.02883  -0.22769  -0.07476   0.19211   0.02794   0.14655  -0.17596  -0.06324   0.06667  -0.19602   0.09346   0.01113 
  0.00722  -0.03771  -0.04087   0.05856  -0.03018   0.12907  -0.17611   0.04694  -0.13851  -0.25763  -0.11150   0.26970   0.02812   0.20545  -0.24433  -0.11829   0.10815  -0.18380   0.10398  -0.04465 
 -0.01060  -0.00255  -0.06371   0.06319  -0.03217   0.19966  -0.27208   0.02277  -0.17622  -0.31234  -0.23049   0.32677   0.03241   0.26158  -0.35650  -0.17889   0.09266  -0.22408   0.13883  -0.05083 
 -0.02446   0.01620  -0.09636   0.08085  -0.02007   0.18249  -0.35427   0.06637  -0.23930  -0.39107  -0.27833   0.36835   0.10692   0.23624  -0.37819  -0.27858   0.10759  -0.24758   0.13528  -0.04436 
 -0.01151  -0.02215  -0.11396   0.10971   0.03707   0.22953  -0.63564   0.03517  -0.23630  -0.36437  -0.32001   0.36994   0.21527   0.11396  -0.47219  -0.24385   0.13604  -0.29815   0.11961  -0.02077 
  0.04582  -0.04663  -0.15861   0.10328   0.04137   0.19089  -0.64839   0.07797  -0.07930  -0.27431  -0.26557   0.28832   0.30568  -0.16677  -0.49635  -0.14092   0.14725  -0.27001   0.13492  -0.06974 
  0.09699  -0.08659  -0.15011   0.07567   0.00117   0.19626  -0.55652   0.09125   0.04749  -0.15317  -0.08998   0.11064   0.29547  -0.23606  -0.32156  -0.14525   0.14164  -0.21614   0.07567  -0.01911 
  0.10612  -0.04769  -0.14843   0.03731  -0.02816   0.20496  -0.57592   0.11056   0.09557  -0.11094  -0.05296   0.01483   0.19860  -0.11220  -0.24697  -0.02618   0.02543  -0.10550   0.01892   0.05423 
  0.05977   0.00622  -0.17291   0.05875  -0.09990   0.18659  -0.43013   0.14426   0.05655  -0.07442  -0.07132   0.04606  -0.00089  -0.04480  -0.08862   0.11489   0.01944  -0.08839  -0.05210   0.10027 
 -0.01724   0.01136  -0.14877   0.10867  -0.01594   0.01745  -0.32511   0.18096   0.02655  -0.06287  -0.05254   0.05778  -0.05091  -0.04898  -0.06737   0.14917  -0.01653  -0.07383  -0.02577   0.09149 
 -0.02469  -0.03953  -0.09844   0.12228  -0.00763   0.03323  -0.35193   0.17409  -0.03125   0.00302  -0.10638   0.08946  -0.06942  -0.00731  -0.12090   0.16863  -0.02818  -0.06861  -0.04500   0.10707 
 -0.04760  -0.01150  -0.12908   0.13595  -0.02243  -0.00704  -0.47176   0.23306  -0.05531  -0.03244  -0.08180   0.12011  -0.01804  -0.09033  -0.10664   0.17059  -0.03221  -0.06289  -0.07750   0.12558 
 -0.05008  -0.03979  -0.14877   0.16452   0.02963  -0.00815  -0.43297   0.19090  -0.04722   0.01779  -0.09156   0.08340  -0.00288  -0.00274  -0.19016   0.14601  -0.00952  -0.03381  -0.09872   0.10738 
 -0.02847  -0.00183  -0.16833   0.13563   0.00802  -0.01556  -0.61869   0.24203  -0.07295  -0.02221  -0.22127   0.17767  -0.03775  -0.04263  -0.22707   0.21648  -0.08243  -0.03501  -0.21030   0.19109 
 -0.06297  -0.02065  -0.28570   0.21141   0.23956  -0.17799  -0.45640   0.04767   0.17487  -0.29625   0.10049  -0.13179   0.16795  -0.23128  -0.00326  -0.09174   0.13412  -0.21683   0.12409  -0.07509 
  0.14863  -0.21325   0.02573  -0.04740  -0.43391   0.33145  -2.80324   0.23432  -0.24409   0.21119  -1.35301   0.20262  -0.72180   0.29591  -1.56049   0.32670  -0.57220   0.19555  -1.95861   0.26676 
 -0.47461   0.26251  -1.79479   0.25705   0.55598  -3.87864  -3.87864  -3.87864   0.55063  -3.87864  -3.87864  -3.87864   0.52695  -3.87864  -3.87864  -3.87864   0.73738  -3.87864  -3.87864  -3.87864 
  0.58690  -3.87864  -3.87864  -3.87864  -3.87864  -2.28835   0.59846  -3.87864  -3.87864  -3.87864  -3.87864  -3.87864  -3.87864  -3.87864  -3.87864  -3.87864  -3.87864  -3.87864  -3.87864  -3.87864 
 -3.87864  -2.34502   0.61735  -3.87864  -3.87864  -3.87864  -3.87864  -3.87864   0.42570  -3.87864   0.09135  -3.87864  -0.02602  -0.00540   0.07448  -0.05253  -3.87864  -3.87864  -3.87864  -3.87864 
  0.03470  -0.02466   0.08228  -0.11125  -0.14498   0.09384  -0.18576   0.16015  -0.15539   0.04627  -0.07303   0.12285  -0.08929   0.06427  -0.13095   0.13465  -0.00682   0.01396   0.03657  -0.04821 
 -0.09655   0.05059  -0.09192   0.10100   0.01991   0.17890  -0.52042   0.08390  -0.08691   0.04072  -0.04409   0.06886  -0.07359   0.06313  -0.01973   0.03867  -0.01678   0.01584  -0.04776   0.03589 
 -0.05283   0.07249  -0.10842   0.06107   0.02733   0.10172  -0.33873   0.09396  -0.03769   0.00200   0.04571  -0.00036  -0.03535   0.04165  -0.01596   0.01663  -0.06388  -0.00812   0.05996  -0.01372 
 -0.03299   0.03285  -0.03053   0.02659   0.03616   0.11185  -0.25650   0.04182  -0.05470   0.03754   0.00599   0.01314   0.03239   0.03052  -0.03474  -0.04219  -0.07163   0.04170  -0.00842   0.00770 
 -0.01219   0.05648  -0.06288   0.01022  -0.04127   0.14073  -0.10527  -0.00222  -0.05579   0.05477   0.02822  -0.02092   0.00585  -0.00751  -0.00238   0.00244  -0.09170   0.04838   0.03165  -0.02837 
 -0.04439   0.06374  -0.01152  -0.01133   0.00862   0.09516  -0.08006  -0.02562  -0.01284   0.00830   0.04082  -0.02736   0.04420   0.00424  -0.01596  -0.05135  -0.04323   0.01790   0.04465  -0.03696 
  0.00459   0.03064  -0.00209  -0.03352   0.04082   0.09566  -0.14823  -0.01112  -0.01910   0.01951  -0.02298   0.01772   0.06422   0.04525  -0.12359  -0.02351  -0.04216   0.06315  -0.05340   0.00612 
  0.02160   0.05460  -0.08898  -0.00142   0.03587   0.11776  -0.12879  -0.04405  -0.03409   0.04603  -0.02225   0.00620   0.02178   0.04335  -0.02392  -0.05379  -0.05728   0.06072   0.00641  -0.03717 
 -0.00473   0.06824  -0.04402  -0.02592  -0.00743   0.08621  -0.05750  -0.01772  -0.02417   0.03392   0.03632  -0.03757   0.00138   0.03674  -0.00356  -0.03876  -0.05557   0.07745   0.00859  -0.06251 
 -0.01632   0.05898  -0.00763  -0.03737   0.01550   0.09867  -0.11642  -0.00793  -0.04580   0.04926  -0.06303   0.03991   0.03280   0.01275  -0.03672  -0.02021  -0.08550   0.06850  -0.04237   0.01504 
 -0.00924   0.05753  -0.06759   0.01000  -0.00871   0.10020  -0.05096  -0.03729  -0.04930   0.05223  -0.02627   0.01684  -0.01004   0.05503  -0.02443  -0.02161  -0.06870   0.08998  -0.02121  -0.03996 
 -0.03371   0.07690  -0.03335  -0.01637  -0.02888   0.09557  -0.05149  -0.00997  -0.03131   0.02679   0.02394  -0.01230  -0.00666   0.01545   0.00066  -0.00817  -0.05216   0.05121   0.00689  -0.02926 
 -0.02657   0.04782  -0.00835  -0.01384   0.02174   0.07921  -0.10141  -0.00682  -0.05739   0.04033  -0.00470   0.02056  -0.00522   0.04493  -0.05691   0.01605  -0.06765   0.06821  -0.05486   0.01600 
 -0.02165   0.05857  -0.05714   0.01238  -0.00810   0.09610  -0.04776  -0.03646  -0.05200   0.05119  -0.01438   0.01207  -0.01667   0.05195  -0.05076   0.01678  -0.06969   0.07730  -0.01584  -0.02804 
 -0.03635   0.07128  -0.03360  -0.00725  -0.01982   0.09821  -0.03721  -0.03566  -0.04836   0.06898   0.00562  -0.02529  -0.02343   0.07583  -0.01290  -0.04286  -0.05704   0.05088  -0.00223  -0.01677 
 -0.03563   0.07309  -0.01496  -0.02709   0.02347   0.07310  -0.07156  -0.02739  -0.06570   0.07344  -0.05291   0.02720   0.00139   0.03314  -0.04248   0.00687  -0.10554   0.11807  -0.04359  -0.03570 
 -0.02681   0.07849  -0.05660  -0.00477   0.01874   0.06234  -0.05412  -0.02643  -0.07612   0.07422  -0.03219   0.02180  -0.01343   0.00403  -0.05883   0.06739  -0.07090   0.07580  -0.03795  -0.00514 
 -0.03347   0.06044  -0.04906   0.01474  -0.00317   0.09350  -0.01970  -0.06779  -0.03035   0.02534   0.02620  -0.01365  -0.00252   0.03223   0.00579  -0.03884  -0.01999   0.07166  -0.00976  -0.05948 
 -0.01632   0.05836  -0.00280  -0.04150   0.02264   0.06709  -0.06674  -0.02453  -0.02123   0.04304  -0.04383   0.01153   0.03473   0.06959  -0.09647  -0.03181  -0.10449   0.11994  -0.04645  -0.03631 
 -0.00160   0.07550  -0.06648  -0.01821  -0.01551   0.10018  -0.04270  -0.03738  -0.06562   0.06336  -0.02709   0.02058  -0.01500   0.03437  -0.05404   0.03639  -0.06474   0.08099  -0.03875  -0.01432 
 -0.03805   0.07189  -0.04402   0.00257   0.00054   0.07551  -0.03552  -0.03600  -0.06283   0.03560  -0.00495   0.02981  -0.02884   0.06907  -0.01899  -0.02007  -0.08259   0.07921   0.00906  -0.04819 
 -0.04145   0.06620  -0.01496  -0.01361  -0.01564   0.09129  -0.06687  -0.00603  -0.05549   0.04280  -0.06086   0.05258  -0.00277   0.02916  -0.02405  -0.00179  -0.07973   0.10653  -0.05707  -0.02237 
 -0.03347   0.07047  -0.05578   0.00957  -0.01017   0.09442  -0.04746  -0.03253  -0.06141   0.06272  -0.03378   0.02206  -0.01613   0.05886  -0.05712   0.01427  -0.09252   0.09359  -0.02866  -0.02358 
 -0.04341   0.08048  -0.04402  -0.00209  -0.02568   0.08567  -0.01984  -0.03267  -0.03564   0.04553  -0.03101   0.01419  -0.03456   0.05321  -0.00573  -0.00804  -0.06079   0.05362   0.00372  -0.02361 
 -0.03756   0.06002  -0.01669  -0.00883  -0.02227   0.10666  -0.08454  -0.00048  -0.08187   0.05571  -0.02876   0.04237   0.01050   0.05610  -0.09495   0.01709  -0.04163   0.08324  -0.05789  -0.01434 
 -0.03275   0.07610  -0.06898   0.01324  -0.00650   0.10808  -0.05784  -0.04231  -0.06704   0.05207  -0.04049   0.04133   0.01103   0.03129  -0.04898   0.00245  -0.09619   0.09557  -0.02793  -0.02479 
 -0.03853   0.07650  -0.04640  -0.00009   0.00535   0.09396  -0.04774  -0.04995  -0.01593   0.04071  -0.01260  -0.01342  -0.02268   0.05760  -0.02913  -0.00329  -0.04496   0.05728  -0.00766  -0.02646 
 -0.01770   0.06250  -0.02722  -0.02123   0.00142   0.04836  -0.04351  -0.00295  -0.04200   0.02959  -0.00473   0.01703   0.00105   0.04242  -0.05648   0.01046  -0.06172   0.07702  -0.04846  -0.00278 
 -0.02025   0.05059  -0.04166   0.00674  -0.01379   0.06821  -0.02502  -0.02248  -0.06978   0.07541  -0.02483   0.01020  -0.01538  -0.00056   0.00265   0.01718  -0.10461   0.11619  -0.06081  -0.01828 
 -0.04735   0.07370  -0.03078  -0.00231   0.01760   0.07308  -0.04216  -0.04748  -0.03579   0.05807  -0.00575  -0.01675   0.00717   0.01609  -0.01897  -0.00612  -0.02689   0.08076  -0.00889  -0.06792 
 -0.00924   0.06147  -0.02217  -0.03352   0.01791   0.08457  -0.08027  -0.02508  -0.05994   0.05203  -0.03351   0.03106   0.03273   0.03638  -0.05918  -0.02400  -0.10242   0.10112  -0.04318  -0.01477 
 -0.01586   0.06966  -0.05768  -0.00455  -0.00626   0.06287   0.00444  -0.05616  -0.04195   0.06990  -0.06781   0.01930   0.02466   0.03978  -0.05522  -0.02004  -0.11832   0.09812  -0.02258  -0.02116 
 -0.02776   0.07229  -0.03593  -0.01453   0.01560   0.04447  -0.02942  -0.02840  -0.05421   0.04344   0.02669  -0.00920   0.01316   0.03798  -0.04426  -0.01259  -0.04836   0.07031  -0.00017  -0.04827 
 -0.01563   0.05143  -0.01422  -0.02310  -0.00065   0.09623  -0.02770  -0.06558  -0.06100   0.07457  -0.01151  -0.00624  -0.01880   0.01833  -0.00914   0.01462  -0.04401   0.09412  -0.05970  -0.02519 
 -0.02799   0.07330  -0.03053  -0.02030   0.02316   0.07595  -0.03322  -0.06683  -0.08200   0.06837  -0.03986   0.03736  -0.02287   0.03155  -0.01706   0.01377  -0.12231   0.11387  -0.03762  -0.02621 
 -0.04169   0.07670  -0.03619  -0.00612  -0.01087   0.07626   0.00417  -0.06500  -0.02430   0.03754   0.00020  -0.01134  -0.00735   0.04233  -0.03248  -0.00187  -0.07536   0.07235  -0.01297  -0.02128 
 -0.02493   0.05877  -0.01373  -0.02240   0.01522   0.06719  -0.06027  -0.02160  -0.03989   0.02700  -0.05928   0.05257   0.01078   0.04072  -0.03169  -0.02547  -0.10696   0.10682  -0.07287   0.00508 
 -0.01932   0.06271  -0.05959   0.00783   0.00634   0.06159  -0.03785  -0.02625  -0.06456   0.07474  -0.06439   0.03196  -0.01517   0.02860  -0.04090   0.03063  -0.08063   0.09533  -0.05148  -0.01206 
 -0.03684   0.07128  -0.05147   0.00826  -0.01124   0.04744   0.00409  -0.03417  -0.02265   0.02159  -0.02815   0.02268  -0.01387   0.02925  -0.01155  -0.00059  -0.05063   0.08917  -0.05192  -0.02145 
 -0.02399   0.05207  -0.02620  -0.00455   0.01835   0.10197  -0.10163  -0.02636  -0.05648   0.06218  -0.03867   0.02155  -0.03450   0.06843  -0.03124   0.00061  -0.07987   0.11148  -0.09495   0.00192 
 -0.03371   0.08812  -0.07038   0.00190  -0.01348   0.09739  -0.03673  -0.04237  -0.05962   0.05144  -0.02932   0.02864  -0.02088   0.06623  -0.02404  -0.02141  -0.12317   0.09552  -0.04090   0.00105 
 -0.04958   0.07968  -0.03774  -0.00098  -0.02421   0.08512  -0.03029  -0.02345  -0.02954   0.04632  -0.00575  -0.01055  -0.00846   0.02730  -0.00553  -0.01195  -0.05358   0.06652   0.00007  -0.04024 
 -0.02728   0.05877  -0.01398  -0.01984   0.02406   0.06378  -0.06549  -0.02403  -0.08062   0.05398   0.00310   0.02149   0.02843   0.03902  -0.06504  -0.01498  -0.08880   0.09560  -0.04590  -0.01269 
 -0.02048   0.06558  -0.04640  -0.00500   0.01565   0.06560  -0.02675  -0.05255  -0.09642   0.05163  -0.01091   0.04576  -0.02174   0.04017  -0.02913   0.01519  -0.09440   0.09727  -0.02484  -0.03098 
 -0.04513   0.06742  -0.02620  -0.00142  -0.00384   0.06987  -0.01507  -0.04546  -0.04130   0.06147   0.01242  -0.02943  -0.00338   0.04438  -0.02683  -0.01531  -0.07570   0.09240  -0.03115  -0.02939 
 -0.02752   0.07088  -0.01893  -0.02875   0.03227   0.04423  -0.04814  -0.03059  -0.05524   0.05730  -0.02036   0.01303  -0.01238   0.03113  -0.00240  -0.01456  -0.08458   0.10920  -0.09146   0.00474 
 -0.02165   0.06456  -0.04482  -0.00410   0.00454   0.04639  -0.02657  -0.02014  -0.07673   0.05707  -0.02037   0.03152  -0.02427   0.02691  -0.05202   0.05252  -0.09989   0.09181  -0.03121  -0.01488 
 -0.04463   0.06064  -0.03515   0.01302  -0.00703   0.07530  -0.00754  -0.05554  -0.02820   0.06099   0.00326  -0.03493  -0.01463   0.03925  -0.02451   0.00281  -0.03452   0.07730  -0.00637  -0.06042 
 -0.02212   0.06702  -0.01128  -0.03713   0.02449   0.09121  -0.09650  -0.02632  -0.06212   0.06689  -0.02496   0.01251  -0.00729   0.05444  -0.06311   0.01378  -0.02576   0.07931  -0.03356  -0.04163 
