IntronPotTab 1 1024 -50.26893 3.40178 65.75338 42681 6 16  748.64
    0.00562
   -0.03074
    0.05103
   -0.02378
    0.00540
   -0.05699
   -0.07195
    0.03867
   -0.01383
    0.02048
   -0.01448
    0.01694
   -0.03476
   -0.03691
    0.05986
    0.01298
   -0.03468
   -0.04475
    0.11713
    0.02013
    0.01299
   -0.10448
   -0.06889
    0.07424
   -0.03731
   -0.02617
    0.01878
    0.04674
   -0.03702
   -0.11990
    0.13395
    0.03164
   -0.01323
   -0.05172
   -0.00711
    0.05012
   -0.01396
   -0.06672
   -0.06341
    0.05755
   -0.00330
   -0.00931
    0.00174
    0.00754
   -0.00522
   -0.09745
    0.01848
    0.03468
   -0.04427
   -0.00175
    0.06422
    0.01407
   -0.05079
    0.00417
   -0.13640
    0.08514
   -0.04327
    0.03818
   -0.00697
    0.03332
   -0.06260
   -0.02901
    0.05520
    0.02676
   -0.01149
   -0.01579
    0.01354
    0.01636
   -0.02250
   -0.02767
   -0.02563
    0.04948
   -0.03028
   -0.01870
   -0.04712
    0.07031
   -0.04593
   -0.03201
    0.03175
    0.03549
   -0.02165
   -0.04978
    0.07636
    0.02446
   -0.05163
    0.01695
    0.00788
    0.03748
   -0.02389
   -0.04729
   -0.00841
    0.05952
   -0.05956
   -0.04303
    0.10251
    0.02222
   -0.02759
   -0.05757
    0.06497
    0.02163
    0.01098
   -0.06826
   -0.05547
    0.06476
   -0.01029
   -0.04851
    0.01096
    0.02824
   -0.01049
   -0.07391
    0.02612
    0.02927
   -0.03583
   -0.02187
    0.05141
    0.01702
   -0.08042
    0.03133
   -0.08612
    0.08426
   -0.07376
   -0.00857
   -0.01292
    0.10327
   -0.06018
    0.00097
    0.02041
    0.02413
   -0.00661
   -0.01421
    0.00347
    0.01470
    0.01260
   -0.03020
   -0.04021
    0.01559
    0.00005
    0.01222
   -0.01911
    0.00921
   -0.02473
   -0.03900
    0.02708
    0.01979
   -0.02997
   -0.02723
    0.03495
    0.02692
   -0.00342
   -0.06111
   -0.03764
    0.04453
   -0.03188
    0.01123
   -0.00530
    0.04002
   -0.05230
   -0.08051
    0.11733
    0.02351
    0.00589
   -0.07251
    0.00598
    0.02338
    0.00524
   -0.04916
   -0.06267
    0.03998
    0.02571
   -0.06496
    0.05950
   -0.04220
   -0.04567
   -0.05508
    0.03846
    0.03498
   -0.02870
   -0.01602
    0.03973
    0.00942
   -0.02263
   -0.01173
   -0.09054
    0.05985
   -0.03389
    0.04534
   -0.00308
    0.01475
   -0.02516
   -0.03122
    0.00732
    0.02647
   -0.02712
    0.02022
    0.03706
    0.00301
   -0.02837
   -0.03030
   -0.06811
    0.06308
   -0.02512
   -0.00615
    0.00008
    0.02901
   -0.04619
    0.00888
    0.05650
    0.00826
   -0.04542
   -0.02572
    0.10423
    0.01655
   -0.03241
   -0.00137
   -0.07754
    0.05182
   -0.03639
   -0.05883
    0.00034
    0.07542
   -0.07329
   -0.06575
    0.12674
    0.02393
   -0.01557
   -0.00521
   -0.01566
    0.03027
   -0.03569
   -0.03192
   -0.10419
    0.07580
    0.00857
   -0.02525
   -0.05037
    0.03485
   -0.04158
   -0.03553
    0.00845
    0.03996
   -0.04330
    0.02726
    0.06307
   -0.00463
   -0.06078
    0.02208
   -0.15123
    0.08226
   -0.04138
    0.05068
   -0.01399
    0.02790
   -0.05221
    0.00958
    0.05405
   -0.00209
   -0.01209
   -0.02315
    0.02255
    0.01457
   -0.01429
   -0.03147
   -0.12207
    0.05236
   -0.05193
   -0.00223
   -0.01517
    0.06006
   -0.05095
   -0.02191
    0.04067
    0.02592
   -0.05357
   -0.00447
    0.10503
    0.02488
   -0.00812
   -0.02971
   -0.10121
    0.05539
   -0.07141
   -0.00271
    0.00560
    0.07153
   -0.06138
   -0.08296
    0.13087
    0.02635
    0.00371
   -0.05324
   -0.00707
    0.02649
   -0.01563
   -0.07087
   -0.17718
    0.09189
    0.02633
   -0.03371
    0.01722
   -0.02181
   -0.02310
   -0.05713
    0.02208
    0.02754
   -0.05537
   -0.02333
    0.03091
    0.04593
   -0.06296
   -0.02800
   -0.13722
    0.11066
   -0.06908
    0.01831
   -0.03437
    0.07491
   -0.04727
   -0.05963
    0.04055
    0.03226
    0.00419
   -0.03164
   -0.02198
    0.03383
   -0.01839
    0.01463
   -0.19316
    0.06436
   -0.03608
   -0.01801
   -0.05815
    0.08276
   -0.04056
   -0.00800
   -0.00011
    0.03587
   -0.04853
    0.01558
    0.10234
    0.01184
   -0.09699
    0.11332
   -0.19500
    0.04194
   -0.10894
    0.08428
    0.00231
    0.07349
   -0.12624
   -0.00597
    0.11785
    0.04036
   -0.01362
   -0.04924
    0.05828
    0.00294
    0.02425
   -0.02062
   -0.13862
    0.04166
   -0.01459
   -0.05128
    0.02461
    0.02948
   -0.05368
   -0.02962
   -0.00371
    0.06545
   -0.06219
   -0.02209
    0.00811
    0.07689
   -0.08099
    0.02272
   -0.09589
    0.07786
   -0.06874
   -0.01498
   -0.04506
    0.11419
   -0.07572
   -0.02744
   -0.00416
    0.06108
   -0.00688
   -0.01005
    0.04099
   -0.01476
    0.04176
   -0.04418
   -0.18893
    0.05445
   -0.03499
    0.00304
    0.02360
    0.01436
   -0.00497
   -0.09140
    0.03331
    0.03363
   -0.02787
    0.07573
    0.00740
   -0.02549
   -0.04083
    0.04660
   -0.25340
    0.11496
   -0.03987
    0.01561
   -0.04740
    0.06841
   -0.04367
   -0.05997
    0.02372
    0.05058
    0.01738
   -0.08060
   -0.00802
    0.03597
    0.06299
   -0.08470
   -0.25964
    0.12946
   -0.00535
   -0.06168
   -0.02625
    0.05502
   -0.02573
   -0.10690
    0.01654
    0.06290
   -0.01617
   -0.00844
   -0.04670
    0.05549
   -0.01156
   -0.06803
   -0.18833
    0.12931
   -0.06444
    0.06194
   -0.10316
    0.11440
   -0.03444
   -0.04489
   -0.00962
    0.04750
   -0.03963
   -0.01253
   -0.05186
    0.08289
   -0.02998
    0.00120
   -0.20445
    0.06933
   -0.03870
   -0.00310
   -0.05685
    0.07211
   -0.03844
   -0.01374
   -0.00290
    0.03609
   -0.04942
   -0.01619
    0.07717
    0.03504
   -0.02245
    0.01480
   -0.12778
    0.04454
   -0.05645
   -0.05914
   -0.00229
    0.10080
   -0.06033
   -0.03560
    0.11654
    0.01256
   -0.02584
   -0.03479
   -0.03928
    0.06710
   -0.02867
   -0.06624
   -0.07178
    0.07422
   -0.01547
   -0.05761
   -0.02483
    0.06123
   -0.03537
   -0.06984
   -0.00230
    0.05619
   -0.02720
    0.01924
   -0.05064
    0.04681
   -0.05634
    0.01758
   -0.11654
    0.06057
   -0.07521
    0.04339
   -0.05237
    0.08712
   -0.04661
   -0.03916
    0.01072
    0.03840
   -0.02177
    0.00900
   -0.00236
    0.02524
   -0.00512
   -0.07759
   -0.11938
    0.06789
   -0.05272
    0.00327
   -0.02448
    0.07866
   -0.01866
   -0.02935
    0.00997
    0.02160
   -0.02629
   -0.03374
    0.07032
    0.01748
    0.00554
   -0.06000
   -0.12997
    0.06679
   -0.02020
   -0.04937
    0.01222
    0.03855
   -0.01748
   -0.09349
    0.13750
   -0.00036
    0.00291
   -0.00585
   -0.02897
    0.02241
   -0.01211
   -0.07684
   -0.09130
    0.06773
   -0.03009
   -0.04314
    0.03296
    0.03422
    0.01091
   -0.06797
    0.02981
    0.00546
   -0.01379
   -0.03806
    0.01742
    0.02034
   -0.03454
   -0.02381
   -0.18993
    0.10397
   -0.06282
    0.03288
   -0.00661
    0.06024
   -0.00915
   -0.04081
    0.03399
    0.00547
   -0.00418
   -0.03495
   -0.01296
    0.03914
   -0.02859
   -0.01765
   -0.10239
    0.07411
   -0.00307
   -0.07697
   -0.05598
    0.09391
   -0.02437
   -0.02731
   -0.01652
    0.04835
   -0.03535
   -0.03244
    0.03338
    0.04912
   -0.01854
    0.03033
   -0.11505
    0.03145
   -0.06037
   -0.00827
   -0.01829
    0.10080
   -0.07659
   -0.06547
    0.09770
    0.05241
    0.03040
   -0.02973
   -0.00425
   -0.01032
    0.06476
   -0.16434
   -0.09385
    0.10384
   -0.03640
   -0.07022
    0.10929
   -0.00692
    0.01770
   -0.07716
    0.01411
    0.01877
   -0.02807
   -0.02196
   -0.00805
    0.04904
   -0.03741
   -0.03010
   -0.12635
    0.10122
   -0.05880
   -0.05657
   -0.02700
    0.15458
   -0.01674
   -0.04394
   -0.02062
    0.05162
   -0.00724
   -0.04948
    0.01238
    0.02665
    0.03851
   -0.09899
   -0.13687
    0.05850
   -0.00649
   -0.04122
   -0.00055
    0.03092
    0.01350
   -0.08658
   -0.01564
    0.04486
   -0.04120
   -0.03974
    0.04668
    0.03654
   -0.01190
   -0.01462
   -0.16749
    0.06375
   -0.07795
   -0.04610
    0.05687
    0.07969
   -0.06058
   -0.08217
    0.07669
    0.04617
   -0.00812
   -0.08259
    0.01164
    0.04216
    0.00200
   -0.04588
   -0.05853
    0.04430
   -0.01793
   -0.08457
    0.08887
   -0.02941
    0.02478
   -0.09206
    0.05184
   -0.00956
   -0.02940
   -0.05404
    0.06937
    0.00583
   -0.00348
   -0.08132
   -0.13659
    0.09957
   -0.07515
    0.03492
    0.03112
    0.02956
    0.01215
   -0.05783
    0.00297
    0.01972
   -0.01718
    0.00795
   -0.02529
    0.02987
   -0.01284
   -0.04998
   -0.12606
    0.06739
   -0.01807
   -0.00913
   -0.05812
    0.05837
   -0.02881
   -0.01798
    0.00323
    0.02926
   -0.02247
   -0.04086
    0.05431
    0.02257
    0.01763
   -0.04266
   -0.15363
    0.04839
    0.00387
    0.00713
   -0.03577
    0.01697
   -0.07196
   -0.01882
    0.09739
    0.01381
    0.00676
   -0.04366
   -0.03644
    0.03498
   -0.01948
   -0.09214
   -0.01937
    0.07152
    0.00243
   -0.04881
    0.00422
    0.01912
    0.00549
   -0.05199
   -0.00194
    0.02078
   -0.01233
    0.02455
   -0.03232
    0.01843
   -0.04569
   -0.01936
   -0.14632
    0.09111
   -0.05354
    0.04182
   -0.03457
    0.05394
   -0.05528
    0.01896
    0.01800
    0.01265
   -0.02770
   -0.00472
    0.04314
    0.01320
   -0.01495
   -0.03437
   -0.11430
    0.05022
   -0.01732
    0.03838
   -0.03850
    0.02253
   -0.04967
    0.02093
    0.05301
    0.00252
   -0.05663
    0.00639
    0.09539
    0.02192
   -0.02362
   -0.03968
   -0.11098
    0.06794
   -0.03622
    0.00500
   -0.05989
    0.07212
   -0.06822
   -0.08153
    0.14479
    0.02678
   -0.01191
   -0.04632
    0.00298
    0.03565
   -0.00872
   -0.08934
   -0.09494
    0.06515
    0.02623
   -0.03577
   -0.06789
    0.03898
   -0.03364
   -0.04711
    0.00243
    0.04047
   -0.03797
    0.00498
    0.05188
    0.00535
   -0.05334
    0.01003
   -0.14480
    0.07951
   -0.07327
    0.06107
   -0.01413
    0.04461
   -0.05126
    0.00969
    0.04589
    0.00556
   -0.00782
   -0.03517
   -0.02868
    0.05145
   -0.03062
   -0.05521
   -0.10602
    0.09398
   -0.02596
   -0.03349
   -0.03992
    0.06393
   -0.05320
   -0.03581
    0.00309
    0.05784
   -0.04311
   -0.02549
    0.04942
    0.03807
   -0.03606
    0.00794
   -0.12467
    0.05719
   -0.01170
   -0.04819
   -0.07206
    0.07864
   -0.06119
   -0.08011
    0.13471
    0.03643
    0.00115
   -0.01152
   -0.00994
    0.01249
    0.04512
   -0.11368
   -0.09837
    0.08583
    0.06474
   -0.11307
   -0.06975
    0.04055
   -0.01550
   -0.02751
   -0.03225
    0.04848
   -0.04635
    0.00329
    0.00622
    0.03775
   -0.06818
   -0.00192
   -0.12036
    0.08011
   -0.06979
    0.00759
   -0.05470
    0.09830
   -0.03287
   -0.04358
   -0.00087
    0.04289
   -0.01508
   -0.01043
    0.00557
    0.01970
    0.02071
   -0.04625
   -0.11651
    0.03171
    0.00660
    0.03947
   -0.02060
   -0.01275
   -0.01628
   -0.04077
   -0.00887
    0.03697
   -0.03501
   -0.00815
   -0.00079
    0.03553
    0.00322
   -0.07968
   -0.11324
    0.06111
   -0.05131
    0.03287
   -0.04582
    0.06528
   -0.05329
   -0.08204
    0.08646
    0.03197
    0.00846
   -0.05364
   -0.01070
    0.02524
    0.02667
   -0.05627
   -0.19877
    0.06135
    0.03382
   -0.05262
    0.00158
   -0.01201
   -0.02749
   -0.07473
    0.00249
    0.05169
   -0.01541
   -0.00846
    0.02943
   -0.00009
   -0.02105
   -0.02776
   -0.12929
    0.07176
   -0.06372
    0.04684
   -0.01604
    0.04646
   -0.01877
   -0.02542
   -0.02182
    0.03608
   -0.04334
    0.03706
    0.01966
    0.02112
   -0.02525
   -0.03311
   -0.11565
    0.06188
   -0.02805
    0.01232
   -0.06113
    0.05590
   -0.03977
    0.04294
    0.01575
    0.00037
   -0.05254
   -0.00752
    0.06655
    0.02839
   -0.03221
   -0.00830
   -0.10489
    0.05371
   -0.03393
    0.00755
   -0.03654
    0.05560
   -0.07524
   -0.03482
    0.15212
   -0.00141
   -0.02362
    0.00608
   -0.03663
    0.04703
   -0.03774
   -0.06268
   -0.09810
    0.08239
    0.00371
   -0.03468
   -0.06243
    0.05482
   -0.04820
   -0.01409
   -0.00853
    0.03936
   -0.04797
    0.04574
    0.01477
    0.01538
   -0.06930
    0.01577
   -0.13226
    0.07242
   -0.05767
    0.04914
   -0.02298
    0.05115
   -0.07716
    0.00802
    0.04476
    0.01717
