IntronPotTab 1 1024 -11.27173 5.88196 28.27099 7257 6 16  611.13
    0.01956
   -0.06073
   -0.09492
   -0.02596
    0.00980
   -0.01787
   -0.06032
    0.00711
   -0.00437
   -0.01305
   -0.01031
    0.01636
    0.04011
   -0.06661
   -0.07641
   -0.00232
   -0.01091
    0.02344
   -0.02693
    0.02415
   -0.00224
    0.00316
   -0.01419
    0.00745
    0.02519
   -0.04477
   -0.08787
    0.00399
    0.03240
   -0.05605
   -0.06861
    0.01944
    0.01024
   -0.02330
   -0.02042
   -0.00223
   -0.00294
   -0.00661
    0.01141
    0.00482
    0.00153
   -0.00294
   -0.00099
   -0.00047
    0.00840
   -0.02076
   -0.01571
    0.00360
    0.01693
   -0.08043
   -0.09983
    0.00493
    0.00090
   -0.01291
   -0.01682
    0.00803
    0.00324
   -0.00795
   -0.01773
    0.01257
    0.02007
   -0.06936
   -0.06789
    0.02680
    0.04632
   -0.07174
   -0.02267
    0.01685
    0.06859
   -0.07575
   -0.11682
    0.00180
    0.03811
   -0.05687
   -0.04096
    0.00761
    0.08218
   -0.08361
   -0.04390
   -0.00700
    0.00409
   -0.00391
   -0.01512
    0.00308
   -0.01435
    0.03614
   -0.02407
    0.00608
   -0.00164
   -0.01362
    0.02511
   -0.00192
    0.02727
   -0.04987
   -0.03936
    0.02187
    0.03254
   -0.08616
   -0.02873
    0.00840
    0.05990
   -0.03025
   -0.19070
   -0.03589
    0.01394
   -0.09899
    0.05426
    0.00924
   -0.01843
    0.06506
   -0.02576
    0.00454
    0.09237
   -0.11678
   -0.10051
   -0.01247
   -0.01154
   -0.01268
    0.01774
    0.01244
    0.00402
   -0.00354
   -0.02052
    0.01454
    0.02238
   -0.07617
   -0.04817
    0.03355
    0.01619
   -0.02140
   -0.05136
    0.00570
    0.00044
    0.00017
   -0.08484
    0.02901
    0.00368
   -0.06762
    0.01805
   -0.00177
    0.02337
   -0.03496
   -0.01563
    0.00001
   -0.02103
    0.05496
   -0.01931
    0.01261
   -0.01465
    0.02915
    0.03090
    0.00430
   -0.00295
   -0.03301
   -0.03082
    0.05926
    0.00210
   -0.01440
   -0.01298
    0.01267
    0.00494
   -0.01008
   -0.01901
    0.00438
    0.02012
   -0.03951
   -0.09148
    0.01768
   -0.02039
   -0.00566
    0.03125
    0.00243
   -0.00506
    0.01270
   -0.01722
    0.01405
    0.01201
   -0.03518
   -0.04552
    0.01967
    0.00267
   -0.02225
   -0.02851
    0.01939
   -0.00060
    0.00751
   -0.02367
    0.02450
   -0.00329
   -0.05159
   -0.01451
    0.02155
    0.00705
   -0.07327
   -0.07757
    0.00695
    0.01053
   -0.05909
   -0.06230
    0.03706
    0.01993
   -0.05655
    0.03937
   -0.01571
    0.06257
   -0.08926
   -0.09191
   -0.00646
   -0.00411
    0.00176
   -0.03843
    0.01324
   -0.00791
    0.03286
   -0.05744
    0.01283
   -0.00719
    0.02524
   -0.06260
    0.02784
    0.01831
   -0.02268
   -0.03436
    0.00684
    0.00542
    0.01291
   -0.00703
   -0.00601
   -0.00120
   -0.01770
   -0.06301
    0.01617
    0.00728
    0.01880
    0.01995
   -0.01242
    0.00798
   -0.04086
    0.01314
   -0.00112
    0.00158
   -0.09049
   -0.11533
    0.02620
   -0.01236
   -0.02426
   -0.01721
    0.03058
   -0.00446
   -0.00089
   -0.02412
    0.02220
    0.00083
   -0.08528
   -0.09555
    0.04022
    0.02603
   -0.01759
   -0.03714
   -0.01363
   -0.01562
    0.02452
   -0.00922
    0.02390
    0.00613
   -0.02990
    0.03097
   -0.00952
    0.02303
   -0.02163
   -0.05514
    0.00863
   -0.05538
    0.13042
   -0.08924
    0.01838
   -0.02044
    0.09671
    0.00798
    0.01995
   -0.01524
    0.03545
    0.01333
    0.00480
   -0.01250
    0.00257
   -0.05349
    0.02757
    0.01241
   -0.02696
   -0.00605
   -0.00457
   -0.01000
   -0.01155
    0.02408
    0.01915
   -0.01083
   -0.05521
    0.02723
    0.00699
   -0.03036
   -0.00802
   -0.00410
    0.01996
   -0.00289
   -0.01487
   -0.07847
    0.02447
    0.00358
    0.00081
   -0.02252
   -0.00293
    0.01076
    0.01195
   -0.01141
   -0.00789
   -0.01935
   -0.01698
   -0.04412
    0.03524
    0.01593
   -0.02206
   -0.01831
   -0.00085
    0.03045
   -0.03202
   -0.00949
    0.01364
    0.00089
   -0.00492
   -0.01028
    0.00553
    0.03264
   -0.04273
   -0.02211
    0.00895
   -0.00262
    0.05839
   -0.06758
   -0.01227
   -0.06733
    0.09254
   -0.13769
    0.04266
   -0.01398
   -0.12002
    0.01855
    0.07496
   -0.03907
    0.04115
   -0.05923
    0.00969
    0.00951
    0.02803
   -0.00525
   -0.01309
    0.04167
   -0.05793
   -0.06332
    0.02045
    0.07594
   -0.14504
    0.03212
   -0.00440
   -0.04221
    0.05254
   -0.03647
    0.00780
    0.01368
   -0.05303
   -0.00967
    0.00352
   -0.01459
    0.04097
   -0.03783
   -0.00476
   -0.02549
    0.02533
   -0.02077
    0.02861
   -0.00054
   -0.04906
   -0.03569
    0.02728
    0.01565
   -0.05510
   -0.05212
    0.01693
    0.01294
   -0.00635
   -0.01640
   -0.00708
   -0.01833
   -0.01949
   -0.04077
    0.03911
   -0.01536
   -0.00294
   -0.02478
    0.02602
    0.00878
    0.04918
   -0.06667
   -0.01384
   -0.00689
   -0.03012
    0.00588
    0.03091
    0.04164
    0.09881
   -0.20816
   -0.03989
   -0.03188
    0.01652
   -0.00671
    0.02376
    0.02987
    0.02410
   -0.08844
   -0.01779
   -0.02716
    0.12018
   -0.09018
    0.00879
    0.04537
   -0.00176
    0.04591
   -0.04233
    0.00491
    0.04357
   -0.01174
   -0.00884
    0.04983
   -0.03580
   -0.07044
   -0.01427
   -0.00502
   -0.00394
    0.00051
    0.01202
   -0.00201
   -0.01487
   -0.03920
    0.04156
   -0.00189
   -0.02682
   -0.02308
    0.02446
   -0.05009
    0.08044
   -0.13451
    0.04763
   -0.00463
   -0.01316
    0.00625
    0.01246
   -0.00244
    0.00580
    0.00081
    0.00057
    0.01179
   -0.01055
   -0.05411
    0.00737
   -0.02461
    0.05873
   -0.01861
    0.01549
   -0.03193
    0.11228
   -0.01869
    0.01745
    0.00734
    0.02379
   -0.09071
    0.01132
   -0.00806
    0.07349
   -0.09546
    0.00516
   -0.00554
    0.02173
   -0.05085
    0.00805
    0.01692
    0.00417
   -0.06460
   -0.01138
    0.01715
    0.02298
   -0.00759
   -0.00931
    0.00013
    0.00225
   -0.02965
    0.00625
    0.01014
   -0.05879
   -0.07017
    0.02738
   -0.01256
    0.00416
   -0.05221
    0.02223
   -0.00128
    0.00873
   -0.01316
    0.00670
   -0.03373
   -0.02814
   -0.06249
    0.04010
    0.01589
   -0.04375
   -0.03832
    0.00386
   -0.00044
   -0.00336
   -0.01588
    0.00866
   -0.00339
    0.00426
   -0.01239
    0.01217
    0.03322
   -0.04147
   -0.01123
   -0.00136
    0.00186
   -0.02224
   -0.03820
    0.01758
    0.00569
   -0.00261
    0.05632
   -0.02678
    0.01141
   -0.17132
    0.06153
   -0.01478
    0.02017
   -0.00007
   -0.06671
    0.00948
   -0.00235
   -0.00345
    0.04787
   -0.02121
   -0.00218
    0.01618
    0.05089
   -0.02126
   -0.01048
   -0.04525
    0.01007
    0.01790
   -0.01577
   -0.00892
    0.00850
    0.00718
    0.01175
   -0.04636
   -0.04004
    0.01245
    0.00006
    0.00583
   -0.02180
    0.00205
   -0.01068
    0.00364
   -0.00286
    0.02663
   -0.00210
   -0.03104
   -0.00323
    0.01256
    0.02506
   -0.02593
   -0.03089
   -0.00037
    0.01149
    0.02703
   -0.11573
   -0.02784
   -0.01975
   -0.00218
   -0.03120
    0.03469
    0.01875
   -0.04772
    0.00496
    0.01323
   -0.02268
    0.04117
   -0.03318
    0.01522
    0.04235
   -0.11227
   -0.08768
   -0.01911
    0.02552
   -0.01990
   -0.07331
    0.00657
   -0.01639
   -0.04715
    0.03659
    0.02654
    0.00927
   -0.02443
    0.00733
   -0.00287
    0.02565
   -0.00430
   -0.19063
    0.00581
   -0.01617
    0.00518
    0.11074
   -0.02410
    0.00496
   -0.06665
    0.06472
   -0.00934
    0.00770
   -0.01096
   -0.02671
    0.00184
    0.01428
    0.00371
   -0.05520
   -0.00745
    0.02577
   -0.01034
   -0.01442
   -0.01085
    0.01351
   -0.02208
   -0.01153
    0.01312
    0.03065
   -0.05571
   -0.06212
   -0.00075
    0.05690
   -0.03200
   -0.08577
   -0.02772
    0.00664
    0.00610
   -0.03615
    0.01459
    0.02102
   -0.04637
   -0.03082
    0.01769
    0.00829
    0.02327
   -0.07770
    0.01487
    0.00873
    0.03504
    0.01175
   -0.05986
    0.01705
    0.01910
   -0.02666
   -0.01913
   -0.04227
   -0.01896
    0.01411
    0.02464
    0.02952
   -0.08717
   -0.02229
   -0.01854
    0.04794
   -0.04749
   -0.05833
   -0.03461
    0.01376
    0.01238
    0.03502
   -0.03302
   -0.01255
   -0.00488
   -0.01019
    0.01806
    0.00692
    0.01671
   -0.02720
   -0.00405
   -0.01123
   -0.00194
   -0.01380
    0.02484
    0.00084
    0.00104
   -0.01670
    0.01854
    0.02119
   -0.03980
   -0.02951
    0.02109
    0.02358
   -0.04878
    0.00958
   -0.01410
   -0.00886
    0.00308
    0.04245
    0.00035
    0.01822
   -0.02240
    0.04861
   -0.01453
    0.03812
   -0.04473
   -0.03452
    0.00379
   -0.01458
    0.01164
    0.03933
    0.00511
    0.00033
    0.03141
    0.03980
   -0.02434
   -0.02147
    0.03632
   -0.00133
    0.00796
    0.02519
    0.02039
   -0.02665
   -0.01658
   -0.00031
    0.03826
    0.02276
   -0.01009
   -0.00436
    0.01338
    0.08731
   -0.01502
    0.02679
    0.00132
    0.04042
   -0.01537
   -0.02396
   -0.04091
    0.06870
   -0.01402
   -0.00171
   -0.04424
    0.00055
    0.01426
    0.00128
   -0.00979
   -0.03072
    0.00844
   -0.00069
   -0.00885
   -0.00902
    0.00548
   -0.00259
   -0.05347
   -0.03569
    0.02686
    0.01735
   -0.04186
   -0.08613
    0.00384
    0.00396
   -0.01699
   -0.10170
    0.02061
    0.00250
   -0.01451
    0.01837
   -0.00800
    0.01351
   -0.06976
   -0.12476
    0.02840
   -0.02093
    0.00671
   -0.04617
    0.04478
   -0.00250
    0.01213
    0.01031
    0.00032
    0.02096
   -0.04250
   -0.01632
   -0.01348
    0.04847
   -0.06582
   -0.07582
   -0.01084
    0.01186
   -0.06145
   -0.03436
    0.01165
    0.01410
   -0.02794
    0.00583
   -0.01681
    0.01832
   -0.02371
    0.01023
   -0.01160
   -0.01300
   -0.02055
   -0.05386
    0.03742
   -0.02438
   -0.05176
   -0.09877
    0.04877
   -0.00346
    0.00488
   -0.05290
    0.01729
   -0.01788
   -0.00502
   -0.02264
    0.03791
    0.01104
   -0.10985
   -0.13239
    0.03102
    0.01667
   -0.04185
   -0.03912
    0.01130
    0.03089
   -0.04192
   -0.03509
    0.02456
   -0.00677
   -0.01974
   -0.02766
    0.02612
    0.02975
   -0.05576
   -0.01409
    0.02021
   -0.00732
   -0.00954
    0.01138
    0.01188
   -0.04524
    0.10643
   -0.09744
    0.03888
   -0.02591
    0.04253
    0.06613
   -0.00789
    0.03983
   -0.04522
   -0.04245
    0.01932
    0.02540
   -0.04587
    0.00067
   -0.01094
   -0.02857
    0.03334
    0.10063
   -0.01561
    0.05111
   -0.01592
    0.03837
   -0.03913
   -0.00345
    0.00604
   -0.03516
    0.01132
    0.01986
   -0.05987
   -0.06515
    0.00820
   -0.00315
   -0.01212
   -0.02832
    0.00781
   -0.01532
   -0.03022
    0.03032
    0.00759
    0.00430
   -0.06823
   -0.03636
    0.03189
    0.01084
   -0.00122
   -0.04568
    0.00610
    0.00612
   -0.00626
   -0.00962
    0.00190
    0.01158
   -0.01464
   -0.03163
    0.00885
    0.02200
   -0.01951
   -0.03414
    0.01066
   -0.01448
    0.03430
   -0.01325
    0.00934
   -0.01251
    0.05273
    0.06647
   -0.03412
   -0.02822
    0.03343
   -0.04456
    0.03746
    0.00280
    0.00719
   -0.02573
    0.01690
    0.00865
   -0.00046
   -0.04042
    0.00654
    0.00274
    0.01348
   -0.03217
    0.00150
    0.00382
   -0.04173
    0.05021
   -0.01663
   -0.00649
    0.01848
   -0.02198
    0.02197
   -0.01260
   -0.01418
   -0.04467
    0.03461
    0.01038
   -0.00329
   -0.01495
   -0.00806
   -0.02838
   -0.01620
   -0.04483
    0.06150
    0.00314
   -0.02807
   -0.04239
    0.04600
   -0.00928
   -0.03401
   -0.09892
    0.02577
   -0.01167
   -0.04838
   -0.01200
    0.05040
   -0.00962
   -0.05360
   -0.00950
    0.02878
   -0.02364
   -0.11627
   -0.14543
    0.03054
   -0.01165
   -0.00572
   -0.05062
    0.02974
   -0.00737
    0.01539
   -0.08897
    0.01924
   -0.00910
    0.01188
   -0.04724
    0.02334
    0.01417
   -0.01851
   -0.05782
    0.00947
    0.00623
    0.00820
   -0.02483
   -0.00271
    0.00559
    0.00339
   -0.00372
   -0.00763
    0.00381
   -0.00339
    0.01561
   -0.00587
    0.00274
   -0.02150
   -0.02499
    0.00695
   -0.02433
   -0.07925
   -0.11672
    0.05237
   -0.01619
    0.01827
   -0.04608
    0.02022
   -0.01483
   -0.03169
   -0.01411
    0.03304
   -0.02766
   -0.08953
   -0.15783
    0.02740
