7 20 1 1 49 -2.4160 2.0611 3.7207 6717
  0.01410   0.00345   0.03345  -0.02615  -0.00146   0.01983   0.04750  -0.01654   0.03113  -0.05442  -0.08308  -0.00735  -0.00486   0.07330  -0.03756   0.00120   0.00632   0.05911   0.03594  -0.03103 
  0.00874   0.02786   0.01876  -0.02333   0.00631  -0.02193   0.17650  -0.05985   0.03482  -0.05674  -0.02249  -0.02393  -0.04360   0.04328   0.06023   0.00175  -0.00718   0.05214   0.05965  -0.02861 
  0.00547   0.00855   0.09096  -0.03891  -0.00329   0.04508   0.09519  -0.03696   0.03922  -0.03032  -0.11232  -0.03059   0.02463   0.13117  -0.12673  -0.01647  -0.01646   0.06634   0.00624  -0.00944 
  0.00809   0.05045   0.00699  -0.02651   0.01914  -0.02995   0.08787  -0.04428   0.03266  -0.10142  -0.01706   0.00115  -0.03818   0.10446   0.01841  -0.00108   0.00915   0.06220   0.05378  -0.04010 
  0.01731   0.01080   0.04868  -0.03727   0.00924  -0.00549   0.13604  -0.05350   0.02154  -0.03969   0.09721  -0.03698  -0.05346   0.06276   0.04949   0.01147  -0.00484   0.07840   0.07805  -0.04494 
  0.00563   0.02732   0.09049  -0.04516  -0.00808   0.05081   0.06773  -0.02336   0.02477  -0.02840  -0.13108  -0.00258  -0.01185   0.17955  -0.02573  -0.03768  -0.02528   0.07536   0.04532  -0.01938 
 -0.00217   0.06357   0.02915  -0.02722  -0.00930  -0.01446   0.11662  -0.01656   0.02550  -0.06803  -0.13162   0.01661  -0.01910   0.09154   0.01486  -0.01507   0.03444   0.05464   0.06577  -0.06018 
  0.01135   0.01748   0.05788  -0.03600  -0.00882  -0.03146   0.16221  -0.02858   0.01035   0.02617  -0.03186  -0.02735  -0.00751   0.11850   0.00105  -0.03103   0.00038   0.07306   0.08555  -0.04966 
  0.00150   0.03534   0.08814  -0.04239   0.01045  -0.02335   0.07186  -0.02785   0.03253  -0.04322  -0.07040  -0.01806  -0.01957   0.14116  -0.01196  -0.01933   0.00418   0.07809   0.02009  -0.03005 
  0.01362   0.03322   0.02480  -0.03240   0.01328  -0.09146   0.06795  -0.01267   0.01020  -0.06934  -0.13698   0.04205  -0.02808  -0.03673   0.00375   0.03681   0.01442   0.02355   0.05623  -0.03338 
  0.01378  -0.03657   0.03611  -0.01496   0.01278  -0.02185   0.14913  -0.05896   0.03872  -0.00691   0.06082  -0.08185  -0.00336   0.07064  -0.01072  -0.01242   0.00615   0.09968   0.07629  -0.05874 
  0.01426   0.03640   0.08625  -0.05659   0.00590  -0.01560   0.12366  -0.04061   0.01675  -0.02098  -0.17907   0.01346   0.01894   0.13224  -0.05770  -0.03941   0.00524   0.06554   0.00241  -0.02135 
  0.01683   0.03162   0.02097  -0.03420   0.00163   0.00460   0.05983  -0.01976   0.02261  -0.05338  -0.12314   0.01299  -0.00370   0.05650  -0.04950   0.01058   0.03966  -0.00116   0.04279  -0.03951 
  0.01987  -0.00114   0.01876  -0.02633   0.00030   0.01252   0.13211  -0.04417   0.00449   0.02618   0.03453  -0.03131   0.02894   0.08324  -0.01950  -0.05260   0.03121   0.06066   0.05928  -0.05717 
  0.01683   0.03904   0.06639  -0.05281  -0.00213   0.00302   0.08538  -0.02170   0.01518  -0.09763   0.02911   0.01946   0.01225   0.12964  -0.08780  -0.01656   0.03235   0.09528  -0.01255  -0.04426 
  0.01859   0.03693   0.00585  -0.03311   0.01755  -0.02160   0.04301  -0.03034   0.00976  -0.04480  -0.10498   0.02667  -0.00613   0.01219  -0.01680   0.01146   0.02491   0.02124   0.07056  -0.04525 
  0.02162  -0.00520   0.03130  -0.03114   0.00528   0.01386   0.13449  -0.05311   0.00614   0.03653   0.09770  -0.05782  -0.00552   0.08479   0.04206  -0.04395   0.02534   0.10348   0.08393  -0.07718 
  0.01426   0.05756   0.09143  -0.06658  -0.00300   0.02121   0.08013  -0.02452   0.05544  -0.06203  -0.13719  -0.04028  -0.03973   0.11598  -0.01807   0.01433   0.03031   0.06375   0.01651  -0.04220 
  0.01907   0.03481   0.01765  -0.03673  -0.00402  -0.00241   0.03044  -0.00162   0.03718  -0.03590  -0.28467  -0.00093  -0.05857   0.05981   0.00456   0.03958   0.04102   0.05001   0.05825  -0.06078 
  0.01458   0.01859   0.01821  -0.02651   0.00388   0.03000   0.12191  -0.05182   0.00811  -0.01632   0.11170  -0.03046  -0.04781   0.12475   0.03481  -0.00738   0.03547   0.04122   0.11148  -0.07593 
  0.01184   0.03693   0.09839  -0.05888   0.00833   0.01276   0.05316  -0.03007  -0.00235  -0.01189   0.01418   0.00767  -0.01113   0.06575   0.02579  -0.02109   0.00284   0.12617  -0.01940  -0.03245 
  0.01054   0.05655   0.01431  -0.03365   0.01166  -0.03591  -0.01901  -0.00150   0.00925  -0.00687  -0.13618   0.01208  -0.02364   0.02075  -0.08423   0.05450   0.05408   0.03968   0.04935  -0.06430 
  0.02462   0.00629  -0.01041  -0.02491  -0.00479   0.02146   0.12039  -0.03537   0.02493  -0.04608   0.01795  -0.02018   0.02191   0.09289   0.03580  -0.07935   0.03619   0.06604   0.10688  -0.08250 
  0.01811   0.03428   0.08955  -0.06175  -0.01172   0.01273   0.08410  -0.01097  -0.00306   0.01839  -0.00089  -0.00586  -0.02999   0.16733   0.01395  -0.03232   0.01306   0.06924   0.02380  -0.03443 
  0.00166   0.05351   0.03717  -0.03042   0.01201  -0.01314   0.08476  -0.03733   0.02760  -0.10072  -0.06789   0.01845  -0.02422   0.01961  -0.03123   0.03449   0.05590   0.01702   0.04494  -0.05741 
  0.02682  -0.01106   0.03398  -0.03618   0.00965   0.00865   0.14543  -0.06248   0.01079   0.03610   0.04445  -0.05196  -0.02686   0.16588   0.03653  -0.04836   0.03694   0.06777   0.10381  -0.08229 
  0.01843   0.05096   0.09977  -0.07265   0.00342   0.06217   0.05493  -0.04020   0.03115  -0.00429  -0.11902  -0.02994   0.00424   0.14008  -0.02359  -0.04107   0.01458   0.04050   0.04260  -0.03340 
  0.02035   0.05402   0.01987  -0.04571   0.00050  -0.02002   0.12746  -0.03259   0.02103  -0.04513  -0.23943   0.02615  -0.03533   0.06758  -0.02060   0.02697   0.03081   0.03231   0.07070  -0.05269 
  0.01523   0.00572   0.05177  -0.03438   0.00256  -0.00666   0.11694  -0.03598   0.02324  -0.01019  -0.00036  -0.03398  -0.03450   0.20844   0.00716  -0.04258   0.03217   0.04909   0.10923  -0.07486 
  0.01378   0.04009   0.08625  -0.05735  -0.01945   0.03677   0.08532  -0.00853   0.03598  -0.03450  -0.07515  -0.02848  -0.01641   0.09413   0.02512  -0.02464  -0.00961   0.04088   0.05016  -0.02059 
 -0.00017   0.03322   0.04661  -0.02474   0.00198   0.00216   0.08336  -0.02669   0.03466  -0.04109  -0.13698  -0.01219  -0.04839   0.06947  -0.00261   0.03069   0.02962   0.02339   0.05656  -0.04394 
  0.01200   0.01136   0.04297  -0.02953  -0.02201   0.02347   0.18212  -0.03478   0.03206  -0.01583  -0.05714  -0.03547  -0.04175   0.11283   0.09611  -0.04708   0.02613   0.03263   0.08661  -0.05570 
  0.00083   0.03001   0.11110  -0.04906   0.00028   0.02060   0.11361  -0.04017   0.02208   0.04300  -0.08678  -0.05000  -0.01898   0.10740   0.03041  -0.02962  -0.01999   0.10607   0.02031  -0.02380 
  0.00166   0.06654   0.04817  -0.03891  -0.00842  -0.03776   0.12173  -0.01292   0.02055  -0.04468  -0.15806   0.01688  -0.03958   0.00329  -0.00114   0.04020   0.02032   0.05075   0.04029  -0.03945 
  0.00596   0.00173   0.04401  -0.02035  -0.01488   0.05773   0.17283  -0.05329  -0.02053   0.08248  -0.02633  -0.01562  -0.02389   0.14033   0.03778  -0.04142  -0.02636   0.05741   0.15802  -0.05887 
 -0.01716   0.07047   0.13333  -0.05356  -0.00389  -0.02439   0.10035  -0.01589   0.02640   0.06087  -0.21313  -0.05131   0.01420   0.08880  -0.01422  -0.03819  -0.01757   0.05813   0.04014  -0.01720 
  0.00645   0.04009   0.03558  -0.03042  -0.01212   0.02128   0.08951  -0.01475   0.01413  -0.06540  -0.15644   0.03682  -0.04036   0.05677  -0.03631   0.04172   0.01614   0.05645   0.05195  -0.04244 
  0.00083   0.02515   0.03451  -0.01913  -0.01413   0.01261   0.13422  -0.02412   0.01827  -0.00650  -0.00090  -0.02708  -0.02447   0.14186   0.00338  -0.02206  -0.00195   0.02369   0.11105  -0.04377 
 -0.00452   0.02947   0.09283  -0.03564  -0.02405   0.05507   0.10049  -0.01321   0.01938   0.02021  -0.21488  -0.01031  -0.03587   0.19312  -0.04279  -0.00858  -0.00909   0.10166   0.04662  -0.03806 
 -0.01114   0.08489   0.03558  -0.02775  -0.00473  -0.00723   0.10710  -0.02192   0.02154  -0.11738  -0.30133   0.06291  -0.02408   0.03681  -0.05699   0.04032  -0.02094  -0.00281   0.06519  -0.00768 
 -0.00234  -0.01580   0.03505  -0.00372  -0.00550   0.08017   0.15015  -0.06704   0.02392   0.02470  -0.02998  -0.05176  -0.03832   0.13321   0.07633  -0.04598  -0.01798   0.04887   0.10826  -0.03949 
 -0.00892   0.06406   0.11155  -0.05074  -0.00768   0.06682   0.06192  -0.02779   0.01403   0.04173  -0.22052  -0.01420  -0.02550   0.15850   0.01264  -0.03285  -0.03966   0.08507   0.01544  -0.00441 
 -0.00824   0.08300   0.01710  -0.02403  -0.01132   0.05582   0.07660  -0.02326  -0.01409  -0.01284  -0.10759   0.04633  -0.05966   0.09899  -0.02121   0.04013   0.00729   0.06918   0.08430  -0.05263 
 -0.00790   0.05756   0.04765  -0.02527   0.00830  -0.00187   0.16674  -0.06545   0.01135   0.05085  -0.03332  -0.04596  -0.02187   0.12873  -0.00062  -0.01766   0.01525   0.06774   0.12885  -0.07716 
  0.01054   0.05250   0.10751  -0.06697   0.03048   0.02493   0.00056  -0.05359   0.06973  -0.01805  -0.19516  -0.08919   0.04635   0.14938  -0.08529  -0.07131   0.03710   0.05509   0.02636  -0.04778 
  0.04925   0.04530  -0.01877  -0.06542   0.08109  -0.07111   0.01235  -0.12033   0.10688  -0.12758  -0.21599  -0.11058   0.05974   0.11112  -0.04722  -0.09423   0.09257   0.07145   0.04055  -0.10455 
  0.09736  -0.00812  -0.01100  -0.11855   0.09785   0.03408   0.05599  -0.22213   0.11550   0.02677  -0.22471  -0.25897   0.12774   0.26116  -0.03962  -0.36554   0.10366   0.10668   0.07526  -0.14490 
  0.12384   0.07678   0.01543  -0.21946   0.08520  -0.13021   0.10407  -0.14610   0.13795  -0.17140  -0.29321  -0.16541   0.11588  -0.08005   0.03461  -0.17903   0.01637   0.02693   0.05438  -0.03496 
  0.11816  -0.09188   0.02152  -0.13804  -0.02400  -0.37604   0.52092  -0.17307  -0.10742  -0.25630   0.00035   0.20794  -0.06408  -0.17954   0.26506  -0.08145  -0.12479  -0.21135   0.43310  -0.12934 
 -0.03395  -0.29467   0.41478  -0.12119  -0.20829  -3.82724   0.92196  -3.82724  -0.34673  -3.82724   1.12540  -3.82724  -1.00916  -3.82724   0.74796  -3.82724  -0.40717  -3.82724   0.81243  -3.82724 
 -0.38528  -3.82724   0.87543  -3.82724  -3.82724  -3.82724  -3.82724   0.46118  -3.82724  -3.82724  -3.82724  -3.82724  -3.82724  -1.36933  -3.82724   0.46024  -3.82724  -3.82724  -3.82724  -3.82724 
 -3.82724  -1.51416  -3.82724   0.40997  -3.82724  -3.82724  -3.82724  -3.82724   0.13692  -0.29438   0.16937  -0.22801  -3.82724  -3.82724  -3.82724  -3.82724   0.48119  -0.80820  -0.72169  -0.65228 
  0.34131  -0.80204  -0.63038  -0.56855   0.14004  -0.77961  -0.41666  -0.05729   0.05320  -0.13317  -0.36825   0.02426   0.12065  -0.08029  -0.11898  -0.09325  -0.00396  -0.25450  -0.30248   0.09978 
  0.19199  -0.65240  -0.46101  -0.06658  -0.24713  -0.65871   0.78769  -0.25629  -0.17843  -0.01189   0.66749  -0.08090  -0.48439  -0.49267   0.55388  -0.18203  -0.43274  -0.63649   0.71104  -0.45206 
 -0.27134  -0.61528   0.71401  -0.31974  -0.22044  -0.29359  -0.10503   0.23935  -0.19948  -0.08121  -0.07811   0.23761  -0.68384  -0.75125  -0.84273   0.40561  -0.04406  -0.45660  -0.14988   0.11363 
 -0.38326  -0.55143  -0.37223   0.29254   0.02107  -0.37965  -0.23725   0.08084   0.03366  -0.17983  -0.09623   0.04412  -0.12335  -0.70629  -0.39649   0.25490   0.28321  -0.65527  -0.41041  -0.08950 
  0.12708  -0.57241  -0.32337   0.01018  -0.16562  -0.36723  -0.29299   0.23451  -0.04325  -0.12410  -0.12100   0.12933  -0.21127  -0.11859  -0.35644   0.24980   0.01864  -0.39046  -0.44200   0.11475 
 -0.09915  -0.36731  -0.37223   0.18636  -0.03882  -0.33030  -0.51323   0.15850  -0.01188  -0.02828  -0.37728   0.07796  -0.03877  -0.20592  -0.34099   0.16776   0.01500  -0.17886  -0.65947   0.10990 
 -0.05085  -0.20951  -0.55997   0.15555   0.00684  -0.18644  -0.35949   0.08555   0.03800  -0.20312  -0.29211   0.06733   0.04044  -0.39370   0.00511   0.02114   0.06263  -0.23308  -0.59061   0.08766 
  0.00662  -0.22084  -0.44948   0.10935   0.03407  -0.26754  -0.43236   0.07084   0.04209  -0.25728  -0.47260   0.08939   0.03074  -0.08520  -0.11764   0.03554   0.09461  -0.38010  -0.63228   0.08559 
  0.04099  -0.31677  -0.50675   0.09686   0.01181  -0.25586  -0.48817   0.09941   0.02864  -0.21502  -0.55270   0.10083   0.02044  -0.27090  -0.15725   0.08846   0.01682  -0.34081  -0.60386   0.12256 
  0.00117  -0.30268  -0.52571   0.12887   0.04210  -0.31704  -0.53976   0.07427   0.00746  -0.16545  -0.49986   0.11174   0.02547  -0.28971  -0.20522   0.09856   0.07694  -0.43714  -0.65997   0.10177 
  0.03149  -0.36597  -0.57490   0.11451   0.01242  -0.30786  -0.45723   0.10294   0.02817  -0.24043  -0.32748   0.09526  -0.02577  -0.10584  -0.28092   0.13413   0.05113  -0.43192  -0.66679   0.11571 
  0.00956  -0.36463  -0.55372   0.13048   0.02854  -0.33589  -0.40991   0.08412   0.01618  -0.20285  -0.50484   0.11180   0.02421  -0.15698  -0.15947   0.06924   0.06752  -0.44789  -0.66158   0.10782 
  0.02146  -0.38230  -0.52571   0.12112   0.01859  -0.29783  -0.50892   0.09823   0.02568  -0.16106  -0.36228   0.07745   0.05731  -0.15505  -0.15408   0.03088   0.05807  -0.42340  -0.65638   0.11098 
  0.01619  -0.35152  -0.55166   0.12401   0.01831  -0.35324  -0.45792   0.10130   0.01108  -0.25488  -0.29619   0.11920  -0.00926  -0.30513  -0.17926   0.12453   0.05908  -0.39753  -0.69855   0.11058 
  0.01297  -0.37542  -0.55579   0.12899   0.02772  -0.30211  -0.46015   0.08496   0.00484  -0.04597  -0.49405   0.07057  -0.00512  -0.12495  -0.21290   0.10568   0.06371  -0.42831  -0.66844   0.10890 
  0.01827  -0.34004  -0.55372   0.12137   0.05270  -0.31067  -0.46546   0.05473   0.04002  -0.10878  -0.30766   0.03121   0.05819  -0.30307  -0.23517   0.07432   0.06094  -0.38936  -0.64836   0.10654 
  0.03550  -0.33753  -0.54149   0.10623   0.04057  -0.34793  -0.47183   0.07532   0.01777  -0.21773  -0.23101   0.09507   0.06424  -0.27392  -0.12249   0.03069   0.05657  -0.49365  -0.68537   0.11767 
  0.02994  -0.40949  -0.54351   0.11783   0.04073  -0.29085  -0.43524   0.06568   0.00956  -0.01189  -0.28396   0.03174   0.03373  -0.31329  -0.07628   0.05389   0.08055  -0.43524  -0.66579   0.09988 
  0.03565  -0.34256  -0.51802   0.10505   0.05478  -0.31518  -0.46665   0.05255   0.01259  -0.14576  -0.40202   0.09321   0.10320  -0.25962  -0.17815  -0.00379   0.07648  -0.40143  -0.58920   0.09552 
  0.04627  -0.34766  -0.50861   0.09566   0.05723  -0.36908  -0.45659   0.05473   0.00986  -0.01575  -0.09598   0.01001   0.03135  -0.26904  -0.18757   0.08591   0.06469  -0.36641  -0.70343   0.10536 
  0.04251  -0.33504  -0.54149   0.09992   0.06071  -0.27125  -0.42830   0.03535   0.01019  -0.10445  -0.31267   0.07513   0.05520  -0.08491  -0.10726   0.00266   0.06613  -0.38472  -0.64789   0.10334 
  0.04492  -0.30967  -0.51235   0.09297   0.07532  -0.36773  -0.45524   0.02849   0.03767  -0.06157  -0.29666   0.01262  -0.00719  -0.11406  -0.12169   0.08070   0.06367  -0.32919  -0.58085   0.09626 
  0.05296  -0.31439  -0.49036   0.08455   0.06701  -0.29895  -0.31865   0.01923   0.03555  -0.11596  -0.25416   0.03631   0.04751  -0.13605  -0.15840   0.04023   0.06249  -0.38684  -0.63685   0.10491 
  0.05148  -0.32277  -0.45934   0.08441   0.06252  -0.29455  -0.45678   0.03830   0.01545  -0.01798  -0.14889   0.00994  -0.03157  -0.39746   0.00135   0.09462   0.07099  -0.38080  -0.61553   0.09857 
  0.04776  -0.31439  -0.47458   0.08810   0.07058  -0.36019  -0.43355   0.03291  -0.00791  -0.01189  -0.10293   0.03631   0.00176  -0.17817  -0.23863   0.11372   0.07225  -0.39638  -0.61103   0.09882 
  0.05163  -0.33628  -0.49576   0.08865   0.07449  -0.32799  -0.42798   0.02259   0.01144  -0.08511  -0.31142   0.06557   0.00021  -0.24714  -0.09690   0.08615   0.06134  -0.37632  -0.61565   0.10356 
  0.05133  -0.33255  -0.49215   0.08824   0.07664  -0.32770  -0.44676   0.02085   0.01279  -0.13557  -0.23599   0.07620   0.01039  -0.18861  -0.00625   0.03248   0.08542  -0.32191  -0.59917   0.08412 
  0.06157  -0.31202  -0.47458   0.07483   0.07840  -0.33794  -0.47697   0.02189   0.05775  -0.10938  -0.43256   0.01108   0.05974  -0.03989  -0.13145  -0.00485   0.07051  -0.28866  -0.62714   0.09126 
  0.06460  -0.28904  -0.52377   0.07286   0.08428  -0.31948  -0.42266   0.00554   0.00091  -0.09828  -0.35866   0.08889   0.02823  -0.18694  -0.12498   0.05925   0.07248  -0.40278  -0.53532   0.09444 
  0.06474  -0.33504  -0.46268   0.07343   0.08540  -0.28510  -0.40958  -0.00247   0.00506  -0.10445  -0.05746   0.05323   0.03606  -0.28022  -0.15713   0.07405   0.08322  -0.31738  -0.55389   0.08212 
  0.06917  -0.29354  -0.44948   0.06288   0.07592  -0.30358  -0.45021   0.01904  -0.00648   0.03925  -0.27500   0.02646   0.01480  -0.26125   0.00103   0.03554   0.07562  -0.29656  -0.53245   0.08312 
  0.06157  -0.26616  -0.44302   0.06633   0.07582  -0.33480  -0.39358   0.01830   0.03306  -0.07460  -0.34017   0.03047  -0.02540  -0.15859  -0.13669   0.10825   0.08575  -0.36566  -0.53950   0.08397 
  0.06503  -0.31796  -0.44785   0.06989   0.08712  -0.24830  -0.48556  -0.00443   0.03217  -0.03777  -0.37549   0.01702  -0.02497  -0.45469  -0.11927   0.13427   0.08758  -0.28372  -0.57690   0.07763 
  0.07158  -0.25879  -0.49757   0.05984   0.07427  -0.30031  -0.36722   0.01347   0.01945  -0.04665  -0.34753   0.03962   0.02476  -0.40497  -0.03383   0.05678   0.07259  -0.28847  -0.55910   0.08591 
  0.06258  -0.27582  -0.43824   0.06619   0.07273  -0.32961  -0.32109   0.01487   0.03857  -0.04340  -0.41762   0.01233   0.02340  -0.02073  -0.03949  -0.00257   0.09580  -0.32602  -0.50129   0.07135 
  0.06889  -0.28793  -0.39171   0.05693   0.07467  -0.31782  -0.34556   0.01298   0.02709  -0.07549  -0.10457   0.01354   0.01042  -0.16416  -0.09625   0.06410   0.09848  -0.26353  -0.51938   0.06452 
  0.07087  -0.27043  -0.39889   0.05325   0.07294  -0.23673  -0.37040   0.00618   0.05157  -0.15097  -0.33590   0.03136   0.00300  -0.13580   0.00366   0.02632   0.08996  -0.32679  -0.59274   0.08143 
  0.06917  -0.27150  -0.43352   0.05853   0.07209  -0.28953  -0.43173   0.02139   0.07221  -0.13253  -0.29705  -0.01786   0.03764  -0.34414  -0.06490   0.04895   0.08639  -0.29475  -0.47419   0.07196 
  0.06974  -0.28681  -0.41963   0.05868   0.07101  -0.24297  -0.47007   0.01926  -0.07535   0.02029  -0.18485   0.11372   0.03835  -0.09485  -0.10050   0.02272   0.09797  -0.30004  -0.47434   0.06518 
  0.06388  -0.23940  -0.43039   0.05911   0.06961  -0.31281  -0.44966   0.02980  -0.00629  -0.05931  -0.15310   0.06337   0.03451  -0.14774  -0.02761   0.00767   0.11295  -0.27537  -0.50427   0.05502 
  0.07158  -0.26616  -0.42575   0.05458   0.05982  -0.25996  -0.39524   0.03209  -0.03629   0.02959  -0.20550   0.06601   0.02614  -0.22700  -0.14137   0.07249   0.10700  -0.33939  -0.49301   0.06471 
  0.06302  -0.26299  -0.42116   0.06245   0.07463  -0.25657  -0.33970   0.00342  -0.03705   0.04898  -0.23863   0.05972  -0.00949  -0.18046   0.00013   0.04859   0.12451  -0.30381  -0.45347   0.04563 
  0.07454  -0.24240  -0.36414   0.04159   0.06156  -0.25026  -0.38196   0.02684  -0.03187  -0.06987  -0.22926   0.10830   0.06141  -0.31664  -0.04812   0.01087   0.10502  -0.30960  -0.51117   0.06454 
  0.06632  -0.26510  -0.40618   0.05795   0.05847  -0.20157  -0.35427   0.02071  -0.03014  -0.04718  -0.38260   0.10914   0.02489  -0.37147  -0.19985   0.10616   0.12320  -0.30451  -0.52040   0.05234 
  0.06760  -0.24240  -0.43039   0.05575   0.05424  -0.22143  -0.34059   0.02879  -0.05522  -0.03037  -0.08316   0.10294   0.03451  -0.25038  -0.06803   0.04175   0.12068  -0.31023  -0.48756   0.05205 
  0.06359  -0.24442  -0.38186   0.05531   0.05557  -0.22460  -0.40843   0.03396  -0.00340  -0.11900  -0.44902   0.10764   0.04811  -0.19628  -0.18527   0.05780   0.10626  -0.29154  -0.50731   0.06154 
  0.06258  -0.24950  -0.44463   0.06317   0.04426  -0.18440  -0.35437   0.03803  -0.01356  -0.12971  -0.22217   0.10733   0.05245  -0.71304  -0.18943   0.09886   0.10085  -0.31235  -0.47254   0.06442 
