3 20 3 1 47 -2.8246 1.5121 1.8672 6413
  0.06050  -0.23143  -0.47746   0.06548   0.04160  -0.18021  -0.38959   0.04427  -0.05825   0.02640  -0.44189   0.11208   0.01581  -0.31785   0.01985   0.03304   0.07556  -0.27904  -0.47064   0.07662 
  0.03822  -0.20650  -0.40104   0.07616   0.04831  -0.16958  -0.46529   0.03955  -0.02985  -0.06546  -0.14241   0.09516   0.03627   0.05559  -0.01796  -0.05326   0.09645  -0.33801  -0.58718   0.07811 
  0.04896  -0.22029  -0.45793   0.07336   0.04722  -0.26042  -0.58826   0.06328  -0.02935  -0.05831  -0.23126   0.10093   0.03518  -0.01713  -0.23517   0.05088   0.10422  -0.29720  -0.58438   0.06900 
  0.05253  -0.24711  -0.54196   0.08024   0.03553  -0.15867  -0.36443   0.04625  -0.08125  -0.08851  -0.30132   0.17135   0.00655  -0.11867  -0.15112   0.07759   0.07751  -0.27153  -0.49855   0.07689 
  0.03195  -0.20747  -0.42452   0.08414   0.04191  -0.14937  -0.55042   0.05044   0.00268  -0.08469  -0.37873   0.08269   0.00176   0.05011  -0.09836   0.02632   0.07361  -0.29015  -0.52648   0.08323 
  0.03694  -0.19882  -0.48478   0.08342   0.04283  -0.14756  -0.42214   0.03956  -0.05083  -0.07315  -0.52563   0.14909   0.04086  -0.23799  -0.04998   0.02548   0.10030  -0.36561  -0.61130   0.07963 
  0.04567  -0.23660  -0.49036   0.08140   0.02881  -0.14738  -0.52524   0.06539  -0.02676  -0.05557  -0.34961   0.10632   0.00549  -0.06764  -0.12356   0.06034   0.06365  -0.24922  -0.46139   0.07960 
  0.02591  -0.18661  -0.45275   0.08872   0.03165  -0.17656  -0.43680   0.06064  -0.00421  -0.11250  -0.16230   0.08314   0.04623  -0.30479  -0.13317   0.05892   0.09945  -0.33661  -0.61232   0.07764 
  0.04220  -0.24711  -0.48478   0.08558   0.02882  -0.15057  -0.49765   0.06415  -0.03040  -0.08096  -0.53531   0.13045   0.03650  -0.09670  -0.14386   0.04037   0.08283  -0.39538  -0.59659   0.09181 
  0.03324  -0.24818  -0.52340   0.09648   0.02104  -0.08504  -0.40372   0.05413  -0.07217  -0.03715  -0.47628   0.15499   0.00891  -0.19937   0.06580  -0.00115   0.07944  -0.39379  -0.54236   0.09021 
  0.02260  -0.21531  -0.43592   0.09438   0.01256  -0.11559  -0.58381   0.08256  -0.05981  -0.03735  -0.26619   0.12968   0.04505  -0.07864  -0.13664   0.02437   0.09379  -0.35059  -0.75723   0.08964 
  0.02574  -0.20845  -0.60294   0.10246   0.02392  -0.16664  -0.52433   0.07464  -0.05029  -0.12718  -0.27306   0.15177   0.04557  -0.15456  -0.10784   0.02874   0.08451  -0.36715  -0.65690   0.09192 
  0.02755  -0.25462  -0.55479   0.10425  -0.00280  -0.12269  -0.38848   0.08818  -0.07916  -0.05873  -0.33159   0.16144   0.00853  -0.10584  -0.17449   0.08009   0.05091  -0.29795  -0.59506   0.10117 
 -0.00246  -0.20073  -0.48294   0.11617   0.02084  -0.10592  -0.55875   0.06955  -0.06496  -0.04569  -0.64858   0.15783  -0.04189  -0.14968  -0.08960   0.10616   0.05266  -0.40133  -0.66156   0.11250 
  0.00537  -0.22939  -0.56801   0.11963   0.01230  -0.13909  -0.57413   0.08652  -0.05295  -0.13783  -0.22216   0.15362  -0.01853  -0.18950  -0.18056   0.11872   0.06693  -0.37027  -0.61440   0.09993 
  0.00931  -0.25031  -0.54832   0.11804   0.00799  -0.08535  -0.60154   0.08298  -0.12051  -0.07776  -0.33590   0.20288  -0.00347  -0.08428  -0.06558   0.05218   0.04486  -0.30692  -0.55336   0.10265 
 -0.00545  -0.19127  -0.51342   0.11923  -0.00796  -0.12121  -0.70630   0.11141  -0.02797  -0.19265  -0.18112   0.13923  -0.01141  -0.11920  -0.08626   0.07386   0.03200  -0.42274  -0.63023   0.12286 
 -0.01330  -0.26448  -0.56578   0.13755   0.00673  -0.07753  -0.72016   0.08811  -0.08601  -0.16424  -0.36311   0.20075   0.03571  -0.31664  -0.09387   0.05850   0.06253  -0.44105  -0.61667   0.10773 
  0.00104  -0.26007  -0.57934   0.12739   0.01627  -0.18235  -0.54753   0.08757  -0.06560  -0.06057  -0.58926   0.16178   0.01053  -0.11123   0.04462  -0.00823   0.03552  -0.39494  -0.58042   0.11641 
 -0.00316  -0.26893  -0.50949   0.12725   0.00667  -0.10521  -0.71931   0.09341  -0.02571  -0.17909  -0.51349   0.15494  -0.03132   0.03445  -0.07641   0.05521   0.02222  -0.46317  -0.65510   0.13136 
 -0.01240  -0.26670  -0.60052   0.13908   0.00696  -0.18510  -0.68890   0.10510  -0.05364  -0.15268  -0.28173   0.16324  -0.02379  -0.09005  -0.25999   0.12584   0.02638  -0.44571  -0.79032   0.13387 
 -0.01438  -0.30508  -0.68841   0.14873   0.00135  -0.03156  -0.59423   0.07887  -0.09654  -0.12363  -0.24335   0.19110   0.06415  -0.14821  -0.10149   0.00231   0.02844  -0.43991  -0.65971   0.12719 
 -0.01800  -0.23143  -0.57934   0.13768  -0.00394  -0.10866  -0.63449   0.10206  -0.08365  -0.14405  -0.49302   0.19971   0.05454  -0.08127  -0.11372   0.00513  -0.00025  -0.46691  -0.70603   0.14392 
 -0.03055  -0.27343  -0.62025   0.15317   0.00350  -0.11035  -0.81676   0.10109  -0.07423  -0.21597  -0.45103   0.20732  -0.04544  -0.21640  -0.35672   0.17589   0.03136  -0.43237  -0.85266   0.13269 
 -0.01910  -0.28142  -0.78010   0.15293   0.01778  -0.15696  -0.71437   0.08963  -0.08057  -0.11987  -0.44304   0.18824  -0.00085  -0.10220  -0.08030   0.05860  -0.00170  -0.43509  -0.74055   0.14397 
 -0.02479  -0.28956  -0.67390   0.15354   0.00363  -0.10657  -0.76822   0.09874  -0.07243  -0.09436  -0.43491   0.17290  -0.00648   0.04135  -0.03685   0.01260   0.00161  -0.42980  -0.71254   0.14110 
 -0.03055  -0.25679  -0.65164   0.15281  -0.00449  -0.18376  -0.72577   0.11834  -0.05051  -0.13572  -0.59254   0.17116  -0.07617  -0.14362  -0.29315   0.17699  -0.00731  -0.49892  -0.83356   0.15320 
 -0.03868  -0.32755  -0.74847   0.16908   0.03362  -0.17278  -0.75434   0.07485  -0.10724   0.01421  -0.60094   0.17165  -0.00508  -0.00895  -0.08714   0.04503  -0.00405  -0.51519  -0.69690   0.14783 
 -0.02442  -0.31244  -0.65709   0.15489   0.01898  -0.23819  -0.80867   0.10345  -0.05246  -0.00820  -0.53690   0.12616  -0.15323   0.09916   0.04324   0.08293  -0.02985  -0.42822  -0.78387   0.15661 
 -0.03849  -0.29785  -0.68841   0.16384   0.02507  -0.25044  -0.79461   0.09773  -0.00945  -0.18083  -0.42662   0.13305  -0.03110  -0.36999  -0.17205   0.14598  -0.01968  -0.49974  -0.79827   0.15718 
 -0.02869  -0.37486  -0.72537   0.16611   0.03550  -0.21213  -0.69380   0.07632  -0.07393  -0.02642  -0.55364   0.15593   0.03747  -0.11123  -0.02313  -0.00552  -0.02778  -0.47907  -0.75868   0.15792 
 -0.02906  -0.32883  -0.66822   0.15999   0.04097  -0.27717  -0.83296   0.08342  -0.07600  -0.04665  -0.25738   0.14880   0.06325  -0.16841   0.02441  -0.05336  -0.04436  -0.46037  -0.76780   0.16351 
 -0.03093  -0.34586  -0.67390   0.16300   0.03259  -0.31211  -0.76208   0.09542  -0.04008  -0.17739  -0.32748   0.15958  -0.14663  -0.01663   0.04533   0.10627  -0.03518  -0.52669  -0.69083   0.16067 
 -0.03526  -0.40287  -0.61773   0.16801   0.05114  -0.26745  -0.79783   0.06817  -0.05308  -0.09751  -0.62248   0.16310  -0.06267  -0.10500  -0.13082   0.12708  -0.00298  -0.48097  -0.67898   0.14475 
 -0.01348  -0.36358  -0.64624   0.15182   0.02684  -0.33342  -0.91291   0.10862  -0.01021  -0.14809  -0.18485   0.10563  -0.00519  -0.01434  -0.06451   0.03786  -0.03052  -0.42225  -0.72016   0.15419 
 -0.02738  -0.35942  -0.67105   0.16180   0.06357  -0.45487  -0.79193   0.07184   0.00324  -0.21350  -0.36504   0.12319   0.04015  -0.16558  -0.27372   0.08353  -0.01057  -0.44100  -0.73013   0.14769 
 -0.00211  -0.42314  -0.69137   0.15084   0.05111  -0.35657  -0.73135   0.07649  -0.00819  -0.05552  -0.25019   0.07475   0.01843  -0.44618  -0.00163   0.05357  -0.03141  -0.42127  -0.65770   0.15185 
 -0.01312  -0.37343  -0.60294   0.15034   0.09321  -0.39175  -0.79283   0.02247   0.00559  -0.14981  -0.17500   0.08472   0.03414  -0.05767  -0.07309   0.00854   0.02683  -0.42368  -0.71399   0.12931 
  0.03195  -0.38206  -0.64092   0.11923   0.08716  -0.38666  -0.95828   0.03644   0.03442  -0.21801  -0.40038   0.08531   0.07214  -0.35058  -0.05211   0.00308   0.04537  -0.39844  -0.73752   0.11944 
  0.04927  -0.38790  -0.71270   0.10848   0.10355  -0.34159  -0.72060  -0.00391   0.03172  -0.05034  -0.19830   0.00627   0.02479  -0.12391   0.05312  -0.02774   0.09120  -0.36750  -0.63634   0.08684 
  0.07776  -0.33141  -0.59098   0.06936   0.08489  -0.40941  -0.91075   0.04105  -0.01343  -0.02768  -0.39306   0.08081   0.03360  -0.01528  -0.03763  -0.01743   0.04149  -0.38878  -0.71499   0.11974 
  0.05638  -0.35123  -0.69436   0.09774   0.12894  -0.45682  -0.98268  -0.02723   0.03878  -0.16043  -0.23498   0.04629   0.08306  -0.29712  -0.16611   0.02496   0.13076  -0.47977  -0.73222   0.07467 
  0.11036  -0.44273  -0.73512   0.05360   0.07810  -0.32465  -0.82203   0.03885   0.01140  -0.04665  -0.28173   0.04605  -0.00107  -0.32327  -0.03357   0.07386   0.09938  -0.41732  -0.68265   0.08823 
  0.07762  -0.35395  -0.67964   0.07704   0.08426  -0.31238  -0.83385   0.02834   0.02290   0.08853  -0.31939  -0.05309   0.09915   0.07343  -0.11026  -0.11196   0.11792  -0.37744  -0.69009   0.07356 
  0.08471  -0.29073  -0.68255   0.06246   0.09004  -0.65461  -0.91769   0.05252  -0.00892  -0.16727  -0.43373   0.12892   0.03808  -0.25096  -0.29440   0.10177   0.02922  -0.51770  -0.85408   0.13876 
  0.05821  -0.52321  -0.82622   0.11564   0.19067  -0.48115  -0.71066  -0.19141   0.10538   0.01159  -0.20124  -0.21174   0.14596  -0.01030  -0.11845  -0.16936   0.19544  -0.52071  -0.55796   0.01614 
  0.17138  -0.45630  -0.57251  -0.03819  -0.12304  -0.07204  -0.95161   0.20336  -0.11976   0.19091  -0.47221   0.07959  -0.01403   0.13370  -0.23972   0.05956  -0.47811  -0.23227  -0.97510   0.24570 
 -0.17026  -0.11351  -0.89174   0.21560   0.32856  -3.80713  -3.80713  -3.80713   0.32254  -3.80713  -3.80713  -3.80713   0.41189  -3.80713  -3.80713  -3.80713   0.55069  -3.80713  -3.80713  -3.80713 
  0.41116  -3.80713  -3.80713  -3.80713  -3.31144  -0.18931   1.04178  -3.21694  -3.80713  -3.80713  -3.80713  -3.80713  -3.80713  -3.80713  -3.80713  -3.80713  -3.80713  -3.80713  -3.80713  -3.80713 
 -3.25355  -0.23972   0.92181  -3.25333   0.32856  -3.80713  -3.80713  -3.80713   0.19305  -0.19854  -0.54269  -0.34599   0.05813  -0.01841   0.05916  -0.10896   0.55069  -3.80713  -3.80713  -3.80713 
  0.07615  -0.08329   0.21880  -0.17412  -0.01600  -0.04911   0.04926   0.02141  -0.03198   0.00877  -0.12943   0.06243  -0.06081   0.05147   0.03238   0.03068  -0.06536  -0.01961   0.11157   0.00381 
 -0.01438  -0.02787   0.05940   0.00359   0.06537  -0.06374  -0.47145  -0.00803   0.10221  -0.12917   0.09910  -0.17445  -0.05167   0.06746   0.08490  -0.01244   0.02548  -0.05226   0.18663  -0.07877 
  0.04362  -0.05436   0.05728  -0.05175   0.03274   0.03729   0.00262  -0.06233   0.03498   0.07000   0.03941  -0.12881  -0.05418   0.13516   0.13928  -0.07464  -0.03871   0.13661   0.19421  -0.09810 
  0.01373   0.08417   0.11850  -0.08869   0.07066  -0.01548  -0.03535  -0.10263   0.05173   0.05469  -0.00435  -0.14320  -0.06702   0.19988   0.01815  -0.01003  -0.01417   0.07665   0.10653  -0.04975 
  0.04378   0.06281   0.03386  -0.08337   0.04639   0.05694   0.00430  -0.09474   0.10348   0.01587  -0.18537  -0.21290  -0.04817  -0.01345   0.12532  -0.01787   0.02246   0.03297   0.14204  -0.07767 
  0.05392   0.03593   0.06620  -0.09954   0.04847  -0.05218   0.22761  -0.15284   0.06829   0.01551   0.07668  -0.17743   0.03005   0.13028   0.07556  -0.13791   0.02998   0.08590   0.16264  -0.11237 
  0.06004   0.02753   0.15429  -0.14904   0.07133  -0.07422   0.08347  -0.12426   0.09425  -0.06219  -0.04248  -0.15233  -0.00287   0.17608  -0.02541  -0.04718  -0.00912   0.10384   0.04803  -0.03927 
  0.06862   0.01955   0.03106  -0.10020   0.07841  -0.09559   0.04745  -0.11901   0.11543  -0.06188  -0.01381  -0.22844   0.02181   0.04583  -0.06918  -0.00670   0.02477   0.00771   0.15664  -0.07902 
  0.08241  -0.04224   0.05781  -0.10976   0.04731  -0.05209   0.19696  -0.13337   0.05965   0.04758   0.13050  -0.20475   0.00055   0.08753   0.10137  -0.09381   0.01854   0.07813   0.16620  -0.10215 
  0.05377   0.01608   0.15259  -0.13333   0.06844  -0.09584   0.12925  -0.13045   0.09896  -0.01073  -0.12528  -0.18692  -0.00671   0.13757   0.02100  -0.05099  -0.02394   0.08813   0.08950  -0.04030 
  0.06201   0.00964   0.07188  -0.10351   0.05312  -0.11381   0.09027  -0.07914   0.13813  -0.10556  -0.06917  -0.26026  -0.00675  -0.00032   0.06478  -0.02807  -0.00014   0.05485   0.14861  -0.07123 
  0.06322  -0.04423   0.09045  -0.09452   0.02240  -0.03454   0.23310  -0.11023   0.09104  -0.00989  -0.10635  -0.16800  -0.02801   0.12569   0.07117  -0.05142   0.01908   0.07604   0.16958  -0.10367 
  0.03758   0.02070   0.15767  -0.11405   0.04343  -0.06086   0.12045  -0.08798   0.10109   0.03386  -0.20124  -0.21976  -0.02310   0.11598   0.02526  -0.02528   0.04449   0.05484   0.08953  -0.07771 
  0.05684   0.01666   0.06931  -0.09757   0.03455  -0.02979   0.12075  -0.08191   0.10894  -0.04376  -0.10031  -0.19671  -0.02482  -0.01974   0.03812   0.01241   0.05416  -0.00268   0.10426  -0.07440 
  0.05745  -0.02531   0.07698  -0.08677   0.01389  -0.01432   0.20987  -0.09007   0.06755   0.03065   0.07881  -0.19027   0.01425   0.14678   0.00499  -0.07298   0.04473   0.06341   0.14987  -0.10965 
  0.04062   0.03427   0.13610  -0.11247   0.03575  -0.05120   0.17612  -0.10076   0.10716  -0.05028  -0.09379  -0.18726   0.00302   0.04400   0.03034  -0.03312   0.00086   0.07241   0.06864  -0.04321 
  0.04989   0.00011   0.08551  -0.08869   0.02584  -0.07134   0.18277  -0.07980   0.11783  -0.07883  -0.22986  -0.17096   0.01075   0.02205  -0.02139  -0.00817   0.02636   0.00003   0.13836  -0.06912 
  0.05020  -0.04091   0.10351  -0.08316   0.00833   0.02194   0.23240  -0.10516   0.08315   0.07320  -0.10968  -0.22455   0.04791  -0.04280   0.08855  -0.10651   0.02154   0.08215   0.16036  -0.10286 
  0.03790   0.03704   0.15851  -0.12161   0.02963  -0.04316   0.13001  -0.07271   0.10530  -0.03170  -0.14624  -0.18425   0.01336  -0.00421   0.02210  -0.02612   0.02110   0.08155   0.04712  -0.05201 
  0.05253   0.00192   0.05675  -0.08105   0.02258  -0.05779   0.13317  -0.05774   0.12083  -0.10224  -0.01686  -0.21414   0.00838  -0.00158  -0.02739   0.00414   0.02933   0.04099   0.13749  -0.08324 
  0.04927  -0.02723   0.09094  -0.08084  -0.00360  -0.03050   0.25732  -0.07972   0.09185   0.03603  -0.13808  -0.20552   0.02489   0.05440   0.01096  -0.05352   0.02631   0.03218   0.14173  -0.08020 
  0.03146   0.00669   0.14615  -0.09430   0.00949  -0.02454   0.17772  -0.06463   0.12363  -0.09392  -0.27264  -0.17150   0.03815   0.06612   0.01059  -0.07621   0.00231   0.08860   0.06571  -0.04826 
  0.04141   0.01258   0.07900  -0.07895  -0.00215  -0.02599   0.16394  -0.04053   0.12885  -0.09553  -0.19312  -0.20203   0.01601   0.02359  -0.00587  -0.02270   0.04099  -0.00781   0.10647  -0.06361 
  0.04188  -0.02787   0.08650  -0.06901  -0.02137  -0.03325   0.25131  -0.04863   0.07695   0.06015  -0.00879  -0.21911   0.02573   0.04505   0.07024  -0.08950   0.02697   0.05856   0.13101  -0.08401 
  0.01961   0.01897   0.15429  -0.08741  -0.00842  -0.01441   0.19084  -0.04576   0.13772  -0.06520  -0.32441  -0.23455   0.02385   0.10219  -0.03067  -0.04718   0.03986   0.05243   0.04499  -0.05567 
  0.04125   0.01433   0.06672  -0.07437  -0.01266  -0.06269   0.19381  -0.02698   0.10361  -0.08058  -0.06227  -0.16154  -0.00564   0.03085   0.00937  -0.00735   0.06840   0.03260   0.04984  -0.07392 
  0.03662  -0.02340   0.08352  -0.06251  -0.02003  -0.00794   0.26589  -0.06599   0.08693   0.03564  -0.03612  -0.21641  -0.02927   0.16233   0.02666  -0.03813   0.03260   0.06768   0.14395  -0.09799 
  0.01542   0.04363   0.15725  -0.09300  -0.00532  -0.02780   0.19249  -0.04696   0.09135   0.03211  -0.17997  -0.19083  -0.01926   0.08860   0.05471  -0.03665   0.01757   0.05969   0.03484  -0.03833 
  0.02459   0.02810   0.08401  -0.06514  -0.03839  -0.01595   0.21286  -0.01326   0.13386  -0.05896  -0.09952  -0.27508   0.02214  -0.02331   0.01788  -0.02925   0.04249  -0.00125   0.11481  -0.07024 
  0.02705  -0.02023   0.11666  -0.06554  -0.01190   0.02390   0.25982  -0.08662   0.06704   0.05577  -0.08897  -0.16293   0.01330   0.09948   0.06395  -0.08899   0.03961   0.02548   0.10718  -0.07239 
  0.02327   0.03538   0.14572  -0.09408  -0.02346   0.00049   0.18081  -0.02492   0.10145  -0.04058  -0.02965  -0.19424   0.01008   0.03018   0.06839  -0.06110   0.01939   0.06078   0.03300  -0.03927 
  0.02310   0.01550   0.08798  -0.06050  -0.03346  -0.00600   0.20106  -0.01772   0.11855  -0.03151  -0.09915  -0.24129   0.02785  -0.01109  -0.02084  -0.01953   0.01295   0.01009   0.12028  -0.05404 
  0.01861  -0.00717   0.10967  -0.05650  -0.04212   0.02923   0.25314  -0.04049   0.07614   0.07396  -0.05235  -0.21862   0.00136   0.03568   0.08240  -0.06113  -0.00085   0.04125   0.16656  -0.07534 
 -0.00141   0.03870   0.17052  -0.07707  -0.00857  -0.00385   0.16512  -0.03835   0.09068  -0.00969  -0.01322  -0.19169  -0.00500   0.11964   0.01009  -0.03943   0.01616   0.03700   0.06056  -0.03990 
  0.02211   0.02697   0.08252  -0.06110  -0.02905  -0.00001   0.20935  -0.02886   0.10894  -0.11852  -0.05264  -0.15450  -0.03662   0.08915  -0.00055   0.01208   0.03186  -0.00529   0.08742  -0.04958 
  0.01593  -0.01025   0.10351  -0.04979  -0.02363   0.05027   0.24917  -0.07260   0.10643   0.02589  -0.01542  -0.28248  -0.02124   0.06815   0.06770  -0.03506   0.03298   0.05650   0.11618  -0.08104 
  0.01643   0.04743   0.14788  -0.09106  -0.01849   0.02985   0.19148  -0.04580   0.07817   0.01634  -0.21273  -0.13307  -0.00649   0.08336   0.00144  -0.01939   0.01857   0.03715   0.07189  -0.04585 
  0.01861   0.03649   0.08352  -0.06070  -0.02669  -0.02211   0.20921  -0.02536   0.12547  -0.11520  -0.08443  -0.20130  -0.03342   0.09239  -0.00448   0.00967   0.03013   0.02063   0.11937  -0.06913 
  0.02045  -0.00779   0.11387  -0.06030  -0.05108   0.06335   0.27484  -0.05144   0.07567   0.00613   0.01352  -0.16917   0.00315   0.04919   0.06440  -0.05603   0.01825   0.02531   0.14907  -0.07559 
 -0.00001   0.03593   0.17093  -0.07790  -0.02037   0.03997   0.21046  -0.05495   0.09811   0.00603  -0.03020  -0.22539  -0.00117   0.03353   0.02564  -0.02206   0.01197   0.08308   0.05203  -0.04792 
  0.01794   0.04635   0.09872  -0.06983  -0.01591  -0.04678   0.19629  -0.02778   0.10323  -0.07721  -0.10587  -0.15243  -0.00121   0.00388   0.04810  -0.02580   0.03457   0.05619   0.02741  -0.04665 
  0.02738  -0.00902   0.08101  -0.05471  -0.04815   0.07883   0.25736  -0.05245   0.06925   0.08770  -0.08722  -0.20321  -0.00394   0.04110   0.07079  -0.04844   0.00369   0.05526   0.14968  -0.07461 
 -0.00475   0.06489   0.16102  -0.07853  -0.03721   0.03179   0.18776  -0.01926   0.09619   0.03943  -0.21547  -0.20638  -0.00521   0.12261  -0.03476  -0.01716  -0.00510   0.08524   0.01154  -0.02358 
  0.00760   0.06541   0.05195  -0.04647  -0.02565   0.00613   0.24042  -0.04958   0.14827  -0.11954  -0.23071  -0.24857  -0.00605   0.06051  -0.02922   0.00281   0.02448   0.01651   0.09841  -0.05470 
  0.02820  -0.00291   0.10636  -0.06819  -0.03439   0.02584   0.25973  -0.05327   0.07079   0.01515   0.01862  -0.16491   0.02934   0.09413   0.02252  -0.08200   0.02547   0.05295   0.13568  -0.08324 
  0.01340   0.03870   0.15174  -0.08571  -0.03848   0.04524   0.18681  -0.02168   0.10089   0.00961  -0.23503  -0.18879   0.00516   0.09411  -0.02548  -0.02325   0.00358   0.04903   0.06654  -0.03715 
  0.01119   0.04580   0.07495  -0.05195  -0.02117  -0.03081   0.19799  -0.02570   0.11963  -0.09204  -0.03009  -0.21362   0.00212  -0.01424   0.02695  -0.01253   0.02995  -0.04829   0.14486  -0.06210 
  0.02574  -0.04490   0.12807  -0.06130  -0.03724   0.08859   0.24047  -0.06329   0.05743   0.05025  -0.00304  -0.15417   0.01444   0.07639   0.00601  -0.04490   0.03206  -0.00690   0.12988  -0.06752 
  0.00726   0.04417   0.14181  -0.07540  -0.02260   0.01318   0.19937  -0.03771   0.05805   0.07909  -0.16673  -0.14506   0.04757   0.07815  -0.06277  -0.05432   0.00292   0.06016   0.05757  -0.03671 
