IntronPotTab 1 1024 -12.48920 0.99141 5.16869 21965 6 16  223.05
   -0.02244
   -0.01336
   -0.00902
    0.03608
   -0.00503
   -0.01770
   -0.02747
    0.04030
   -0.02446
   -0.01021
   -0.01803
    0.06291
   -0.01271
   -0.03877
    0.00792
    0.02675
   -0.00042
   -0.00835
   -0.03687
    0.04675
   -0.02763
   -0.00584
   -0.07515
    0.05719
    0.00455
   -0.05394
   -0.02543
    0.09113
    0.01117
   -0.04543
    0.00966
    0.02144
   -0.04286
    0.00094
    0.00708
    0.03931
    0.02062
   -0.02907
   -0.07741
    0.03064
   -0.00550
   -0.00818
    0.03758
   -0.02748
   -0.03341
   -0.04292
    0.02872
    0.02740
   -0.00302
   -0.02197
   -0.01760
    0.02650
   -0.02154
   -0.02588
   -0.01962
    0.04813
   -0.01804
    0.00188
   -0.04402
    0.05136
   -0.01244
   -0.03510
   -0.00307
    0.03178
   -0.01807
   -0.04035
    0.00001
    0.05040
   -0.02141
   -0.04125
   -0.04438
    0.09558
    0.02782
   -0.02470
   -0.07903
    0.10663
   -0.01544
   -0.05800
    0.01753
    0.04292
    0.02665
   -0.04839
   -0.06110
    0.08908
   -0.01601
   -0.02542
   -0.12174
    0.08031
    0.06368
   -0.08640
   -0.08812
    0.14000
    0.07165
   -0.03049
   -0.04724
    0.07106
    0.03568
   -0.07474
   -0.01744
    0.05188
    0.05560
   -0.08539
   -0.14811
    0.09506
    0.03155
   -0.08468
    0.02644
    0.07575
    0.01959
   -0.09885
    0.01334
    0.07190
    0.04225
   -0.08526
    0.04247
    0.00948
    0.00573
   -0.06844
   -0.08603
    0.09197
    0.07043
   -0.04817
   -0.07701
    0.07546
    0.03903
   -0.07405
    0.00459
    0.04661
    0.01785
   -0.02606
   -0.04891
    0.06969
    0.00019
   -0.01854
   -0.09482
    0.07222
    0.03332
   -0.03853
   -0.05745
    0.09921
    0.01416
   -0.04533
   -0.00877
    0.05047
    0.03745
   -0.02482
   -0.08261
    0.09572
    0.01136
    0.00272
   -0.21124
    0.10153
    0.04279
   -0.06173
   -0.07312
    0.15111
    0.04484
   -0.03483
   -0.03678
    0.06989
    0.04132
   -0.02649
   -0.07199
    0.06594
    0.04098
   -0.05367
   -0.17754
    0.09468
    0.01077
   -0.05428
   -0.01426
    0.07820
   -0.05759
    0.02938
   -0.07495
    0.14439
    0.02963
   -0.07339
   -0.01064
    0.05463
   -0.01299
   -0.01218
   -0.12017
    0.07546
    0.00492
   -0.00933
   -0.07623
    0.07887
    0.02046
   -0.06269
    0.00053
    0.04334
   -0.02387
   -0.01988
   -0.01187
    0.03861
   -0.02798
    0.01068
   -0.04462
    0.04435
   -0.01861
   -0.01379
   -0.00980
    0.04979
   -0.03084
   -0.02183
    0.00482
    0.03257
   -0.00875
    0.00527
   -0.03886
    0.04453
   -0.02937
    0.01054
   -0.11907
    0.06019
   -0.00189
   -0.04115
   -0.03240
    0.07791
    0.01803
   -0.04453
   -0.01376
    0.04805
   -0.00392
   -0.01406
   -0.02015
    0.03477
    0.01229
   -0.03098
   -0.10790
    0.05874
   -0.00862
   -0.03304
    0.00731
    0.05112
   -0.02904
   -0.02957
    0.00604
    0.04513
   -0.02351
   -0.02751
    0.00129
    0.03342
   -0.01104
   -0.00979
   -0.07855
    0.04449
   -0.01225
   -0.00508
   -0.04216
    0.05153
   -0.01444
   -0.02673
   -0.01030
    0.03927
   -0.01121
   -0.03859
   -0.02850
    0.06953
   -0.01435
    0.00272
   -0.08811
    0.07838
   -0.00954
   -0.00076
   -0.04715
    0.07632
   -0.00385
   -0.02328
   -0.01087
    0.03858
   -0.01089
   -0.00524
   -0.05308
    0.07114
   -0.02286
    0.04849
   -0.13741
    0.04828
    0.00729
   -0.04840
   -0.02042
    0.07805
    0.00082
   -0.03870
   -0.01707
    0.05676
   -0.00257
   -0.00832
   -0.02094
    0.03315
    0.03297
   -0.02798
   -0.14834
    0.06056
    0.05715
   -0.01227
    0.03807
   -0.10224
    0.01065
   -0.02864
   -0.00055
    0.03032
   -0.01259
   -0.02421
   -0.04627
    0.05912
   -0.00378
   -0.02505
   -0.13291
    0.08854
   -0.03142
    0.00970
   -0.06054
    0.05814
    0.00719
   -0.03009
   -0.02188
    0.04930
    0.00430
   -0.05922
   -0.03604
    0.08676
    0.01775
   -0.05997
   -0.10722
    0.10418
    0.04732
   -0.05561
   -0.06396
    0.11752
    0.01221
   -0.07261
    0.00546
    0.06485
    0.02568
   -0.02080
   -0.09209
    0.09901
   -0.02368
   -0.03520
   -0.17505
    0.11378
    0.03968
   -0.03736
   -0.08623
    0.13340
    0.01090
   -0.07409
   -0.01591
    0.08268
    0.06037
   -0.09272
   -0.05016
    0.08951
    0.11180
   -0.10164
   -0.20269
    0.10800
    0.05678
   -0.08790
    0.00958
    0.10300
    0.04004
   -0.13171
    0.02873
    0.08432
   -0.00796
   -0.07709
    0.01110
    0.07325
    0.01964
   -0.07246
   -0.13482
    0.10755
    0.07493
   -0.05066
   -0.07448
    0.08740
    0.06449
   -0.07843
   -0.01067
    0.07189
    0.02903
   -0.05077
   -0.07093
    0.09426
    0.02942
   -0.00382
   -0.17450
    0.09998
    0.04338
   -0.02878
   -0.08456
    0.11634
    0.04691
   -0.01359
   -0.07134
    0.11173
    0.08784
   -0.04085
   -0.14064
    0.12977
    0.02675
    0.04678
   -0.26028
    0.11501
    0.07801
   -0.08367
   -0.07498
    0.20179
    0.06530
   -0.03627
   -0.05727
    0.12551
    0.06085
   -0.03301
   -0.09891
    0.08741
    0.11594
   -0.09381
   -0.23061
    0.11561
    0.04567
   -0.05975
   -0.01722
    0.06550
    0.04983
   -0.00900
   -0.06135
    0.11839
    0.05318
   -0.07614
   -0.07118
    0.10356
    0.02235
   -0.05442
   -0.18863
    0.12970
    0.02813
   -0.02101
   -0.09653
    0.10659
    0.06710
   -0.06038
   -0.03013
    0.07251
   -0.02307
   -0.02944
   -0.01119
    0.05252
   -0.02517
    0.00499
   -0.13480
    0.08407
   -0.01345
   -0.00757
   -0.02646
    0.05609
    0.00212
   -0.00803
   -0.04924
    0.06043
   -0.00401
    0.00944
   -0.05754
    0.05796
   -0.04172
    0.03375
   -0.16676
    0.06647
    0.04303
   -0.04258
   -0.06908
    0.07590
    0.01041
   -0.02059
   -0.03294
    0.05839
   -0.01793
    0.00747
   -0.02870
    0.03808
    0.01248
   -0.00931
   -0.17376
    0.06876
   -0.01381
   -0.01693
   -0.01354
    0.05708
    0.00043
   -0.02296
   -0.01581
    0.05188
   -0.01682
   -0.00095
   -0.01311
    0.02230
   -0.00278
   -0.01835
   -0.09130
    0.04590
   -0.00780
    0.00938
   -0.07012
    0.05207
    0.01102
   -0.00148
   -0.04148
    0.05389
   -0.01807
   -0.03092
   -0.00304
    0.04174
   -0.00446
    0.01205
   -0.08640
    0.05513
   -0.02817
   -0.01120
   -0.03066
    0.09122
    0.00222
   -0.02243
   -0.00286
    0.01858
   -0.00956
   -0.01469
   -0.04116
    0.06353
   -0.01110
    0.00190
   -0.09272
    0.04776
   -0.02710
   -0.02893
   -0.05537
    0.11962
   -0.00611
   -0.05798
    0.01072
    0.03720
   -0.02448
   -0.02233
   -0.00037
    0.04407
    0.03230
   -0.03102
   -0.12158
    0.04890
   -0.02117
   -0.03502
    0.02484
    0.04629
   -0.00237
   -0.05304
    0.02189
    0.02595
    0.00710
   -0.04268
   -0.01295
    0.03333
    0.00610
   -0.03065
   -0.09144
    0.05355
   -0.04117
    0.00508
   -0.04422
    0.07054
   -0.00003
   -0.04971
   -0.00011
    0.03395
   -0.00542
   -0.05709
   -0.00728
    0.05866
   -0.00068
   -0.04825
   -0.09492
    0.10733
    0.05643
   -0.04983
   -0.09777
    0.15534
   -0.00284
   -0.07514
    0.01598
    0.04420
    0.02145
   -0.04863
   -0.06390
    0.09973
   -0.00338
   -0.02689
   -0.17000
    0.09158
    0.09092
   -0.11747
   -0.06548
    0.19605
    0.04542
   -0.08588
   -0.01420
    0.08438
    0.04071
   -0.09126
   -0.02631
    0.07371
    0.04697
   -0.06637
   -0.22003
    0.13425
    0.08673
   -0.15235
    0.06190
    0.14936
    0.04700
   -0.11091
    0.01634
    0.06547
    0.05598
   -0.06424
   -0.00240
    0.02387
    0.02420
   -0.08088
   -0.10371
    0.08640
    0.10153
   -0.07953
   -0.08003
    0.10646
    0.07228
   -0.10437
    0.01093
    0.05867
    0.02501
   -0.05523
   -0.04878
    0.08568
    0.01135
    0.00198
   -0.16168
    0.08945
    0.01265
   -0.01168
   -0.08140
    0.12103
    0.02850
   -0.02736
   -0.04696
    0.08622
    0.00162
   -0.02312
   -0.06236
    0.10081
    0.02681
    0.03109
   -0.25962
    0.11747
    0.03601
   -0.02776
   -0.12083
    0.16808
    0.06233
   -0.03342
   -0.04733
    0.08429
    0.02482
   -0.02756
   -0.07124
    0.07903
    0.04719
   -0.06069
   -0.17504
    0.09939
    0.00454
   -0.03647
   -0.05876
    0.09387
    0.01986
   -0.03583
   -0.03291
    0.07650
   -0.01459
   -0.06899
   -0.00186
    0.07540
    0.00412
   -0.03468
   -0.13396
    0.08362
   -0.04271
   -0.01548
   -0.06464
    0.12287
    0.02528
   -0.04635
   -0.01323
    0.04615
   -0.00111
    0.00235
   -0.05107
    0.04326
   -0.01272
   -0.00178
   -0.16862
    0.08327
    0.00402
    0.01078
   -0.07103
    0.05169
   -0.00929
    0.00142
   -0.04183
    0.05089
    0.00241
   -0.02139
   -0.04764
    0.06394
   -0.02876
   -0.00732
   -0.14920
    0.08039
    0.02827
   -0.06047
   -0.06720
    0.10683
    0.00946
   -0.03474
   -0.01690
    0.04619
   -0.00049
   -0.00625
   -0.05979
    0.06358
    0.01549
   -0.00868
   -0.20049
    0.07924
   -0.02258
   -0.02374
   -0.00827
    0.06734
   -0.01307
   -0.00703
   -0.02298
    0.04836
   -0.02772
   -0.02921
    0.00027
    0.04031
   -0.01529
   -0.03020
   -0.10040
    0.06656
    0.00354
   -0.00472
   -0.05409
    0.04761
    0.01014
   -0.02051
   -0.03874
    0.06154
   -0.01024
   -0.06294
   -0.00128
    0.04955
    0.00308
   -0.01029
   -0.05482
    0.04098
   -0.00217
   -0.03447
   -0.00128
    0.04622
   -0.02137
   -0.03266
    0.01905
    0.02115
   -0.02189
   -0.03252
   -0.02543
    0.07062
   -0.00130
    0.01566
   -0.06912
    0.01992
   -0.01310
   -0.04622
   -0.00669
    0.07365
   -0.05176
   -0.02513
    0.01572
    0.02499
    0.00336
   -0.02882
   -0.00715
    0.02450
    0.01705
   -0.04093
   -0.09060
    0.05010
    0.02159
   -0.01641
    0.00932
   -0.01999
   -0.03217
   -0.02795
    0.02430
    0.03078
    0.00179
   -0.02575
   -0.00604
    0.01764
   -0.02039
   -0.01364
   -0.07812
    0.06005
   -0.02665
   -0.00452
   -0.01765
    0.04550
   -0.02829
   -0.02499
    0.01457
    0.01822
    0.00103
   -0.05630
   -0.01190
    0.05701
    0.01093
   -0.06633
   -0.05349
    0.08341
    0.02791
   -0.05296
   -0.03834
    0.10821
    0.00326
   -0.08317
    0.01819
    0.06230
    0.04138
   -0.05218
   -0.08513
    0.10667
   -0.01833
   -0.03828
   -0.08945
    0.07428
    0.02410
   -0.06034
   -0.07282
    0.14164
    0.06347
   -0.10484
    0.01115
    0.05582
    0.03077
   -0.07365
   -0.01173
    0.04543
    0.06851
   -0.08835
   -0.16643
    0.09392
    0.02757
   -0.10002
    0.01870
    0.12088
    0.01793
   -0.11566
    0.03352
    0.07345
    0.04526
   -0.07330
    0.01943
    0.01687
    0.01775
   -0.06961
   -0.10677
    0.08240
    0.05471
   -0.04656
   -0.05416
    0.07354
    0.06636
   -0.09525
    0.01722
    0.04142
    0.03726
   -0.04859
   -0.04648
    0.06422
    0.00963
   -0.01982
   -0.08404
    0.05038
    0.03963
   -0.03633
   -0.04090
    0.06475
    0.02090
   -0.03103
   -0.02309
    0.06115
    0.02789
   -0.01891
   -0.10532
    0.10437
   -0.00713
   -0.00992
   -0.17459
    0.10203
    0.07641
   -0.09937
   -0.04705
    0.16675
    0.04313
   -0.02947
   -0.04187
    0.07973
    0.04320
   -0.04022
   -0.07176
    0.07465
    0.03765
   -0.04006
   -0.17965
    0.09700
    0.02855
   -0.06323
   -0.01853
    0.07784
    0.01028
   -0.00821
   -0.05095
    0.10328
   -0.01003
   -0.06385
   -0.01895
    0.08438
   -0.00681
   -0.03082
   -0.12606
    0.08153
    0.01769
   -0.01414
   -0.05471
    0.05527
    0.03156
   -0.03808
   -0.01858
    0.04636
   -0.03021
    0.00436
   -0.01215
    0.04026
   -0.02363
   -0.01104
   -0.06385
    0.05962
   -0.01679
    0.00389
   -0.01973
    0.03444
   -0.01907
   -0.00493
    0.00096
    0.01312
   -0.01136
   -0.00546
   -0.03598
    0.05645
   -0.03229
   -0.00621
   -0.08640
    0.05563
   -0.02373
   -0.03830
   -0.02101
    0.08396
    0.02184
   -0.03556
    0.00609
    0.01131
   -0.00249
   -0.00868
   -0.02893
    0.03816
    0.00125
   -0.03260
   -0.09008
    0.06140
   -0.01244
   -0.03083
   -0.00099
    0.06149
   -0.02659
   -0.01807
   -0.00414
    0.04186
   -0.02577
   -0.00797
   -0.01468
    0.03497
   -0.01564
   -0.00839
   -0.06827
    0.04190
   -0.01357
   -0.00154
   -0.03431
    0.04655
    0.00939
   -0.00954
   -0.00570
    0.01070
